"","SRA","SRS","SP","PROTOCOL","TISSUE","CELL","NGENES","TOTALCOUNT","MTCOUNT","MTRATIO","CT"
"AAACCTGAGAAACGCC","SRA526435","SRS1915196","Mus musculus","10x chromium","Cortex, hippocampus and subventricular zone","AAACCTGAGAAACGCC",2497,5459,46,0.00842645173108628,"Unknown"
"AAACCTGAGAAGCCCA","SRA526435","SRS1915196","Mus musculus","10x chromium","Cortex, hippocampus and subventricular zone","AAACCTGAGAAGCCCA",2554,5375,17,0.00316279069767442,"Unknown"
"AAACCTGAGATAGTCA","SRA526435","SRS1915196","Mus musculus","10x chromium","Cortex, hippocampus and subventricular zone","AAACCTGAGATAGTCA",943,1485,109,0.0734006734006734,"Unknown"
"AAACCTGAGATGTTAG","SRA526435","SRS1915196","Mus musculus","10x chromium","Cortex, hippocampus and subventricular zone","AAACCTGAGATGTTAG",2210,4938,48,0.00972053462940462,"Unknown"
"AAACCTGAGCTCTCGG","SRA526435","SRS1915196","Mus musculus","10x chromium","Cortex, hippocampus and subventricular zone","AAACCTGAGCTCTCGG",951,1347,17,0.0126206384558278,"Unknown"
"AAACCTGAGGATGGTC","SRA526435","SRS1915196","Mus musculus","10x chromium","Cortex, hippocampus and subventricular zone","AAACCTGAGGATGGTC",2356,5222,166,0.0317885867483723,"Unknown"
"AAACCTGAGGCCATAG","SRA526435","SRS1915196","Mus musculus","10x chromium","Cortex, hippocampus and subventricular zone","AAACCTGAGGCCATAG",3990,11859,100,0.00843241420018551,"Unknown"
"AAACCTGAGTGAAGAG","SRA526435","SRS1915196","Mus musculus","10x chromium","Cortex, hippocampus and subventricular zone","AAACCTGAGTGAAGAG",2458,5781,70,0.0121086317246151,"Unknown"
"AAACCTGCAACCGCCA","SRA526435","SRS1915196","Mus musculus","10x chromium","Cortex, hippocampus and subventricular zone","AAACCTGCAACCGCCA",1082,1803,24,0.0133111480865225,"Unknown"
"AAACCTGCAAGCGCTC","SRA526435","SRS1915196","Mus musculus","10x chromium","Cortex, hippocampus and subventricular zone","AAACCTGCAAGCGCTC",2776,6540,65,0.0099388379204893,"Unknown"
"AAACCTGCACGTAAGG","SRA526435","SRS1915196","Mus musculus","10x chromium","Cortex, hippocampus and subventricular zone","AAACCTGCACGTAAGG",1123,1809,43,0.0237700386954118,"Unknown"
"AAACCTGCACTAGTAC","SRA526435","SRS1915196","Mus musculus","10x chromium","Cortex, hippocampus and subventricular zone","AAACCTGCACTAGTAC",1609,2862,9,0.00314465408805031,"Unknown"
"AAACCTGCACTGTCGG","SRA526435","SRS1915196","Mus musculus","10x chromium","Cortex, hippocampus and subventricular zone","AAACCTGCACTGTCGG",1674,3098,42,0.013557133634603,"Unknown"
"AAACCTGCAGCCTATA","SRA526435","SRS1915196","Mus musculus","10x chromium","Cortex, hippocampus and subventricular zone","AAACCTGCAGCCTATA",1692,3159,35,0.0110794555239,"Unknown"
"AAACCTGCATAGGATA","SRA526435","SRS1915196","Mus musculus","10x chromium","Cortex, hippocampus and subventricular zone","AAACCTGCATAGGATA",1267,2064,73,0.0353682170542636,"Unknown"
"AAACCTGGTAACGTTC","SRA526435","SRS1915196","Mus musculus","10x chromium","Cortex, hippocampus and subventricular zone","AAACCTGGTAACGTTC",2840,6757,73,0.0108036110700015,"Unknown"
"AAACCTGGTCAATACC","SRA526435","SRS1915196","Mus musculus","10x chromium","Cortex, hippocampus and subventricular zone","AAACCTGGTCAATACC",2709,5832,71,0.0121742112482853,"Unknown"
"AAACCTGGTCGCATCG","SRA526435","SRS1915196","Mus musculus","10x chromium","Cortex, hippocampus and subventricular zone","AAACCTGGTCGCATCG",912,1482,87,0.0587044534412955,"Unknown"
"AAACCTGGTCTCTTTA","SRA526435","SRS1915196","Mus musculus","10x chromium","Cortex, hippocampus and subventricular zone","AAACCTGGTCTCTTTA",2939,7159,110,0.0153652744796759,"Unknown"
"AAACCTGGTGATGATA","SRA526435","SRS1915196","Mus musculus","10x chromium","Cortex, hippocampus and subventricular zone","AAACCTGGTGATGATA",2197,4344,56,0.0128913443830571,"Unknown"
"AAACCTGGTTAAGATG","SRA526435","SRS1915196","Mus musculus","10x chromium","Cortex, hippocampus and subventricular zone","AAACCTGGTTAAGATG",1821,3440,45,0.0130813953488372,"Unknown"
"AAACCTGGTTCTGTTT","SRA526435","SRS1915196","Mus musculus","10x chromium","Cortex, hippocampus and subventricular zone","AAACCTGGTTCTGTTT",1472,2709,37,0.0136581764488741,"Unknown"
"AAACCTGGTTGTGGCC","SRA526435","SRS1915196","Mus musculus","10x chromium","Cortex, hippocampus and subventricular zone","AAACCTGGTTGTGGCC",2140,4175,72,0.0172455089820359,"Unknown"
"AAACCTGTCACAAACC","SRA526435","SRS1915196","Mus musculus","10x chromium","Cortex, hippocampus and subventricular zone","AAACCTGTCACAAACC",2172,4509,76,0.0168551785318252,"Unknown"
"AAACCTGTCACCGTAA","SRA526435","SRS1915196","Mus musculus","10x chromium","Cortex, hippocampus and subventricular zone","AAACCTGTCACCGTAA",2489,5299,70,0.0132100396301189,"Unknown"
"AAACCTGTCACGAAGG","SRA526435","SRS1915196","Mus musculus","10x chromium","Cortex, hippocampus and subventricular zone","AAACCTGTCACGAAGG",2742,6402,83,0.0129646985317088,"Unknown"
"AAACCTGTCCTCTAGC","SRA526435","SRS1915196","Mus musculus","10x chromium","Cortex, hippocampus and subventricular zone","AAACCTGTCCTCTAGC",1337,2382,28,0.0117548278757347,"Unknown"
"AAACCTGTCGAGGTAG","SRA526435","SRS1915196","Mus musculus","10x chromium","Cortex, hippocampus and subventricular zone","AAACCTGTCGAGGTAG",2087,3866,76,0.0196585618210036,"Unknown"
"AAACCTGTCGCCAGCA","SRA526435","SRS1915196","Mus musculus","10x chromium","Cortex, hippocampus and subventricular zone","AAACCTGTCGCCAGCA",1540,3185,31,0.00973312401883831,"Unknown"
"AAACCTGTCGGCGCTA","SRA526435","SRS1915196","Mus musculus","10x chromium","Cortex, hippocampus and subventricular zone","AAACCTGTCGGCGCTA",2455,5652,65,0.0115003538570418,"Unknown"
"AAACGGGAGAAGGCCT","SRA526435","SRS1915196","Mus musculus","10x chromium","Cortex, hippocampus and subventricular zone","AAACGGGAGAAGGCCT",2475,5600,78,0.0139285714285714,"Unknown"
"AAACGGGAGAGTCGGT","SRA526435","SRS1915196","Mus musculus","10x chromium","Cortex, hippocampus and subventricular zone","AAACGGGAGAGTCGGT",2437,5410,63,0.011645101663586,"Unknown"
"AAACGGGAGCGCTCCA","SRA526435","SRS1915196","Mus musculus","10x chromium","Cortex, hippocampus and subventricular zone","AAACGGGAGCGCTCCA",2430,5258,46,0.00874857360213009,"Unknown"
"AAACGGGAGCTAACTC","SRA526435","SRS1915196","Mus musculus","10x chromium","Cortex, hippocampus and subventricular zone","AAACGGGAGCTAACTC",2990,7066,118,0.0166996886498726,"Unknown"
"AAACGGGAGGCGTACA","SRA526435","SRS1915196","Mus musculus","10x chromium","Cortex, hippocampus and subventricular zone","AAACGGGAGGCGTACA",1292,2243,35,0.0156041016495765,"Unknown"
"AAACGGGAGGGAACGG","SRA526435","SRS1915196","Mus musculus","10x chromium","Cortex, hippocampus and subventricular zone","AAACGGGAGGGAACGG",1523,2855,48,0.0168126094570928,"Unknown"
"AAACGGGAGTGGTAAT","SRA526435","SRS1915196","Mus musculus","10x chromium","Cortex, hippocampus and subventricular zone","AAACGGGAGTGGTAAT",1313,2319,85,0.0366537300560586,"Unknown"
"AAACGGGCACGGTTTA","SRA526435","SRS1915196","Mus musculus","10x chromium","Cortex, hippocampus and subventricular zone","AAACGGGCACGGTTTA",1758,3539,113,0.0319299237072619,"Unknown"
"AAACGGGCAGGCTGAA","SRA526435","SRS1915196","Mus musculus","10x chromium","Cortex, hippocampus and subventricular zone","AAACGGGCAGGCTGAA",2765,7591,98,0.0129100250296404,"Unknown"
"AAACGGGCATCTGGTA","SRA526435","SRS1915196","Mus musculus","10x chromium","Cortex, hippocampus and subventricular zone","AAACGGGCATCTGGTA",3066,7833,51,0.00651091535810034,"Unknown"
"AAACGGGCATGGATGG","SRA526435","SRS1915196","Mus musculus","10x chromium","Cortex, hippocampus and subventricular zone","AAACGGGCATGGATGG",981,1718,26,0.0151338766006985,"Unknown"
"AAACGGGGTAAACACA","SRA526435","SRS1915196","Mus musculus","10x chromium","Cortex, hippocampus and subventricular zone","AAACGGGGTAAACACA",1109,2094,40,0.0191021967526266,"Endothelial cells"
"AAACGGGGTAATTGGA","SRA526435","SRS1915196","Mus musculus","10x chromium","Cortex, hippocampus and subventricular zone","AAACGGGGTAATTGGA",1191,1972,20,0.0101419878296146,"Unknown"
"AAACGGGGTACCGGCT","SRA526435","SRS1915196","Mus musculus","10x chromium","Cortex, hippocampus and subventricular zone","AAACGGGGTACCGGCT",2195,4485,83,0.0185061315496098,"Unknown"
"AAACGGGGTAGGGTAC","SRA526435","SRS1915196","Mus musculus","10x chromium","Cortex, hippocampus and subventricular zone","AAACGGGGTAGGGTAC",1434,2547,50,0.0196309383588536,"Unknown"
"AAACGGGGTGATAAAC","SRA526435","SRS1915196","Mus musculus","10x chromium","Cortex, hippocampus and subventricular zone","AAACGGGGTGATAAAC",957,1809,38,0.0210060807075732,"Unknown"
"AAACGGGGTGCGAAAC","SRA526435","SRS1915196","Mus musculus","10x chromium","Cortex, hippocampus and subventricular zone","AAACGGGGTGCGAAAC",1662,3227,56,0.017353579175705,"Unknown"
"AAACGGGGTTATCGGT","SRA526435","SRS1915196","Mus musculus","10x chromium","Cortex, hippocampus and subventricular zone","AAACGGGGTTATCGGT",2891,6746,31,0.00459531574266232,"Unknown"
"AAACGGGGTTCAGCGC","SRA526435","SRS1915196","Mus musculus","10x chromium","Cortex, hippocampus and subventricular zone","AAACGGGGTTCAGCGC",2874,7391,94,0.0127181707482073,"Unknown"
"AAACGGGTCCCTTGTG","SRA526435","SRS1915196","Mus musculus","10x chromium","Cortex, hippocampus and subventricular zone","AAACGGGTCCCTTGTG",2987,7254,102,0.0140612076095947,"Cajal-Retzius cells"
"AAACGGGTCCGCGGTA","SRA526435","SRS1915196","Mus musculus","10x chromium","Cortex, hippocampus and subventricular zone","AAACGGGTCCGCGGTA",2242,5440,108,0.0198529411764706,"Endothelial cells"
"AAACGGGTCGAATGCT","SRA526435","SRS1915196","Mus musculus","10x chromium","Cortex, hippocampus and subventricular zone","AAACGGGTCGAATGCT",1594,2679,18,0.00671892497200448,"Unknown"
"AAACGGGTCTCCAACC","SRA526435","SRS1915196","Mus musculus","10x chromium","Cortex, hippocampus and subventricular zone","AAACGGGTCTCCAACC",3030,8073,158,0.0195714108757587,"Unknown"
"AAACGGGTCTCGATGA","SRA526435","SRS1915196","Mus musculus","10x chromium","Cortex, hippocampus and subventricular zone","AAACGGGTCTCGATGA",1614,2907,32,0.0110079119367045,"Unknown"
"AAAGATGAGATGGGTC","SRA526435","SRS1915196","Mus musculus","10x chromium","Cortex, hippocampus and subventricular zone","AAAGATGAGATGGGTC",4148,12169,175,0.0143808036814857,"Unknown"
"AAAGATGAGCGTGTCC","SRA526435","SRS1915196","Mus musculus","10x chromium","Cortex, hippocampus and subventricular zone","AAAGATGAGCGTGTCC",2202,4668,65,0.0139245929734362,"Unknown"
"AAAGATGAGCTAGTTC","SRA526435","SRS1915196","Mus musculus","10x chromium","Cortex, hippocampus and subventricular zone","AAAGATGAGCTAGTTC",2317,5275,39,0.00739336492890995,"Unknown"
"AAAGATGAGGGCTTGA","SRA526435","SRS1915196","Mus musculus","10x chromium","Cortex, hippocampus and subventricular zone","AAAGATGAGGGCTTGA",695,1083,0,0,"Unknown"
"AAAGATGAGTCCAGGA","SRA526435","SRS1915196","Mus musculus","10x chromium","Cortex, hippocampus and subventricular zone","AAAGATGAGTCCAGGA",1079,2036,58,0.0284872298624754,"Unknown"
"AAAGATGAGTGACTCT","SRA526435","SRS1915196","Mus musculus","10x chromium","Cortex, hippocampus and subventricular zone","AAAGATGAGTGACTCT",1465,2649,45,0.0169875424688562,"Unknown"
"AAAGATGAGTGGTAAT","SRA526435","SRS1915196","Mus musculus","10x chromium","Cortex, hippocampus and subventricular zone","AAAGATGAGTGGTAAT",1936,3587,45,0.012545302481182,"Unknown"
"AAAGATGCACACCGAC","SRA526435","SRS1915196","Mus musculus","10x chromium","Cortex, hippocampus and subventricular zone","AAAGATGCACACCGAC",1930,3814,49,0.0128474042999476,"Unknown"
"AAAGATGCACATTAGC","SRA526435","SRS1915196","Mus musculus","10x chromium","Cortex, hippocampus and subventricular zone","AAAGATGCACATTAGC",1359,2499,28,0.0112044817927171,"Unknown"
"AAAGATGCACGGCCAT","SRA526435","SRS1915196","Mus musculus","10x chromium","Cortex, hippocampus and subventricular zone","AAAGATGCACGGCCAT",1744,3296,35,0.010618932038835,"Unknown"
"AAAGATGCAGATCTGT","SRA526435","SRS1915196","Mus musculus","10x chromium","Cortex, hippocampus and subventricular zone","AAAGATGCAGATCTGT",1052,1766,46,0.0260475651189128,"Unknown"
"AAAGATGCAGCTCGAC","SRA526435","SRS1915196","Mus musculus","10x chromium","Cortex, hippocampus and subventricular zone","AAAGATGCAGCTCGAC",883,1249,32,0.0256204963971177,"Unknown"
"AAAGATGCAGGGTATG","SRA526435","SRS1915196","Mus musculus","10x chromium","Cortex, hippocampus and subventricular zone","AAAGATGCAGGGTATG",1327,2342,45,0.0192143467122118,"Unknown"
"AAAGATGCATATGCTG","SRA526435","SRS1915196","Mus musculus","10x chromium","Cortex, hippocampus and subventricular zone","AAAGATGCATATGCTG",2638,8697,192,0.0220765781303898,"Microglia"
"AAAGATGGTCCGAATT","SRA526435","SRS1915196","Mus musculus","10x chromium","Cortex, hippocampus and subventricular zone","AAAGATGGTCCGAATT",5131,16386,140,0.00854387892103015,"Unknown"
"AAAGATGTCACCCGAG","SRA526435","SRS1915196","Mus musculus","10x chromium","Cortex, hippocampus and subventricular zone","AAAGATGTCACCCGAG",984,1498,60,0.0400534045393858,"Unknown"
"AAAGATGTCATGTAGC","SRA526435","SRS1915196","Mus musculus","10x chromium","Cortex, hippocampus and subventricular zone","AAAGATGTCATGTAGC",1004,1595,35,0.0219435736677116,"Unknown"
"AAAGATGTCCCTTGTG","SRA526435","SRS1915196","Mus musculus","10x chromium","Cortex, hippocampus and subventricular zone","AAAGATGTCCCTTGTG",2506,5902,67,0.0113520840393087,"Unknown"
"AAAGATGTCCGCGCAA","SRA526435","SRS1915196","Mus musculus","10x chromium","Cortex, hippocampus and subventricular zone","AAAGATGTCCGCGCAA",1986,3635,48,0.0132049518569464,"Microglia"
"AAAGATGTCGAGGTAG","SRA526435","SRS1915196","Mus musculus","10x chromium","Cortex, hippocampus and subventricular zone","AAAGATGTCGAGGTAG",2658,5823,65,0.0111626309462476,"Unknown"
"AAAGATGTCTAAGCCA","SRA526435","SRS1915196","Mus musculus","10x chromium","Cortex, hippocampus and subventricular zone","AAAGATGTCTAAGCCA",2312,4900,59,0.0120408163265306,"Unknown"
"AAAGATGTCTCGATGA","SRA526435","SRS1915196","Mus musculus","10x chromium","Cortex, hippocampus and subventricular zone","AAAGATGTCTCGATGA",5011,16139,116,0.00718755808910094,"Unknown"
"AAAGATGTCTTGTACT","SRA526435","SRS1915196","Mus musculus","10x chromium","Cortex, hippocampus and subventricular zone","AAAGATGTCTTGTACT",921,1420,86,0.0605633802816901,"Unknown"
"AAAGCAAAGACTGGGT","SRA526435","SRS1915196","Mus musculus","10x chromium","Cortex, hippocampus and subventricular zone","AAAGCAAAGACTGGGT",4145,13057,99,0.0075821398483572,"Unknown"
"AAAGCAAAGCTACCGC","SRA526435","SRS1915196","Mus musculus","10x chromium","Cortex, hippocampus and subventricular zone","AAAGCAAAGCTACCGC",2416,4880,44,0.00901639344262295,"Unknown"
"AAAGCAAAGGAGCGAG","SRA526435","SRS1915196","Mus musculus","10x chromium","Cortex, hippocampus and subventricular zone","AAAGCAAAGGAGCGAG",1923,3791,35,0.00923239250857294,"Unknown"
"AAAGCAAAGGCGATAC","SRA526435","SRS1915196","Mus musculus","10x chromium","Cortex, hippocampus and subventricular zone","AAAGCAAAGGCGATAC",901,1181,39,0.0330228619813717,"Unknown"
"AAAGCAACAACGCACC","SRA526435","SRS1915196","Mus musculus","10x chromium","Cortex, hippocampus and subventricular zone","AAAGCAACAACGCACC",832,1320,19,0.0143939393939394,"Unknown"
"AAAGCAACACCCTATC","SRA526435","SRS1915196","Mus musculus","10x chromium","Cortex, hippocampus and subventricular zone","AAAGCAACACCCTATC",1231,1849,31,0.0167658193618172,"Unknown"
"AAAGCAACAGGTGCCT","SRA526435","SRS1915196","Mus musculus","10x chromium","Cortex, hippocampus and subventricular zone","AAAGCAACAGGTGCCT",1675,3247,46,0.0141669233138281,"Unknown"
"AAAGCAACATCAGTCA","SRA526435","SRS1915196","Mus musculus","10x chromium","Cortex, hippocampus and subventricular zone","AAAGCAACATCAGTCA",1502,2718,38,0.013980868285504,"Unknown"
"AAAGCAACATGACGGA","SRA526435","SRS1915196","Mus musculus","10x chromium","Cortex, hippocampus and subventricular zone","AAAGCAACATGACGGA",2758,5994,59,0.00984317650984318,"Unknown"
"AAAGCAACATGTAAGA","SRA526435","SRS1915196","Mus musculus","10x chromium","Cortex, hippocampus and subventricular zone","AAAGCAACATGTAAGA",2244,5304,49,0.00923831070889894,"Unknown"
"AAAGCAAGTAGAAAGG","SRA526435","SRS1915196","Mus musculus","10x chromium","Cortex, hippocampus and subventricular zone","AAAGCAAGTAGAAAGG",2440,5567,38,0.0068259385665529,"Unknown"
"AAAGCAAGTAGCGCAA","SRA526435","SRS1915196","Mus musculus","10x chromium","Cortex, hippocampus and subventricular zone","AAAGCAAGTAGCGCAA",2044,4248,49,0.0115348399246704,"Unknown"
"AAAGCAAGTCAGATAA","SRA526435","SRS1915196","Mus musculus","10x chromium","Cortex, hippocampus and subventricular zone","AAAGCAAGTCAGATAA",2168,4494,53,0.0117935024477081,"Unknown"
"AAAGCAAGTCCTCTTG","SRA526435","SRS1915196","Mus musculus","10x chromium","Cortex, hippocampus and subventricular zone","AAAGCAAGTCCTCTTG",1702,3484,69,0.019804822043628,"Unknown"
"AAAGCAAGTCTACCTC","SRA526435","SRS1915196","Mus musculus","10x chromium","Cortex, hippocampus and subventricular zone","AAAGCAAGTCTACCTC",1652,2801,39,0.0139235987147447,"Pericytes"
"AAAGCAAGTCTCTCTG","SRA526435","SRS1915196","Mus musculus","10x chromium","Cortex, hippocampus and subventricular zone","AAAGCAAGTCTCTCTG",2712,5367,67,0.0124836966648034,"Unknown"
"AAAGCAAGTCTGCGGT","SRA526435","SRS1915196","Mus musculus","10x chromium","Cortex, hippocampus and subventricular zone","AAAGCAAGTCTGCGGT",2786,6347,66,0.0103986135181976,"Unknown"
"AAAGCAAGTGCAGACA","SRA526435","SRS1915196","Mus musculus","10x chromium","Cortex, hippocampus and subventricular zone","AAAGCAAGTGCAGACA",2940,7152,100,0.0139821029082774,"Unknown"
"AAAGCAAGTGGTACAG","SRA526435","SRS1915196","Mus musculus","10x chromium","Cortex, hippocampus and subventricular zone","AAAGCAAGTGGTACAG",1695,3226,79,0.0244885306881587,"Unknown"
"AAAGCAAGTGTTGAGG","SRA526435","SRS1915196","Mus musculus","10x chromium","Cortex, hippocampus and subventricular zone","AAAGCAAGTGTTGAGG",2227,4790,54,0.0112734864300626,"Unknown"
"AAAGCAAGTTGTTTGG","SRA526435","SRS1915196","Mus musculus","10x chromium","Cortex, hippocampus and subventricular zone","AAAGCAAGTTGTTTGG",3893,10982,199,0.0181205609178656,"Unknown"
"AAAGCAATCAGCGACC","SRA526435","SRS1915196","Mus musculus","10x chromium","Cortex, hippocampus and subventricular zone","AAAGCAATCAGCGACC",1964,3683,46,0.0124898180830844,"Unknown"
"AAAGCAATCCTGCTTG","SRA526435","SRS1915196","Mus musculus","10x chromium","Cortex, hippocampus and subventricular zone","AAAGCAATCCTGCTTG",2302,4987,52,0.0104271104872669,"Unknown"
"AAAGCAATCGCAAGCC","SRA526435","SRS1915196","Mus musculus","10x chromium","Cortex, hippocampus and subventricular zone","AAAGCAATCGCAAGCC",856,1047,14,0.0133715377268386,"Unknown"
"AAAGCAATCGCGATCG","SRA526435","SRS1915196","Mus musculus","10x chromium","Cortex, hippocampus and subventricular zone","AAAGCAATCGCGATCG",1821,3297,42,0.0127388535031847,"Unknown"
"AAAGTAGAGAGTAATC","SRA526435","SRS1915196","Mus musculus","10x chromium","Cortex, hippocampus and subventricular zone","AAAGTAGAGAGTAATC",1075,1428,24,0.0168067226890756,"Unknown"
"AAAGTAGAGCAGATCG","SRA526435","SRS1915196","Mus musculus","10x chromium","Cortex, hippocampus and subventricular zone","AAAGTAGAGCAGATCG",1806,3716,35,0.00941872981700754,"Unknown"
"AAAGTAGAGCTCCTCT","SRA526435","SRS1915196","Mus musculus","10x chromium","Cortex, hippocampus and subventricular zone","AAAGTAGAGCTCCTCT",2392,5080,30,0.00590551181102362,"Unknown"
"AAAGTAGAGCTGAACG","SRA526435","SRS1915196","Mus musculus","10x chromium","Cortex, hippocampus and subventricular zone","AAAGTAGAGCTGAACG",1425,2559,49,0.0191481047284095,"Unknown"
"AAAGTAGAGGAACTGC","SRA526435","SRS1915196","Mus musculus","10x chromium","Cortex, hippocampus and subventricular zone","AAAGTAGAGGAACTGC",2209,4610,25,0.00542299349240781,"Unknown"
"AAAGTAGCAAGAGTCG","SRA526435","SRS1915196","Mus musculus","10x chromium","Cortex, hippocampus and subventricular zone","AAAGTAGCAAGAGTCG",1786,3175,39,0.0122834645669291,"Unknown"
"AAAGTAGCAATGGACG","SRA526435","SRS1915196","Mus musculus","10x chromium","Cortex, hippocampus and subventricular zone","AAAGTAGCAATGGACG",1464,2666,60,0.0225056264066016,"Unknown"
"AAAGTAGCACTAGTAC","SRA526435","SRS1915196","Mus musculus","10x chromium","Cortex, hippocampus and subventricular zone","AAAGTAGCACTAGTAC",2087,4005,48,0.0119850187265918,"Unknown"
"AAAGTAGCACTGTCGG","SRA526435","SRS1915196","Mus musculus","10x chromium","Cortex, hippocampus and subventricular zone","AAAGTAGCACTGTCGG",2150,4624,53,0.011461937716263,"Unknown"
"AAAGTAGCAGACGCAA","SRA526435","SRS1915196","Mus musculus","10x chromium","Cortex, hippocampus and subventricular zone","AAAGTAGCAGACGCAA",1325,2105,7,0.00332541567695962,"Unknown"
"AAAGTAGCATACAGCT","SRA526435","SRS1915196","Mus musculus","10x chromium","Cortex, hippocampus and subventricular zone","AAAGTAGCATACAGCT",2144,4637,51,0.010998490403278,"Unknown"
"AAAGTAGCATGAAGTA","SRA526435","SRS1915196","Mus musculus","10x chromium","Cortex, hippocampus and subventricular zone","AAAGTAGCATGAAGTA",2092,4446,79,0.0177687809266757,"Unknown"
"AAAGTAGCATGACATC","SRA526435","SRS1915196","Mus musculus","10x chromium","Cortex, hippocampus and subventricular zone","AAAGTAGCATGACATC",2584,5741,61,0.0106253265981536,"Unknown"
"AAAGTAGGTAAGTGTA","SRA526435","SRS1915196","Mus musculus","10x chromium","Cortex, hippocampus and subventricular zone","AAAGTAGGTAAGTGTA",1904,3852,46,0.0119418483904465,"Unknown"
"AAAGTAGGTAGAAAGG","SRA526435","SRS1915196","Mus musculus","10x chromium","Cortex, hippocampus and subventricular zone","AAAGTAGGTAGAAAGG",1326,2405,47,0.0195426195426195,"Unknown"
"AAAGTAGGTCCGTCAG","SRA526435","SRS1915196","Mus musculus","10x chromium","Cortex, hippocampus and subventricular zone","AAAGTAGGTCCGTCAG",1295,2088,38,0.0181992337164751,"Unknown"
"AAAGTAGGTCTGCGGT","SRA526435","SRS1915196","Mus musculus","10x chromium","Cortex, hippocampus and subventricular zone","AAAGTAGGTCTGCGGT",129,4475,3,0.000670391061452514,"Erythroid-like and erythroid precursor cells"
"AAAGTAGGTGCCTGGT","SRA526435","SRS1915196","Mus musculus","10x chromium","Cortex, hippocampus and subventricular zone","AAAGTAGGTGCCTGGT",835,1244,72,0.0578778135048231,"Unknown"
"AAAGTAGGTTCCACTC","SRA526435","SRS1915196","Mus musculus","10x chromium","Cortex, hippocampus and subventricular zone","AAAGTAGGTTCCACTC",2014,3751,44,0.0117302052785924,"Unknown"
"AAAGTAGGTTCGGCAC","SRA526435","SRS1915196","Mus musculus","10x chromium","Cortex, hippocampus and subventricular zone","AAAGTAGGTTCGGCAC",2707,5828,82,0.014070006863418,"Unknown"
"AAAGTAGGTTGCGCAC","SRA526435","SRS1915196","Mus musculus","10x chromium","Cortex, hippocampus and subventricular zone","AAAGTAGGTTGCGCAC",1629,3162,61,0.019291587602783,"Unknown"
"AAAGTAGTCATCACCC","SRA526435","SRS1915196","Mus musculus","10x chromium","Cortex, hippocampus and subventricular zone","AAAGTAGTCATCACCC",4181,15822,116,0.00733156364555682,"Unknown"
"AAAGTAGTCATCTGTT","SRA526435","SRS1915196","Mus musculus","10x chromium","Cortex, hippocampus and subventricular zone","AAAGTAGTCATCTGTT",1926,3736,60,0.0160599571734475,"Unknown"
"AAAGTAGTCCATGCTC","SRA526435","SRS1915196","Mus musculus","10x chromium","Cortex, hippocampus and subventricular zone","AAAGTAGTCCATGCTC",2797,6440,60,0.0093167701863354,"Unknown"
"AAAGTAGTCCCTTGTG","SRA526435","SRS1915196","Mus musculus","10x chromium","Cortex, hippocampus and subventricular zone","AAAGTAGTCCCTTGTG",1523,2488,21,0.00844051446945338,"Unknown"
"AAAGTAGTCCGCATCT","SRA526435","SRS1915196","Mus musculus","10x chromium","Cortex, hippocampus and subventricular zone","AAAGTAGTCCGCATCT",2706,7007,88,0.0125588697017268,"Unknown"
"AAAGTAGTCCGCGCAA","SRA526435","SRS1915196","Mus musculus","10x chromium","Cortex, hippocampus and subventricular zone","AAAGTAGTCCGCGCAA",1231,2628,45,0.0171232876712329,"Unknown"
"AAAGTAGTCGCAAACT","SRA526435","SRS1915196","Mus musculus","10x chromium","Cortex, hippocampus and subventricular zone","AAAGTAGTCGCAAACT",3048,7410,82,0.0110661268556005,"Unknown"
"AAATGCCAGACACGAC","SRA526435","SRS1915196","Mus musculus","10x chromium","Cortex, hippocampus and subventricular zone","AAATGCCAGACACGAC",2067,4271,73,0.0170920159213299,"Unknown"
"AAATGCCAGACTAGGC","SRA526435","SRS1915196","Mus musculus","10x chromium","Cortex, hippocampus and subventricular zone","AAATGCCAGACTAGGC",2621,5692,85,0.0149332396345748,"Unknown"
"AAATGCCAGATGCCTT","SRA526435","SRS1915196","Mus musculus","10x chromium","Cortex, hippocampus and subventricular zone","AAATGCCAGATGCCTT",2804,6794,66,0.00971445392993818,"Unknown"
"AAATGCCAGTGCTGCC","SRA526435","SRS1915196","Mus musculus","10x chromium","Cortex, hippocampus and subventricular zone","AAATGCCAGTGCTGCC",2011,3997,59,0.0147610708031023,"Unknown"
"AAATGCCCAAATACAG","SRA526435","SRS1915196","Mus musculus","10x chromium","Cortex, hippocampus and subventricular zone","AAATGCCCAAATACAG",1844,3601,46,0.0127742293807276,"Unknown"
"AAATGCCCAATAAGCA","SRA526435","SRS1915196","Mus musculus","10x chromium","Cortex, hippocampus and subventricular zone","AAATGCCCAATAAGCA",1349,2442,34,0.0139230139230139,"Unknown"
"AAATGCCCAATGACCT","SRA526435","SRS1915196","Mus musculus","10x chromium","Cortex, hippocampus and subventricular zone","AAATGCCCAATGACCT",173,4101,16,0.0039014874420873,"Erythroid-like and erythroid precursor cells"
"AAATGCCCACGTAAGG","SRA526435","SRS1915196","Mus musculus","10x chromium","Cortex, hippocampus and subventricular zone","AAATGCCCACGTAAGG",2346,4553,32,0.00702833296727432,"Unknown"
"AAATGCCCACTTAACG","SRA526435","SRS1915196","Mus musculus","10x chromium","Cortex, hippocampus and subventricular zone","AAATGCCCACTTAACG",3642,9804,135,0.0137698898408813,"Unknown"
"AAATGCCCATCACAAC","SRA526435","SRS1915196","Mus musculus","10x chromium","Cortex, hippocampus and subventricular zone","AAATGCCCATCACAAC",1914,3824,33,0.00862970711297071,"Unknown"
"AAATGCCGTATGAAAC","SRA526435","SRS1915196","Mus musculus","10x chromium","Cortex, hippocampus and subventricular zone","AAATGCCGTATGAAAC",2947,6466,58,0.00896999690689762,"Unknown"
"AAATGCCGTCAATGTC","SRA526435","SRS1915196","Mus musculus","10x chromium","Cortex, hippocampus and subventricular zone","AAATGCCGTCAATGTC",1786,3711,66,0.0177849636216653,"Unknown"
"AAATGCCGTCAGTGGA","SRA526435","SRS1915196","Mus musculus","10x chromium","Cortex, hippocampus and subventricular zone","AAATGCCGTCAGTGGA",2555,5579,60,0.0107546155224951,"Unknown"
"AAATGCCGTCGACTAT","SRA526435","SRS1915196","Mus musculus","10x chromium","Cortex, hippocampus and subventricular zone","AAATGCCGTCGACTAT",2020,4016,36,0.00896414342629482,"Unknown"
"AAATGCCGTGATAAGT","SRA526435","SRS1915196","Mus musculus","10x chromium","Cortex, hippocampus and subventricular zone","AAATGCCGTGATAAGT",1895,3664,41,0.0111899563318777,"Unknown"
"AAATGCCGTGCTTCTC","SRA526435","SRS1915196","Mus musculus","10x chromium","Cortex, hippocampus and subventricular zone","AAATGCCGTGCTTCTC",111,2858,1,0.000349895031490553,"Erythroid-like and erythroid precursor cells"
"AAATGCCGTGTCCTCT","SRA526435","SRS1915196","Mus musculus","10x chromium","Cortex, hippocampus and subventricular zone","AAATGCCGTGTCCTCT",3157,7626,77,0.0100970364542355,"Unknown"
"AAATGCCTCCAAACTG","SRA526435","SRS1915196","Mus musculus","10x chromium","Cortex, hippocampus and subventricular zone","AAATGCCTCCAAACTG",1195,1838,26,0.014145810663765,"Pericytes"
"AAATGCCTCCAGAGGA","SRA526435","SRS1915196","Mus musculus","10x chromium","Cortex, hippocampus and subventricular zone","AAATGCCTCCAGAGGA",3436,8898,31,0.00348392897280288,"Unknown"
"AAATGCCTCCGCAAGC","SRA526435","SRS1915196","Mus musculus","10x chromium","Cortex, hippocampus and subventricular zone","AAATGCCTCCGCAAGC",1194,2271,49,0.0215763980625275,"Unknown"
"AAATGCCTCCTGTACC","SRA526435","SRS1915196","Mus musculus","10x chromium","Cortex, hippocampus and subventricular zone","AAATGCCTCCTGTACC",1512,2738,34,0.012417823228634,"Unknown"
"AAATGCCTCGCAGGCT","SRA526435","SRS1915196","Mus musculus","10x chromium","Cortex, hippocampus and subventricular zone","AAATGCCTCGCAGGCT",2870,6646,90,0.0135419801384291,"Unknown"
"AAATGCCTCTCTGCTG","SRA526435","SRS1915196","Mus musculus","10x chromium","Cortex, hippocampus and subventricular zone","AAATGCCTCTCTGCTG",2335,4875,47,0.00964102564102564,"Unknown"
"AACACGTAGACAAGCC","SRA526435","SRS1915196","Mus musculus","10x chromium","Cortex, hippocampus and subventricular zone","AACACGTAGACAAGCC",1716,3388,56,0.0165289256198347,"Unknown"
"AACACGTAGAGGTAGA","SRA526435","SRS1915196","Mus musculus","10x chromium","Cortex, hippocampus and subventricular zone","AACACGTAGAGGTAGA",2577,5822,61,0.0104774991411886,"Unknown"
"AACACGTAGCTAGTTC","SRA526435","SRS1915196","Mus musculus","10x chromium","Cortex, hippocampus and subventricular zone","AACACGTAGCTAGTTC",3017,7396,59,0.00797728501892915,"Unknown"
"AACACGTAGGCCGAAT","SRA526435","SRS1915196","Mus musculus","10x chromium","Cortex, hippocampus and subventricular zone","AACACGTAGGCCGAAT",3762,10215,118,0.0115516397454723,"Unknown"
"AACACGTAGTGCCAGA","SRA526435","SRS1915196","Mus musculus","10x chromium","Cortex, hippocampus and subventricular zone","AACACGTAGTGCCAGA",222,3387,4,0.00118098612341305,"Erythroid-like and erythroid precursor cells"
"AACACGTCAAGTCTAC","SRA526435","SRS1915196","Mus musculus","10x chromium","Cortex, hippocampus and subventricular zone","AACACGTCAAGTCTAC",1984,3785,37,0.00977542932628798,"Unknown"
"AACACGTCAATGTAAG","SRA526435","SRS1915196","Mus musculus","10x chromium","Cortex, hippocampus and subventricular zone","AACACGTCAATGTAAG",2424,5207,69,0.0132513923564432,"Unknown"
"AACACGTCACAGGAGT","SRA526435","SRS1915196","Mus musculus","10x chromium","Cortex, hippocampus and subventricular zone","AACACGTCACAGGAGT",2971,7478,88,0.011767852366943,"Unknown"
"AACACGTCAGACGCTC","SRA526435","SRS1915196","Mus musculus","10x chromium","Cortex, hippocampus and subventricular zone","AACACGTCAGACGCTC",2021,3855,65,0.0168612191958495,"Unknown"
"AACACGTCATATACCG","SRA526435","SRS1915196","Mus musculus","10x chromium","Cortex, hippocampus and subventricular zone","AACACGTCATATACCG",1296,2094,10,0.00477554918815664,"Unknown"
"AACACGTCATATGCTG","SRA526435","SRS1915196","Mus musculus","10x chromium","Cortex, hippocampus and subventricular zone","AACACGTCATATGCTG",1021,1522,65,0.0427069645203679,"Unknown"
"AACACGTGTACATCCA","SRA526435","SRS1915196","Mus musculus","10x chromium","Cortex, hippocampus and subventricular zone","AACACGTGTACATCCA",1687,3033,43,0.0141773821299044,"Unknown"
"AACACGTGTGAGTGAC","SRA526435","SRS1915196","Mus musculus","10x chromium","Cortex, hippocampus and subventricular zone","AACACGTGTGAGTGAC",2109,4387,49,0.0111693640300889,"Unknown"
"AACACGTGTGATAAGT","SRA526435","SRS1915196","Mus musculus","10x chromium","Cortex, hippocampus and subventricular zone","AACACGTGTGATAAGT",1533,2915,38,0.0130360205831904,"Unknown"
"AACACGTGTTAAAGAC","SRA526435","SRS1915196","Mus musculus","10x chromium","Cortex, hippocampus and subventricular zone","AACACGTGTTAAAGAC",3769,11003,94,0.00854312460238117,"Unknown"
"AACCATGAGAAGGGTA","SRA526435","SRS1915196","Mus musculus","10x chromium","Cortex, hippocampus and subventricular zone","AACCATGAGAAGGGTA",2185,4641,40,0.00861883214824391,"Unknown"
"AACCATGAGAATAGGG","SRA526435","SRS1915196","Mus musculus","10x chromium","Cortex, hippocampus and subventricular zone","AACCATGAGAATAGGG",1972,3866,46,0.0118986032074496,"Unknown"
"AACCATGAGAGACTAT","SRA526435","SRS1915196","Mus musculus","10x chromium","Cortex, hippocampus and subventricular zone","AACCATGAGAGACTAT",2417,5557,77,0.0138563973366925,"Unknown"
"AACCATGAGATGTTAG","SRA526435","SRS1915196","Mus musculus","10x chromium","Cortex, hippocampus and subventricular zone","AACCATGAGATGTTAG",2678,6669,44,0.00659769080821712,"Unknown"
"AACCATGAGCACAGGT","SRA526435","SRS1915196","Mus musculus","10x chromium","Cortex, hippocampus and subventricular zone","AACCATGAGCACAGGT",1410,2289,30,0.0131061598951507,"Unknown"
"AACCATGAGCGCTTAT","SRA526435","SRS1915196","Mus musculus","10x chromium","Cortex, hippocampus and subventricular zone","AACCATGAGCGCTTAT",2332,4747,96,0.0202232989256372,"Unknown"
"AACCATGAGCTAAGAT","SRA526435","SRS1915196","Mus musculus","10x chromium","Cortex, hippocampus and subventricular zone","AACCATGAGCTAAGAT",1771,5621,52,0.00925102294965309,"Erythroid-like and erythroid precursor cells"
"AACCATGAGCTACCGC","SRA526435","SRS1915196","Mus musculus","10x chromium","Cortex, hippocampus and subventricular zone","AACCATGAGCTACCGC",2370,5077,75,0.0147725034469175,"Unknown"
"AACCATGAGTCTCGGC","SRA526435","SRS1915196","Mus musculus","10x chromium","Cortex, hippocampus and subventricular zone","AACCATGAGTCTCGGC",2330,5096,71,0.0139324960753532,"Unknown"
"AACCATGCAAACTGCT","SRA526435","SRS1915196","Mus musculus","10x chromium","Cortex, hippocampus and subventricular zone","AACCATGCAAACTGCT",3609,9198,93,0.0101108936725375,"Unknown"
"AACCATGCACTACAGT","SRA526435","SRS1915196","Mus musculus","10x chromium","Cortex, hippocampus and subventricular zone","AACCATGCACTACAGT",2129,4339,47,0.0108319889375432,"Unknown"
"AACCATGCACTGTCGG","SRA526435","SRS1915196","Mus musculus","10x chromium","Cortex, hippocampus and subventricular zone","AACCATGCACTGTCGG",2206,4754,65,0.013672696676483,"Unknown"
"AACCATGCATCGGGTC","SRA526435","SRS1915196","Mus musculus","10x chromium","Cortex, hippocampus and subventricular zone","AACCATGCATCGGGTC",1604,2907,54,0.0185758513931889,"Unknown"
"AACCATGCATGCGCAC","SRA526435","SRS1915196","Mus musculus","10x chromium","Cortex, hippocampus and subventricular zone","AACCATGCATGCGCAC",2702,5788,53,0.00915687629578438,"Unknown"
"AACCATGGTCCAAGTT","SRA526435","SRS1915196","Mus musculus","10x chromium","Cortex, hippocampus and subventricular zone","AACCATGGTCCAAGTT",4291,15080,96,0.00636604774535809,"Unknown"
"AACCATGGTCTGCAAT","SRA526435","SRS1915196","Mus musculus","10x chromium","Cortex, hippocampus and subventricular zone","AACCATGGTCTGCAAT",1783,3399,53,0.0155928214180641,"Unknown"
"AACCATGTCAAACCAC","SRA526435","SRS1915196","Mus musculus","10x chromium","Cortex, hippocampus and subventricular zone","AACCATGTCAAACCAC",1832,3238,55,0.0169857936998147,"Unknown"
"AACCATGTCATGCATG","SRA526435","SRS1915196","Mus musculus","10x chromium","Cortex, hippocampus and subventricular zone","AACCATGTCATGCATG",2911,6722,85,0.012645046117227,"Unknown"
"AACCATGTCTCGTATT","SRA526435","SRS1915196","Mus musculus","10x chromium","Cortex, hippocampus and subventricular zone","AACCATGTCTCGTATT",2608,6065,47,0.00774938169826875,"Unknown"
"AACCATGTCTTGTACT","SRA526435","SRS1915196","Mus musculus","10x chromium","Cortex, hippocampus and subventricular zone","AACCATGTCTTGTACT",1489,2681,28,0.010443864229765,"Unknown"
"AACCGCGAGAGCTTCT","SRA526435","SRS1915196","Mus musculus","10x chromium","Cortex, hippocampus and subventricular zone","AACCGCGAGAGCTTCT",2422,5219,109,0.0208852270549914,"Unknown"
"AACCGCGAGATGCCAG","SRA526435","SRS1915196","Mus musculus","10x chromium","Cortex, hippocampus and subventricular zone","AACCGCGAGATGCCAG",3003,6902,83,0.0120254998551145,"Unknown"
"AACCGCGAGCGATCCC","SRA526435","SRS1915196","Mus musculus","10x chromium","Cortex, hippocampus and subventricular zone","AACCGCGAGCGATCCC",548,1497,30,0.0200400801603206,"Unknown"
"AACCGCGAGTGTCTCA","SRA526435","SRS1915196","Mus musculus","10x chromium","Cortex, hippocampus and subventricular zone","AACCGCGAGTGTCTCA",2850,6962,186,0.0267164607871301,"Unknown"
"AACCGCGCACAGATTC","SRA526435","SRS1915196","Mus musculus","10x chromium","Cortex, hippocampus and subventricular zone","AACCGCGCACAGATTC",1368,2361,43,0.0182126217704363,"Unknown"
"AACCGCGCAGCCAATT","SRA526435","SRS1915196","Mus musculus","10x chromium","Cortex, hippocampus and subventricular zone","AACCGCGCAGCCAATT",1667,2821,47,0.0166607585962425,"Unknown"
"AACCGCGCATCACGAT","SRA526435","SRS1915196","Mus musculus","10x chromium","Cortex, hippocampus and subventricular zone","AACCGCGCATCACGAT",2076,4090,64,0.0156479217603912,"Unknown"
"AACCGCGCATGAGCGA","SRA526435","SRS1915196","Mus musculus","10x chromium","Cortex, hippocampus and subventricular zone","AACCGCGCATGAGCGA",2418,5387,53,0.00983850009281604,"Unknown"
"AACCGCGGTAAGTGTA","SRA526435","SRS1915196","Mus musculus","10x chromium","Cortex, hippocampus and subventricular zone","AACCGCGGTAAGTGTA",4555,16264,222,0.0136497786522381,"Endothelial cells"
"AACCGCGGTCACAAGG","SRA526435","SRS1915196","Mus musculus","10x chromium","Cortex, hippocampus and subventricular zone","AACCGCGGTCACAAGG",2275,4807,55,0.011441647597254,"Unknown"
"AACCGCGGTCATGCCG","SRA526435","SRS1915196","Mus musculus","10x chromium","Cortex, hippocampus and subventricular zone","AACCGCGGTCATGCCG",2380,5034,50,0.00993245927691696,"Unknown"
"AACCGCGGTCCTAGCG","SRA526435","SRS1915196","Mus musculus","10x chromium","Cortex, hippocampus and subventricular zone","AACCGCGGTCCTAGCG",2433,5570,70,0.0125673249551167,"Unknown"
"AACCGCGGTCTCCCTA","SRA526435","SRS1915196","Mus musculus","10x chromium","Cortex, hippocampus and subventricular zone","AACCGCGGTCTCCCTA",2783,6184,41,0.00663001293661061,"Unknown"
"AACCGCGGTCTCTCTG","SRA526435","SRS1915196","Mus musculus","10x chromium","Cortex, hippocampus and subventricular zone","AACCGCGGTCTCTCTG",1518,2760,60,0.0217391304347826,"Unknown"
"AACCGCGGTCTGCAAT","SRA526435","SRS1915196","Mus musculus","10x chromium","Cortex, hippocampus and subventricular zone","AACCGCGGTCTGCAAT",3100,7741,141,0.0182147009430306,"Unknown"
"AACCGCGGTCTGCCAG","SRA526435","SRS1915196","Mus musculus","10x chromium","Cortex, hippocampus and subventricular zone","AACCGCGGTCTGCCAG",1848,3753,35,0.00932587263522515,"Unknown"
"AACCGCGGTTAGATGA","SRA526435","SRS1915196","Mus musculus","10x chromium","Cortex, hippocampus and subventricular zone","AACCGCGGTTAGATGA",1044,1633,13,0.00796080832823025,"Unknown"
"AACCGCGTCAAACGGG","SRA526435","SRS1915196","Mus musculus","10x chromium","Cortex, hippocampus and subventricular zone","AACCGCGTCAAACGGG",1455,2380,75,0.0315126050420168,"Unknown"
"AACCGCGTCACCCGAG","SRA526435","SRS1915196","Mus musculus","10x chromium","Cortex, hippocampus and subventricular zone","AACCGCGTCACCCGAG",3070,11086,140,0.0126285405015335,"Endothelial cells"
"AACCGCGTCGCCATAA","SRA526435","SRS1915196","Mus musculus","10x chromium","Cortex, hippocampus and subventricular zone","AACCGCGTCGCCATAA",2144,4641,59,0.0127127774186598,"Unknown"
"AACCGCGTCTTGTCAT","SRA526435","SRS1915196","Mus musculus","10x chromium","Cortex, hippocampus and subventricular zone","AACCGCGTCTTGTCAT",2099,4106,51,0.0124208475401851,"Unknown"
"AACGTTGAGATCCTGT","SRA526435","SRS1915196","Mus musculus","10x chromium","Cortex, hippocampus and subventricular zone","AACGTTGAGATCCTGT",2244,5282,78,0.0147671336614919,"Unknown"
"AACGTTGAGGTGTGGT","SRA526435","SRS1915196","Mus musculus","10x chromium","Cortex, hippocampus and subventricular zone","AACGTTGAGGTGTGGT",2356,5005,37,0.00739260739260739,"Unknown"
"AACGTTGAGTGACATA","SRA526435","SRS1915196","Mus musculus","10x chromium","Cortex, hippocampus and subventricular zone","AACGTTGAGTGACATA",2177,4374,57,0.0130315500685871,"Unknown"
"AACGTTGAGTGTCCAT","SRA526435","SRS1915196","Mus musculus","10x chromium","Cortex, hippocampus and subventricular zone","AACGTTGAGTGTCCAT",2721,6068,86,0.0141727092946605,"Unknown"
"AACGTTGCACCAGGCT","SRA526435","SRS1915196","Mus musculus","10x chromium","Cortex, hippocampus and subventricular zone","AACGTTGCACCAGGCT",2380,4944,67,0.0135517799352751,"Unknown"
"AACGTTGCACGAAGCA","SRA526435","SRS1915196","Mus musculus","10x chromium","Cortex, hippocampus and subventricular zone","AACGTTGCACGAAGCA",5450,21197,204,0.00962400339670708,"Unknown"
"AACGTTGCAGACTCGC","SRA526435","SRS1915196","Mus musculus","10x chromium","Cortex, hippocampus and subventricular zone","AACGTTGCAGACTCGC",3087,7305,95,0.0130047912388775,"Unknown"
"AACGTTGGTAAACCTC","SRA526435","SRS1915196","Mus musculus","10x chromium","Cortex, hippocampus and subventricular zone","AACGTTGGTAAACCTC",2319,5227,67,0.0128180600726994,"Unknown"
"AACGTTGGTAAATACG","SRA526435","SRS1915196","Mus musculus","10x chromium","Cortex, hippocampus and subventricular zone","AACGTTGGTAAATACG",2012,4132,58,0.0140367860600194,"Unknown"
"AACGTTGGTGGCAAAC","SRA526435","SRS1915196","Mus musculus","10x chromium","Cortex, hippocampus and subventricular zone","AACGTTGGTGGCAAAC",1951,3815,48,0.0125819134993447,"Unknown"
"AACGTTGGTTCCCTTG","SRA526435","SRS1915196","Mus musculus","10x chromium","Cortex, hippocampus and subventricular zone","AACGTTGGTTCCCTTG",1389,2316,36,0.0155440414507772,"Unknown"
"AACGTTGGTTGATTCG","SRA526435","SRS1915196","Mus musculus","10x chromium","Cortex, hippocampus and subventricular zone","AACGTTGGTTGATTCG",2302,4837,46,0.00951002687616291,"Unknown"
"AACGTTGTCCCATTTA","SRA526435","SRS1915196","Mus musculus","10x chromium","Cortex, hippocampus and subventricular zone","AACGTTGTCCCATTTA",1094,1803,36,0.0199667221297837,"Unknown"
"AACTCAGAGATCCTGT","SRA526435","SRS1915196","Mus musculus","10x chromium","Cortex, hippocampus and subventricular zone","AACTCAGAGATCCTGT",3059,7394,73,0.00987286989450906,"Endothelial cells"
"AACTCAGAGATGTTAG","SRA526435","SRS1915196","Mus musculus","10x chromium","Cortex, hippocampus and subventricular zone","AACTCAGAGATGTTAG",1173,1705,10,0.00586510263929619,"Unknown"
"AACTCAGAGGCTACGA","SRA526435","SRS1915196","Mus musculus","10x chromium","Cortex, hippocampus and subventricular zone","AACTCAGAGGCTACGA",3496,8526,60,0.00703729767769177,"Unknown"
"AACTCAGCACATAACC","SRA526435","SRS1915196","Mus musculus","10x chromium","Cortex, hippocampus and subventricular zone","AACTCAGCACATAACC",862,1226,36,0.0293637846655791,"Unknown"
"AACTCAGCAGTCGTGC","SRA526435","SRS1915196","Mus musculus","10x chromium","Cortex, hippocampus and subventricular zone","AACTCAGCAGTCGTGC",3819,11201,169,0.0150879385769128,"Unknown"
"AACTCAGCATTGCGGC","SRA526435","SRS1915196","Mus musculus","10x chromium","Cortex, hippocampus and subventricular zone","AACTCAGCATTGCGGC",1713,2994,51,0.0170340681362725,"Unknown"
"AACTCAGCATTGGCGC","SRA526435","SRS1915196","Mus musculus","10x chromium","Cortex, hippocampus and subventricular zone","AACTCAGCATTGGCGC",3754,9373,208,0.0221914008321775,"Unknown"
"AACTCAGGTACTTAGC","SRA526435","SRS1915196","Mus musculus","10x chromium","Cortex, hippocampus and subventricular zone","AACTCAGGTACTTAGC",1130,1837,11,0.00598802395209581,"Unknown"
"AACTCAGGTATATCCG","SRA526435","SRS1915196","Mus musculus","10x chromium","Cortex, hippocampus and subventricular zone","AACTCAGGTATATCCG",923,1315,25,0.0190114068441065,"Unknown"
"AACTCAGGTCACACGC","SRA526435","SRS1915196","Mus musculus","10x chromium","Cortex, hippocampus and subventricular zone","AACTCAGGTCACACGC",3473,9474,168,0.0177327422419253,"Unknown"
"AACTCAGGTCCGCTGA","SRA526435","SRS1915196","Mus musculus","10x chromium","Cortex, hippocampus and subventricular zone","AACTCAGGTCCGCTGA",1588,2610,83,0.0318007662835249,"Unknown"
"AACTCAGGTGAAAGAG","SRA526435","SRS1915196","Mus musculus","10x chromium","Cortex, hippocampus and subventricular zone","AACTCAGGTGAAAGAG",1874,3462,39,0.011265164644714,"Unknown"
"AACTCAGGTGCACCAC","SRA526435","SRS1915196","Mus musculus","10x chromium","Cortex, hippocampus and subventricular zone","AACTCAGGTGCACCAC",1562,2988,39,0.0130522088353414,"Unknown"
"AACTCAGGTGCATCTA","SRA526435","SRS1915196","Mus musculus","10x chromium","Cortex, hippocampus and subventricular zone","AACTCAGGTGCATCTA",2529,5258,56,0.0106504374286801,"Unknown"
"AACTCAGGTGGTGTAG","SRA526435","SRS1915196","Mus musculus","10x chromium","Cortex, hippocampus and subventricular zone","AACTCAGGTGGTGTAG",2035,3825,39,0.0101960784313725,"Unknown"
"AACTCAGGTGTATGGG","SRA526435","SRS1915196","Mus musculus","10x chromium","Cortex, hippocampus and subventricular zone","AACTCAGGTGTATGGG",2478,6534,68,0.0104071013161922,"Unknown"
"AACTCAGGTTATCGGT","SRA526435","SRS1915196","Mus musculus","10x chromium","Cortex, hippocampus and subventricular zone","AACTCAGGTTATCGGT",2052,4534,70,0.0154389060432289,"Unknown"
"AACTCAGGTTGGGACA","SRA526435","SRS1915196","Mus musculus","10x chromium","Cortex, hippocampus and subventricular zone","AACTCAGGTTGGGACA",1175,1951,83,0.0425422860071758,"Unknown"
"AACTCAGTCCATGCTC","SRA526435","SRS1915196","Mus musculus","10x chromium","Cortex, hippocampus and subventricular zone","AACTCAGTCCATGCTC",3179,8102,68,0.00839298938533695,"Unknown"
"AACTCAGTCGAACTGT","SRA526435","SRS1915196","Mus musculus","10x chromium","Cortex, hippocampus and subventricular zone","AACTCAGTCGAACTGT",1294,2012,10,0.00497017892644135,"Unknown"
"AACTCAGTCTAACTGG","SRA526435","SRS1915196","Mus musculus","10x chromium","Cortex, hippocampus and subventricular zone","AACTCAGTCTAACTGG",1245,2196,45,0.0204918032786885,"Unknown"
"AACTCCCAGAGCTGCA","SRA526435","SRS1915196","Mus musculus","10x chromium","Cortex, hippocampus and subventricular zone","AACTCCCAGAGCTGCA",167,1859,6,0.00322754168908015,"Erythroid-like and erythroid precursor cells"
"AACTCCCAGATGTTAG","SRA526435","SRS1915196","Mus musculus","10x chromium","Cortex, hippocampus and subventricular zone","AACTCCCAGATGTTAG",2343,4981,73,0.0146556916281871,"Unknown"
"AACTCCCAGGAGCGTT","SRA526435","SRS1915196","Mus musculus","10x chromium","Cortex, hippocampus and subventricular zone","AACTCCCAGGAGCGTT",824,1181,65,0.0550381033022862,"Unknown"
"AACTCCCAGGCAATTA","SRA526435","SRS1915196","Mus musculus","10x chromium","Cortex, hippocampus and subventricular zone","AACTCCCAGGCAATTA",87,4361,4,0.000917220820912635,"Erythroid-like and erythroid precursor cells"
"AACTCCCAGGGTTTCT","SRA526435","SRS1915196","Mus musculus","10x chromium","Cortex, hippocampus and subventricular zone","AACTCCCAGGGTTTCT",2392,5595,92,0.0164432529043789,"Unknown"
"AACTCCCCAAGCCATT","SRA526435","SRS1915196","Mus musculus","10x chromium","Cortex, hippocampus and subventricular zone","AACTCCCCAAGCCATT",1456,2437,38,0.0155929421419778,"Unknown"
"AACTCCCCAAGTTGTC","SRA526435","SRS1915196","Mus musculus","10x chromium","Cortex, hippocampus and subventricular zone","AACTCCCCAAGTTGTC",2058,3678,51,0.0138662316476346,"Pericytes"
"AACTCCCGTAAGGGAA","SRA526435","SRS1915196","Mus musculus","10x chromium","Cortex, hippocampus and subventricular zone","AACTCCCGTAAGGGAA",1981,3894,82,0.0210580380071905,"Unknown"
"AACTCCCGTGCCTTGG","SRA526435","SRS1915196","Mus musculus","10x chromium","Cortex, hippocampus and subventricular zone","AACTCCCGTGCCTTGG",1131,1899,73,0.0384412848867825,"Unknown"
"AACTCCCGTGTGTGCC","SRA526435","SRS1915196","Mus musculus","10x chromium","Cortex, hippocampus and subventricular zone","AACTCCCGTGTGTGCC",2308,5355,62,0.011577964519141,"Pericytes"
"AACTCCCTCAAACAAG","SRA526435","SRS1915196","Mus musculus","10x chromium","Cortex, hippocampus and subventricular zone","AACTCCCTCAAACAAG",1251,1965,38,0.0193384223918575,"Unknown"
"AACTCCCTCAGGCCCA","SRA526435","SRS1915196","Mus musculus","10x chromium","Cortex, hippocampus and subventricular zone","AACTCCCTCAGGCCCA",1895,3755,23,0.00612516644474035,"Unknown"
"AACTCCCTCAGTTGAC","SRA526435","SRS1915196","Mus musculus","10x chromium","Cortex, hippocampus and subventricular zone","AACTCCCTCAGTTGAC",2362,5215,56,0.010738255033557,"Unknown"
"AACTCCCTCATGCTCC","SRA526435","SRS1915196","Mus musculus","10x chromium","Cortex, hippocampus and subventricular zone","AACTCCCTCATGCTCC",89,2107,0,0,"Erythroid-like and erythroid precursor cells"
"AACTCCCTCGTAGGTT","SRA526435","SRS1915196","Mus musculus","10x chromium","Cortex, hippocampus and subventricular zone","AACTCCCTCGTAGGTT",1900,3308,69,0.0208585247883918,"Unknown"
"AACTCTTAGAAACGAG","SRA526435","SRS1915196","Mus musculus","10x chromium","Cortex, hippocampus and subventricular zone","AACTCTTAGAAACGAG",4274,15509,46,0.00296601973047908,"Unknown"
"AACTCTTAGCTCTCGG","SRA526435","SRS1915196","Mus musculus","10x chromium","Cortex, hippocampus and subventricular zone","AACTCTTAGCTCTCGG",2630,5844,48,0.0082135523613963,"Unknown"
"AACTCTTAGTCAAGGC","SRA526435","SRS1915196","Mus musculus","10x chromium","Cortex, hippocampus and subventricular zone","AACTCTTAGTCAAGGC",1155,2003,36,0.017973040439341,"Unknown"
"AACTCTTAGTCGATAA","SRA526435","SRS1915196","Mus musculus","10x chromium","Cortex, hippocampus and subventricular zone","AACTCTTAGTCGATAA",1623,3612,41,0.0113510520487265,"Unknown"
"AACTCTTAGTGTCTCA","SRA526435","SRS1915196","Mus musculus","10x chromium","Cortex, hippocampus and subventricular zone","AACTCTTAGTGTCTCA",2522,5754,80,0.0139033715676051,"Unknown"
"AACTCTTCAAGACGTG","SRA526435","SRS1915196","Mus musculus","10x chromium","Cortex, hippocampus and subventricular zone","AACTCTTCAAGACGTG",4455,13659,260,0.0190350684530346,"Endothelial cells"
"AACTCTTCAATGTAAG","SRA526435","SRS1915196","Mus musculus","10x chromium","Cortex, hippocampus and subventricular zone","AACTCTTCAATGTAAG",865,1289,13,0.0100853374709077,"Unknown"
"AACTCTTCACATGTGT","SRA526435","SRS1915196","Mus musculus","10x chromium","Cortex, hippocampus and subventricular zone","AACTCTTCACATGTGT",1905,3785,57,0.0150594451783355,"Unknown"
"AACTCTTCACCTGGTG","SRA526435","SRS1915196","Mus musculus","10x chromium","Cortex, hippocampus and subventricular zone","AACTCTTCACCTGGTG",1167,1888,60,0.0317796610169492,"Unknown"
"AACTCTTCAGCATACT","SRA526435","SRS1915196","Mus musculus","10x chromium","Cortex, hippocampus and subventricular zone","AACTCTTCAGCATACT",733,1138,7,0.00615114235500879,"Unknown"
"AACTCTTGTAAAGTCA","SRA526435","SRS1915196","Mus musculus","10x chromium","Cortex, hippocampus and subventricular zone","AACTCTTGTAAAGTCA",880,1446,53,0.0366528354080221,"Unknown"
"AACTCTTGTACAGTTC","SRA526435","SRS1915196","Mus musculus","10x chromium","Cortex, hippocampus and subventricular zone","AACTCTTGTACAGTTC",1782,3270,63,0.0192660550458716,"Unknown"
"AACTCTTGTAGGAGTC","SRA526435","SRS1915196","Mus musculus","10x chromium","Cortex, hippocampus and subventricular zone","AACTCTTGTAGGAGTC",2624,6138,51,0.0083088954056696,"Unknown"
"AACTCTTGTATCTGCA","SRA526435","SRS1915196","Mus musculus","10x chromium","Cortex, hippocampus and subventricular zone","AACTCTTGTATCTGCA",1010,1510,59,0.0390728476821192,"Cajal-Retzius cells"
"AACTCTTGTGCCTTGG","SRA526435","SRS1915196","Mus musculus","10x chromium","Cortex, hippocampus and subventricular zone","AACTCTTGTGCCTTGG",3033,7577,103,0.0135937706216181,"Unknown"
"AACTCTTGTTATCCGA","SRA526435","SRS1915196","Mus musculus","10x chromium","Cortex, hippocampus and subventricular zone","AACTCTTGTTATCCGA",2644,6555,84,0.0128146453089245,"Unknown"
"AACTCTTTCAACGCTA","SRA526435","SRS1915196","Mus musculus","10x chromium","Cortex, hippocampus and subventricular zone","AACTCTTTCAACGCTA",895,1367,54,0.0395025603511339,"Unknown"
"AACTCTTTCAGCTGGC","SRA526435","SRS1915196","Mus musculus","10x chromium","Cortex, hippocampus and subventricular zone","AACTCTTTCAGCTGGC",2291,4934,59,0.0119578435346575,"Unknown"
"AACTCTTTCATTATCC","SRA526435","SRS1915196","Mus musculus","10x chromium","Cortex, hippocampus and subventricular zone","AACTCTTTCATTATCC",2286,5133,57,0.011104617182934,"Unknown"
"AACTCTTTCCAAGTAC","SRA526435","SRS1915196","Mus musculus","10x chromium","Cortex, hippocampus and subventricular zone","AACTCTTTCCAAGTAC",822,1578,33,0.0209125475285171,"Unknown"
"AACTCTTTCCACGCAG","SRA526435","SRS1915196","Mus musculus","10x chromium","Cortex, hippocampus and subventricular zone","AACTCTTTCCACGCAG",1092,2078,43,0.0206929740134745,"Unknown"
"AACTCTTTCCCTCAGT","SRA526435","SRS1915196","Mus musculus","10x chromium","Cortex, hippocampus and subventricular zone","AACTCTTTCCCTCAGT",2049,3917,40,0.0102118968598417,"Unknown"
"AACTCTTTCTGCCAGG","SRA526435","SRS1915196","Mus musculus","10x chromium","Cortex, hippocampus and subventricular zone","AACTCTTTCTGCCAGG",2844,6506,121,0.0185982170304334,"Unknown"
"AACTCTTTCTGGTATG","SRA526435","SRS1915196","Mus musculus","10x chromium","Cortex, hippocampus and subventricular zone","AACTCTTTCTGGTATG",1406,2573,41,0.0159347065682083,"Unknown"
"AACTGGTAGACGCAAC","SRA526435","SRS1915196","Mus musculus","10x chromium","Cortex, hippocampus and subventricular zone","AACTGGTAGACGCAAC",1637,3378,42,0.0124333925399645,"Unknown"
"AACTGGTAGTAGTGCG","SRA526435","SRS1915196","Mus musculus","10x chromium","Cortex, hippocampus and subventricular zone","AACTGGTAGTAGTGCG",1435,2430,11,0.00452674897119342,"Unknown"
"AACTGGTAGTGCCAGA","SRA526435","SRS1915196","Mus musculus","10x chromium","Cortex, hippocampus and subventricular zone","AACTGGTAGTGCCAGA",1645,3038,29,0.00954575378538512,"Unknown"
"AACTGGTAGTTTAGGA","SRA526435","SRS1915196","Mus musculus","10x chromium","Cortex, hippocampus and subventricular zone","AACTGGTAGTTTAGGA",2479,5545,51,0.00919747520288548,"Unknown"
"AACTGGTCAAAGGCGT","SRA526435","SRS1915196","Mus musculus","10x chromium","Cortex, hippocampus and subventricular zone","AACTGGTCAAAGGCGT",1902,3787,74,0.0195405334037497,"Unknown"
"AACTGGTGTAAATGAC","SRA526435","SRS1915196","Mus musculus","10x chromium","Cortex, hippocampus and subventricular zone","AACTGGTGTAAATGAC",2353,5186,57,0.0109911299652912,"Unknown"
"AACTGGTGTCATATCG","SRA526435","SRS1915196","Mus musculus","10x chromium","Cortex, hippocampus and subventricular zone","AACTGGTGTCATATCG",1856,3481,50,0.0143636885952313,"Unknown"
"AACTGGTGTGCCTTGG","SRA526435","SRS1915196","Mus musculus","10x chromium","Cortex, hippocampus and subventricular zone","AACTGGTGTGCCTTGG",2443,5086,64,0.0125835627211954,"Unknown"
"AACTGGTGTGTGCCTG","SRA526435","SRS1915196","Mus musculus","10x chromium","Cortex, hippocampus and subventricular zone","AACTGGTGTGTGCCTG",1266,1948,44,0.0225872689938398,"Unknown"
"AACTGGTTCAATCACG","SRA526435","SRS1915196","Mus musculus","10x chromium","Cortex, hippocampus and subventricular zone","AACTGGTTCAATCACG",1904,4769,50,0.0104843782763682,"Unknown"
"AACTGGTTCCCAAGAT","SRA526435","SRS1915196","Mus musculus","10x chromium","Cortex, hippocampus and subventricular zone","AACTGGTTCCCAAGAT",173,6470,6,0.000927357032457496,"Erythroid-like and erythroid precursor cells"
"AACTGGTTCGCGTAGC","SRA526435","SRS1915196","Mus musculus","10x chromium","Cortex, hippocampus and subventricular zone","AACTGGTTCGCGTAGC",1035,1632,18,0.0110294117647059,"Unknown"
"AACTGGTTCTAGAGTC","SRA526435","SRS1915196","Mus musculus","10x chromium","Cortex, hippocampus and subventricular zone","AACTGGTTCTAGAGTC",1300,2445,48,0.0196319018404908,"Unknown"
"AACTTTCAGACCTTTG","SRA526435","SRS1915196","Mus musculus","10x chromium","Cortex, hippocampus and subventricular zone","AACTTTCAGACCTTTG",950,1381,45,0.0325850832729906,"Unknown"
"AACTTTCAGGACAGAA","SRA526435","SRS1915196","Mus musculus","10x chromium","Cortex, hippocampus and subventricular zone","AACTTTCAGGACAGAA",2237,4889,65,0.0132951523829004,"Unknown"
"AACTTTCAGGCGCTCT","SRA526435","SRS1915196","Mus musculus","10x chromium","Cortex, hippocampus and subventricular zone","AACTTTCAGGCGCTCT",1557,2828,30,0.0106082036775106,"Unknown"
"AACTTTCAGGGAGTAA","SRA526435","SRS1915196","Mus musculus","10x chromium","Cortex, hippocampus and subventricular zone","AACTTTCAGGGAGTAA",1774,3408,59,0.01731220657277,"Unknown"
"AACTTTCAGTTACCCA","SRA526435","SRS1915196","Mus musculus","10x chromium","Cortex, hippocampus and subventricular zone","AACTTTCAGTTACCCA",1322,2119,30,0.0141576215195847,"Unknown"
"AACTTTCCACTCGACG","SRA526435","SRS1915196","Mus musculus","10x chromium","Cortex, hippocampus and subventricular zone","AACTTTCCACTCGACG",2705,6372,79,0.0123979912115505,"Unknown"
"AACTTTCCAGACGCTC","SRA526435","SRS1915196","Mus musculus","10x chromium","Cortex, hippocampus and subventricular zone","AACTTTCCAGACGCTC",2187,4427,61,0.013779082900384,"Unknown"
"AACTTTCCATACGCTA","SRA526435","SRS1915196","Mus musculus","10x chromium","Cortex, hippocampus and subventricular zone","AACTTTCCATACGCTA",2226,4523,69,0.0152553614857396,"Unknown"
"AACTTTCCATTTCAGG","SRA526435","SRS1915196","Mus musculus","10x chromium","Cortex, hippocampus and subventricular zone","AACTTTCCATTTCAGG",1182,1755,38,0.0216524216524217,"Unknown"
"AACTTTCGTATTCGTG","SRA526435","SRS1915196","Mus musculus","10x chromium","Cortex, hippocampus and subventricular zone","AACTTTCGTATTCGTG",1775,3226,32,0.00991940483570986,"Unknown"
"AACTTTCGTCAAAGCG","SRA526435","SRS1915196","Mus musculus","10x chromium","Cortex, hippocampus and subventricular zone","AACTTTCGTCAAAGCG",944,1543,60,0.0388852883992223,"Cajal-Retzius cells"
"AACTTTCGTGTGAAAT","SRA526435","SRS1915196","Mus musculus","10x chromium","Cortex, hippocampus and subventricular zone","AACTTTCGTGTGAAAT",1202,1878,31,0.016506922257721,"Unknown"
"AACTTTCGTGTTGGGA","SRA526435","SRS1915196","Mus musculus","10x chromium","Cortex, hippocampus and subventricular zone","AACTTTCGTGTTGGGA",2630,6159,93,0.0150998538723819,"Unknown"
"AACTTTCGTTACGTCA","SRA526435","SRS1915196","Mus musculus","10x chromium","Cortex, hippocampus and subventricular zone","AACTTTCGTTACGTCA",2805,6758,148,0.0218999704054454,"Unknown"
"AACTTTCTCAAGCCTA","SRA526435","SRS1915196","Mus musculus","10x chromium","Cortex, hippocampus and subventricular zone","AACTTTCTCAAGCCTA",2130,4547,184,0.0404662414778975,"Endothelial cells"
"AACTTTCTCACCCTCA","SRA526435","SRS1915196","Mus musculus","10x chromium","Cortex, hippocampus and subventricular zone","AACTTTCTCACCCTCA",2740,6427,74,0.0115139256262642,"Unknown"
"AACTTTCTCACCGGGT","SRA526435","SRS1915196","Mus musculus","10x chromium","Cortex, hippocampus and subventricular zone","AACTTTCTCACCGGGT",1949,3876,41,0.010577915376677,"Unknown"
"AACTTTCTCCAAAGTC","SRA526435","SRS1915196","Mus musculus","10x chromium","Cortex, hippocampus and subventricular zone","AACTTTCTCCAAAGTC",2290,4732,52,0.010989010989011,"Unknown"
"AACTTTCTCCTTTCTC","SRA526435","SRS1915196","Mus musculus","10x chromium","Cortex, hippocampus and subventricular zone","AACTTTCTCCTTTCTC",2561,5752,70,0.0121696801112656,"Unknown"
"AACTTTCTCGATAGAA","SRA526435","SRS1915196","Mus musculus","10x chromium","Cortex, hippocampus and subventricular zone","AACTTTCTCGATAGAA",2486,5969,72,0.0120623219969844,"Unknown"
"AACTTTCTCGGTTCGG","SRA526435","SRS1915196","Mus musculus","10x chromium","Cortex, hippocampus and subventricular zone","AACTTTCTCGGTTCGG",1352,2279,29,0.0127248793330408,"Unknown"
"AACTTTCTCTGAGTGT","SRA526435","SRS1915196","Mus musculus","10x chromium","Cortex, hippocampus and subventricular zone","AACTTTCTCTGAGTGT",1842,3361,49,0.0145789943469206,"Unknown"
"AAGACCTAGGCTCATT","SRA526435","SRS1915196","Mus musculus","10x chromium","Cortex, hippocampus and subventricular zone","AAGACCTAGGCTCATT",1441,2695,78,0.0289424860853432,"Unknown"
"AAGACCTAGTGAACAT","SRA526435","SRS1915196","Mus musculus","10x chromium","Cortex, hippocampus and subventricular zone","AAGACCTAGTGAACAT",1655,3145,49,0.0155802861685215,"Unknown"
"AAGACCTAGTGTCTCA","SRA526435","SRS1915196","Mus musculus","10x chromium","Cortex, hippocampus and subventricular zone","AAGACCTAGTGTCTCA",888,1326,79,0.0595776772247361,"Unknown"
"AAGACCTCAAACTGCT","SRA526435","SRS1915196","Mus musculus","10x chromium","Cortex, hippocampus and subventricular zone","AAGACCTCAAACTGCT",2781,6695,83,0.0123973114264376,"Unknown"
"AAGACCTCAAGCCCAC","SRA526435","SRS1915196","Mus musculus","10x chromium","Cortex, hippocampus and subventricular zone","AAGACCTCAAGCCCAC",4407,14329,99,0.00690906553143974,"Unknown"
"AAGACCTCAATAACGA","SRA526435","SRS1915196","Mus musculus","10x chromium","Cortex, hippocampus and subventricular zone","AAGACCTCAATAACGA",3690,11106,74,0.00666306500990456,"Unknown"
"AAGACCTCACACGCTG","SRA526435","SRS1915196","Mus musculus","10x chromium","Cortex, hippocampus and subventricular zone","AAGACCTCACACGCTG",2612,6115,56,0.00915780866721177,"Unknown"
"AAGACCTCAGAGCCAA","SRA526435","SRS1915196","Mus musculus","10x chromium","Cortex, hippocampus and subventricular zone","AAGACCTCAGAGCCAA",2395,4939,53,0.0107309171897145,"Unknown"
"AAGACCTCAGATGGGT","SRA526435","SRS1915196","Mus musculus","10x chromium","Cortex, hippocampus and subventricular zone","AAGACCTCAGATGGGT",2346,5115,46,0.00899315738025415,"Unknown"
"AAGACCTCATGCAATC","SRA526435","SRS1915196","Mus musculus","10x chromium","Cortex, hippocampus and subventricular zone","AAGACCTCATGCAATC",1686,3061,83,0.0271153217902646,"Unknown"
"AAGACCTGTAGGCATG","SRA526435","SRS1915196","Mus musculus","10x chromium","Cortex, hippocampus and subventricular zone","AAGACCTGTAGGCATG",1834,3904,61,0.015625,"Unknown"
"AAGACCTGTCTCTCGT","SRA526435","SRS1915196","Mus musculus","10x chromium","Cortex, hippocampus and subventricular zone","AAGACCTGTCTCTCGT",3359,7807,64,0.00819777123094659,"Unknown"
"AAGACCTTCAGCGATT","SRA526435","SRS1915196","Mus musculus","10x chromium","Cortex, hippocampus and subventricular zone","AAGACCTTCAGCGATT",2871,6476,100,0.0154416306361952,"Unknown"
"AAGACCTTCCCAACGG","SRA526435","SRS1915196","Mus musculus","10x chromium","Cortex, hippocampus and subventricular zone","AAGACCTTCCCAACGG",3060,7646,115,0.0150405440753335,"Unknown"
"AAGACCTTCCCAGGTG","SRA526435","SRS1915196","Mus musculus","10x chromium","Cortex, hippocampus and subventricular zone","AAGACCTTCCCAGGTG",2333,4597,76,0.0165325212094844,"Unknown"
"AAGACCTTCCCGACTT","SRA526435","SRS1915196","Mus musculus","10x chromium","Cortex, hippocampus and subventricular zone","AAGACCTTCCCGACTT",3271,9111,85,0.00932938206563495,"Unknown"
"AAGACCTTCGATAGAA","SRA526435","SRS1915196","Mus musculus","10x chromium","Cortex, hippocampus and subventricular zone","AAGACCTTCGATAGAA",2073,4203,60,0.0142755174875089,"Unknown"
"AAGACCTTCGTACCGG","SRA526435","SRS1915196","Mus musculus","10x chromium","Cortex, hippocampus and subventricular zone","AAGACCTTCGTACCGG",1749,3101,19,0.00612705578845534,"Unknown"
"AAGACCTTCGTCGTTC","SRA526435","SRS1915196","Mus musculus","10x chromium","Cortex, hippocampus and subventricular zone","AAGACCTTCGTCGTTC",2709,6922,62,0.00895694885871135,"Unknown"
"AAGACCTTCTACCTGC","SRA526435","SRS1915196","Mus musculus","10x chromium","Cortex, hippocampus and subventricular zone","AAGACCTTCTACCTGC",2756,5976,33,0.00552208835341365,"Unknown"
"AAGCCGCAGACCACGA","SRA526435","SRS1915196","Mus musculus","10x chromium","Cortex, hippocampus and subventricular zone","AAGCCGCAGACCACGA",2178,4555,62,0.0136114160263447,"Unknown"
"AAGCCGCAGACTGTAA","SRA526435","SRS1915196","Mus musculus","10x chromium","Cortex, hippocampus and subventricular zone","AAGCCGCAGACTGTAA",1120,2120,90,0.0424528301886792,"Unknown"
"AAGCCGCAGCACGCCT","SRA526435","SRS1915196","Mus musculus","10x chromium","Cortex, hippocampus and subventricular zone","AAGCCGCAGCACGCCT",1071,1683,73,0.0433749257278669,"Unknown"
"AAGCCGCAGCCCTAAT","SRA526435","SRS1915196","Mus musculus","10x chromium","Cortex, hippocampus and subventricular zone","AAGCCGCAGCCCTAAT",1444,2304,44,0.0190972222222222,"Unknown"
"AAGCCGCAGCGATCCC","SRA526435","SRS1915196","Mus musculus","10x chromium","Cortex, hippocampus and subventricular zone","AAGCCGCAGCGATCCC",1721,3175,46,0.014488188976378,"Unknown"
"AAGCCGCAGTAAGTAC","SRA526435","SRS1915196","Mus musculus","10x chromium","Cortex, hippocampus and subventricular zone","AAGCCGCAGTAAGTAC",1988,3996,59,0.0147647647647648,"Unknown"
"AAGCCGCAGTACGTAA","SRA526435","SRS1915196","Mus musculus","10x chromium","Cortex, hippocampus and subventricular zone","AAGCCGCAGTACGTAA",2059,4001,55,0.0137465633591602,"Unknown"
"AAGCCGCCAAACCTAC","SRA526435","SRS1915196","Mus musculus","10x chromium","Cortex, hippocampus and subventricular zone","AAGCCGCCAAACCTAC",973,1414,17,0.012022630834512,"Unknown"
"AAGCCGCCAAGACGTG","SRA526435","SRS1915196","Mus musculus","10x chromium","Cortex, hippocampus and subventricular zone","AAGCCGCCAAGACGTG",3047,7089,109,0.0153759345464805,"Unknown"
"AAGCCGCCACAGATTC","SRA526435","SRS1915196","Mus musculus","10x chromium","Cortex, hippocampus and subventricular zone","AAGCCGCCACAGATTC",1700,3216,32,0.00995024875621891,"Unknown"
"AAGCCGCCACCGCTAG","SRA526435","SRS1915196","Mus musculus","10x chromium","Cortex, hippocampus and subventricular zone","AAGCCGCCACCGCTAG",1274,2354,83,0.0352591333899745,"Unknown"
"AAGCCGCCAGCCTGTG","SRA526435","SRS1915196","Mus musculus","10x chromium","Cortex, hippocampus and subventricular zone","AAGCCGCCAGCCTGTG",641,1133,115,0.101500441306267,"Unknown"
"AAGCCGCGTCCGTTAA","SRA526435","SRS1915196","Mus musculus","10x chromium","Cortex, hippocampus and subventricular zone","AAGCCGCGTCCGTTAA",187,5572,4,0.000717875089734386,"Erythroid-like and erythroid precursor cells"
"AAGCCGCGTGCAACTT","SRA526435","SRS1915196","Mus musculus","10x chromium","Cortex, hippocampus and subventricular zone","AAGCCGCGTGCAACTT",2065,4531,37,0.00816596777753255,"Unknown"
"AAGCCGCGTGCACTTA","SRA526435","SRS1915196","Mus musculus","10x chromium","Cortex, hippocampus and subventricular zone","AAGCCGCGTGCACTTA",1751,3361,47,0.0139839333531687,"Unknown"
"AAGCCGCTCAGCACAT","SRA526435","SRS1915196","Mus musculus","10x chromium","Cortex, hippocampus and subventricular zone","AAGCCGCTCAGCACAT",2121,4273,27,0.00631874561198221,"Unknown"
"AAGCCGCTCATAAAGG","SRA526435","SRS1915196","Mus musculus","10x chromium","Cortex, hippocampus and subventricular zone","AAGCCGCTCATAAAGG",2458,5005,49,0.00979020979020979,"Unknown"
"AAGCCGCTCCGTAGTA","SRA526435","SRS1915196","Mus musculus","10x chromium","Cortex, hippocampus and subventricular zone","AAGCCGCTCCGTAGTA",1592,2731,32,0.0117173196631271,"Unknown"
"AAGCCGCTCGTCCAGG","SRA526435","SRS1915196","Mus musculus","10x chromium","Cortex, hippocampus and subventricular zone","AAGCCGCTCGTCCAGG",980,1409,30,0.021291696238467,"Unknown"
"AAGGAGCAGGGATCTG","SRA526435","SRS1915196","Mus musculus","10x chromium","Cortex, hippocampus and subventricular zone","AAGGAGCAGGGATCTG",2158,4570,77,0.0168490153172867,"Unknown"
"AAGGAGCAGGGCTTGA","SRA526435","SRS1915196","Mus musculus","10x chromium","Cortex, hippocampus and subventricular zone","AAGGAGCAGGGCTTGA",2726,6735,45,0.0066815144766147,"Unknown"
"AAGGAGCAGTAGCCGA","SRA526435","SRS1915196","Mus musculus","10x chromium","Cortex, hippocampus and subventricular zone","AAGGAGCAGTAGCCGA",1071,1724,66,0.0382830626450116,"Unknown"
"AAGGAGCCAAGCGAGT","SRA526435","SRS1915196","Mus musculus","10x chromium","Cortex, hippocampus and subventricular zone","AAGGAGCCAAGCGAGT",1224,2496,64,0.0256410256410256,"Unknown"
"AAGGAGCCAGACGCAA","SRA526435","SRS1915196","Mus musculus","10x chromium","Cortex, hippocampus and subventricular zone","AAGGAGCCAGACGCAA",2583,6506,63,0.0096833691976637,"Unknown"
"AAGGAGCCAGATTGCT","SRA526435","SRS1915196","Mus musculus","10x chromium","Cortex, hippocampus and subventricular zone","AAGGAGCCAGATTGCT",2362,5015,61,0.0121635094715852,"Unknown"
"AAGGAGCCATGGGAAC","SRA526435","SRS1915196","Mus musculus","10x chromium","Cortex, hippocampus and subventricular zone","AAGGAGCCATGGGAAC",1079,2389,28,0.0117203850983675,"Microglia"
"AAGGAGCCATTCTTAC","SRA526435","SRS1915196","Mus musculus","10x chromium","Cortex, hippocampus and subventricular zone","AAGGAGCCATTCTTAC",2186,4467,67,0.0149988806805462,"Unknown"
"AAGGAGCGTACTCAAC","SRA526435","SRS1915196","Mus musculus","10x chromium","Cortex, hippocampus and subventricular zone","AAGGAGCGTACTCAAC",1599,3181,39,0.0122602955045583,"Endothelial cells"
"AAGGAGCGTAGGCATG","SRA526435","SRS1915196","Mus musculus","10x chromium","Cortex, hippocampus and subventricular zone","AAGGAGCGTAGGCATG",2483,5665,120,0.0211827007943513,"Cajal-Retzius cells"
"AAGGAGCGTCAATGTC","SRA526435","SRS1915196","Mus musculus","10x chromium","Cortex, hippocampus and subventricular zone","AAGGAGCGTCAATGTC",1556,2651,60,0.02263296869106,"Unknown"
"AAGGAGCGTTGCCTCT","SRA526435","SRS1915196","Mus musculus","10x chromium","Cortex, hippocampus and subventricular zone","AAGGAGCGTTGCCTCT",1755,3072,40,0.0130208333333333,"Unknown"
"AAGGAGCTCAACGAAA","SRA526435","SRS1915196","Mus musculus","10x chromium","Cortex, hippocampus and subventricular zone","AAGGAGCTCAACGAAA",1427,2525,66,0.0261386138613861,"Unknown"
"AAGGAGCTCACCAGGC","SRA526435","SRS1915196","Mus musculus","10x chromium","Cortex, hippocampus and subventricular zone","AAGGAGCTCACCAGGC",190,6167,1,0.00016215339711367,"Erythroid-like and erythroid precursor cells"
"AAGGAGCTCAGTCCCT","SRA526435","SRS1915196","Mus musculus","10x chromium","Cortex, hippocampus and subventricular zone","AAGGAGCTCAGTCCCT",1179,2005,56,0.027930174563591,"Unknown"
"AAGGAGCTCATCTGCC","SRA526435","SRS1915196","Mus musculus","10x chromium","Cortex, hippocampus and subventricular zone","AAGGAGCTCATCTGCC",2409,6161,73,0.0118487258561922,"Unknown"
"AAGGCAGAGAGCTTCT","SRA526435","SRS1915196","Mus musculus","10x chromium","Cortex, hippocampus and subventricular zone","AAGGCAGAGAGCTTCT",1415,2513,20,0.00795861520095503,"Unknown"
"AAGGCAGAGCACGCCT","SRA526435","SRS1915196","Mus musculus","10x chromium","Cortex, hippocampus and subventricular zone","AAGGCAGAGCACGCCT",1273,2171,37,0.0170428374021188,"Unknown"
"AAGGCAGAGGCTCAGA","SRA526435","SRS1915196","Mus musculus","10x chromium","Cortex, hippocampus and subventricular zone","AAGGCAGAGGCTCAGA",2273,4767,49,0.0102790014684288,"Unknown"
"AAGGCAGAGGTGATTA","SRA526435","SRS1915196","Mus musculus","10x chromium","Cortex, hippocampus and subventricular zone","AAGGCAGAGGTGATTA",1073,1730,38,0.0219653179190751,"Unknown"
"AAGGCAGAGTATTGGA","SRA526435","SRS1915196","Mus musculus","10x chromium","Cortex, hippocampus and subventricular zone","AAGGCAGAGTATTGGA",2020,3856,41,0.0106327800829876,"Unknown"
"AAGGCAGCACCTGGTG","SRA526435","SRS1915196","Mus musculus","10x chromium","Cortex, hippocampus and subventricular zone","AAGGCAGCACCTGGTG",2668,7765,88,0.0113329040566645,"Unknown"
"AAGGCAGCACGTAAGG","SRA526435","SRS1915196","Mus musculus","10x chromium","Cortex, hippocampus and subventricular zone","AAGGCAGCACGTAAGG",2379,5275,41,0.00777251184834123,"Unknown"
"AAGGCAGCAGCCACCA","SRA526435","SRS1915196","Mus musculus","10x chromium","Cortex, hippocampus and subventricular zone","AAGGCAGCAGCCACCA",1868,3269,37,0.0113184460079535,"Unknown"
"AAGGCAGCAGGCAGTA","SRA526435","SRS1915196","Mus musculus","10x chromium","Cortex, hippocampus and subventricular zone","AAGGCAGCAGGCAGTA",1299,2178,32,0.014692378328742,"Unknown"
"AAGGCAGCAGTCACTA","SRA526435","SRS1915196","Mus musculus","10x chromium","Cortex, hippocampus and subventricular zone","AAGGCAGCAGTCACTA",1712,3257,20,0.00614062020264047,"Unknown"
"AAGGCAGGTAAGGATT","SRA526435","SRS1915196","Mus musculus","10x chromium","Cortex, hippocampus and subventricular zone","AAGGCAGGTAAGGATT",2322,5038,62,0.0123064708217547,"Unknown"
"AAGGCAGGTCCGTCAG","SRA526435","SRS1915196","Mus musculus","10x chromium","Cortex, hippocampus and subventricular zone","AAGGCAGGTCCGTCAG",2062,3987,68,0.0170554301479809,"Unknown"
"AAGGCAGGTGCCTGTG","SRA526435","SRS1915196","Mus musculus","10x chromium","Cortex, hippocampus and subventricular zone","AAGGCAGGTGCCTGTG",1349,2423,31,0.012794056954189,"Unknown"
"AAGGCAGGTGGACGAT","SRA526435","SRS1915196","Mus musculus","10x chromium","Cortex, hippocampus and subventricular zone","AAGGCAGGTGGACGAT",2204,4474,19,0.00424675905230219,"Unknown"
"AAGGCAGGTGTAAGTA","SRA526435","SRS1915196","Mus musculus","10x chromium","Cortex, hippocampus and subventricular zone","AAGGCAGGTGTAAGTA",2467,5294,50,0.00944465432565168,"Unknown"
"AAGGCAGTCCATGAGT","SRA526435","SRS1915196","Mus musculus","10x chromium","Cortex, hippocampus and subventricular zone","AAGGCAGTCCATGAGT",1516,2651,39,0.014711429649189,"Unknown"
"AAGGCAGTCCCAAGAT","SRA526435","SRS1915196","Mus musculus","10x chromium","Cortex, hippocampus and subventricular zone","AAGGCAGTCCCAAGAT",3235,8456,140,0.0165562913907285,"Unknown"
"AAGGCAGTCCGTAGTA","SRA526435","SRS1915196","Mus musculus","10x chromium","Cortex, hippocampus and subventricular zone","AAGGCAGTCCGTAGTA",2304,5231,80,0.015293442936341,"Unknown"
"AAGGCAGTCCTGCAGG","SRA526435","SRS1915196","Mus musculus","10x chromium","Cortex, hippocampus and subventricular zone","AAGGCAGTCCTGCAGG",1909,3879,45,0.0116009280742459,"Unknown"
"AAGGCAGTCTACTATC","SRA526435","SRS1915196","Mus musculus","10x chromium","Cortex, hippocampus and subventricular zone","AAGGCAGTCTACTATC",2000,4181,47,0.0112413298254006,"Unknown"
"AAGGCAGTCTCGGACG","SRA526435","SRS1915196","Mus musculus","10x chromium","Cortex, hippocampus and subventricular zone","AAGGCAGTCTCGGACG",907,1266,76,0.0600315955766193,"Unknown"
"AAGGCAGTCTGGAGCC","SRA526435","SRS1915196","Mus musculus","10x chromium","Cortex, hippocampus and subventricular zone","AAGGCAGTCTGGAGCC",2381,4976,35,0.00703376205787781,"Unknown"
"AAGGCAGTCTGTCTAT","SRA526435","SRS1915196","Mus musculus","10x chromium","Cortex, hippocampus and subventricular zone","AAGGCAGTCTGTCTAT",2052,3983,77,0.0193321616871705,"Unknown"
"AAGGCAGTCTGTGCAA","SRA526435","SRS1915196","Mus musculus","10x chromium","Cortex, hippocampus and subventricular zone","AAGGCAGTCTGTGCAA",2401,5171,94,0.0181783020692323,"Unknown"
"AAGGTTCAGAGTTGGC","SRA526435","SRS1915196","Mus musculus","10x chromium","Cortex, hippocampus and subventricular zone","AAGGTTCAGAGTTGGC",1619,3095,46,0.0148626817447496,"Unknown"
"AAGGTTCAGCAGACTG","SRA526435","SRS1915196","Mus musculus","10x chromium","Cortex, hippocampus and subventricular zone","AAGGTTCAGCAGACTG",3002,7140,54,0.00756302521008403,"Unknown"
"AAGGTTCAGCCGCCTA","SRA526435","SRS1915196","Mus musculus","10x chromium","Cortex, hippocampus and subventricular zone","AAGGTTCAGCCGCCTA",1680,3367,30,0.00891000891000891,"Unknown"
"AAGGTTCAGTATCTCG","SRA526435","SRS1915196","Mus musculus","10x chromium","Cortex, hippocampus and subventricular zone","AAGGTTCAGTATCTCG",2723,6283,24,0.00381983129078466,"Unknown"
"AAGGTTCAGTGACATA","SRA526435","SRS1915196","Mus musculus","10x chromium","Cortex, hippocampus and subventricular zone","AAGGTTCAGTGACATA",3673,10798,131,0.012131876273384,"Unknown"
"AAGGTTCCAAACTGCT","SRA526435","SRS1915196","Mus musculus","10x chromium","Cortex, hippocampus and subventricular zone","AAGGTTCCAAACTGCT",3908,8802,97,0.0110202226766644,"Unknown"
"AAGGTTCCAAGCCGCT","SRA526435","SRS1915196","Mus musculus","10x chromium","Cortex, hippocampus and subventricular zone","AAGGTTCCAAGCCGCT",1770,3401,44,0.0129373713613643,"Unknown"
"AAGGTTCCAATCTACG","SRA526435","SRS1915196","Mus musculus","10x chromium","Cortex, hippocampus and subventricular zone","AAGGTTCCAATCTACG",3629,9336,106,0.0113538988860326,"Unknown"
"AAGGTTCCACGAAGCA","SRA526435","SRS1915196","Mus musculus","10x chromium","Cortex, hippocampus and subventricular zone","AAGGTTCCACGAAGCA",1783,3591,58,0.0161514898357004,"Unknown"
"AAGGTTCCAGTTAACC","SRA526435","SRS1915196","Mus musculus","10x chromium","Cortex, hippocampus and subventricular zone","AAGGTTCCAGTTAACC",4259,12695,174,0.0137061835368255,"Unknown"
"AAGGTTCCATGCAATC","SRA526435","SRS1915196","Mus musculus","10x chromium","Cortex, hippocampus and subventricular zone","AAGGTTCCATGCAATC",919,1720,60,0.0348837209302326,"Unknown"
"AAGGTTCCATTGTGCA","SRA526435","SRS1915196","Mus musculus","10x chromium","Cortex, hippocampus and subventricular zone","AAGGTTCCATTGTGCA",1592,2697,15,0.00556173526140156,"Unknown"
"AAGGTTCGTACCTACA","SRA526435","SRS1915196","Mus musculus","10x chromium","Cortex, hippocampus and subventricular zone","AAGGTTCGTACCTACA",1321,2809,93,0.0331078675685297,"Unknown"
"AAGGTTCGTCATATCG","SRA526435","SRS1915196","Mus musculus","10x chromium","Cortex, hippocampus and subventricular zone","AAGGTTCGTCATATCG",3327,8755,133,0.0151913192461451,"Cajal-Retzius cells"
"AAGGTTCGTCGAAAGC","SRA526435","SRS1915196","Mus musculus","10x chromium","Cortex, hippocampus and subventricular zone","AAGGTTCGTCGAAAGC",2414,5449,95,0.017434391631492,"Unknown"
"AAGGTTCGTCTAGTGT","SRA526435","SRS1915196","Mus musculus","10x chromium","Cortex, hippocampus and subventricular zone","AAGGTTCGTCTAGTGT",915,1298,36,0.0277349768875193,"Unknown"
"AAGGTTCGTGAGGGAG","SRA526435","SRS1915196","Mus musculus","10x chromium","Cortex, hippocampus and subventricular zone","AAGGTTCGTGAGGGAG",790,1399,23,0.0164403145103645,"Unknown"
"AAGGTTCTCAAACAAG","SRA526435","SRS1915196","Mus musculus","10x chromium","Cortex, hippocampus and subventricular zone","AAGGTTCTCAAACAAG",862,1281,49,0.0382513661202186,"Unknown"
"AAGGTTCTCACCAGGC","SRA526435","SRS1915196","Mus musculus","10x chromium","Cortex, hippocampus and subventricular zone","AAGGTTCTCACCAGGC",2080,3836,57,0.014859228362878,"Unknown"
"AAGGTTCTCAGATAAG","SRA526435","SRS1915196","Mus musculus","10x chromium","Cortex, hippocampus and subventricular zone","AAGGTTCTCAGATAAG",2351,5291,53,0.01001701001701,"Unknown"
"AAGGTTCTCATAGCAC","SRA526435","SRS1915196","Mus musculus","10x chromium","Cortex, hippocampus and subventricular zone","AAGGTTCTCATAGCAC",1575,2578,10,0.00387897595034911,"Unknown"
"AAGGTTCTCCAGAGGA","SRA526435","SRS1915196","Mus musculus","10x chromium","Cortex, hippocampus and subventricular zone","AAGGTTCTCCAGAGGA",1108,1835,18,0.00980926430517711,"Unknown"
"AAGGTTCTCCCATTAT","SRA526435","SRS1915196","Mus musculus","10x chromium","Cortex, hippocampus and subventricular zone","AAGGTTCTCCCATTAT",903,1393,59,0.0423546302943288,"Unknown"
"AAGGTTCTCGCAAACT","SRA526435","SRS1915196","Mus musculus","10x chromium","Cortex, hippocampus and subventricular zone","AAGGTTCTCGCAAACT",2890,6975,69,0.00989247311827957,"Unknown"
"AAGGTTCTCTCCTATA","SRA526435","SRS1915196","Mus musculus","10x chromium","Cortex, hippocampus and subventricular zone","AAGGTTCTCTCCTATA",2153,4371,54,0.0123541523678792,"Unknown"
"AAGGTTCTCTGAGTGT","SRA526435","SRS1915196","Mus musculus","10x chromium","Cortex, hippocampus and subventricular zone","AAGGTTCTCTGAGTGT",2445,5030,40,0.00795228628230616,"Unknown"
"AAGGTTCTCTTGTCAT","SRA526435","SRS1915196","Mus musculus","10x chromium","Cortex, hippocampus and subventricular zone","AAGGTTCTCTTGTCAT",838,1276,34,0.0266457680250784,"Unknown"
"AAGTCTGAGAGCTGCA","SRA526435","SRS1915196","Mus musculus","10x chromium","Cortex, hippocampus and subventricular zone","AAGTCTGAGAGCTGCA",974,1541,42,0.027255029201817,"Unknown"
"AAGTCTGAGCGTGTCC","SRA526435","SRS1915196","Mus musculus","10x chromium","Cortex, hippocampus and subventricular zone","AAGTCTGAGCGTGTCC",2008,4218,56,0.0132764343290659,"Unknown"
"AAGTCTGAGGAGCGAG","SRA526435","SRS1915196","Mus musculus","10x chromium","Cortex, hippocampus and subventricular zone","AAGTCTGAGGAGCGAG",2110,4374,44,0.0100594421582076,"Unknown"
"AAGTCTGAGTGAACAT","SRA526435","SRS1915196","Mus musculus","10x chromium","Cortex, hippocampus and subventricular zone","AAGTCTGAGTGAACAT",3068,7721,111,0.0143763761170833,"Unknown"
"AAGTCTGCAATGGAGC","SRA526435","SRS1915196","Mus musculus","10x chromium","Cortex, hippocampus and subventricular zone","AAGTCTGCAATGGAGC",708,1060,115,0.108490566037736,"Unknown"
"AAGTCTGCACGCCAGT","SRA526435","SRS1915196","Mus musculus","10x chromium","Cortex, hippocampus and subventricular zone","AAGTCTGCACGCCAGT",1548,3116,68,0.0218228498074454,"Unknown"
"AAGTCTGCACTAAGTC","SRA526435","SRS1915196","Mus musculus","10x chromium","Cortex, hippocampus and subventricular zone","AAGTCTGCACTAAGTC",3878,10492,106,0.0101029355699581,"Unknown"
"AAGTCTGCACTTAAGC","SRA526435","SRS1915196","Mus musculus","10x chromium","Cortex, hippocampus and subventricular zone","AAGTCTGCACTTAAGC",1523,3867,89,0.0230152573054047,"Microglia"
"AAGTCTGCATGCAACT","SRA526435","SRS1915196","Mus musculus","10x chromium","Cortex, hippocampus and subventricular zone","AAGTCTGCATGCAACT",820,1159,30,0.0258843830888697,"Unknown"
"AAGTCTGCATGCCACG","SRA526435","SRS1915196","Mus musculus","10x chromium","Cortex, hippocampus and subventricular zone","AAGTCTGCATGCCACG",2907,6769,61,0.00901167085241542,"Unknown"
"AAGTCTGCATTACCTT","SRA526435","SRS1915196","Mus musculus","10x chromium","Cortex, hippocampus and subventricular zone","AAGTCTGCATTACCTT",2294,4688,45,0.00959897610921502,"Unknown"
"AAGTCTGGTAATCACC","SRA526435","SRS1915196","Mus musculus","10x chromium","Cortex, hippocampus and subventricular zone","AAGTCTGGTAATCACC",2231,4849,37,0.00763043926582801,"Unknown"
"AAGTCTGGTACTCTCC","SRA526435","SRS1915196","Mus musculus","10x chromium","Cortex, hippocampus and subventricular zone","AAGTCTGGTACTCTCC",2009,3881,71,0.0182942540582324,"Unknown"
"AAGTCTGGTCGATTGT","SRA526435","SRS1915196","Mus musculus","10x chromium","Cortex, hippocampus and subventricular zone","AAGTCTGGTCGATTGT",2418,5355,61,0.011391223155929,"Unknown"
"AAGTCTGGTCTCAACA","SRA526435","SRS1915196","Mus musculus","10x chromium","Cortex, hippocampus and subventricular zone","AAGTCTGGTCTCAACA",2611,5890,52,0.00882852292020373,"Unknown"
"AAGTCTGGTGAAATCA","SRA526435","SRS1915196","Mus musculus","10x chromium","Cortex, hippocampus and subventricular zone","AAGTCTGGTGAAATCA",1510,2956,32,0.0108254397834912,"Unknown"
"AAGTCTGGTGCGGTAA","SRA526435","SRS1915196","Mus musculus","10x chromium","Cortex, hippocampus and subventricular zone","AAGTCTGGTGCGGTAA",1810,3360,53,0.0157738095238095,"Unknown"
"AAGTCTGTCACAGTAC","SRA526435","SRS1915196","Mus musculus","10x chromium","Cortex, hippocampus and subventricular zone","AAGTCTGTCACAGTAC",2549,5445,55,0.0101010101010101,"Unknown"
"AAGTCTGTCCGTTGTC","SRA526435","SRS1915196","Mus musculus","10x chromium","Cortex, hippocampus and subventricular zone","AAGTCTGTCCGTTGTC",2526,5559,79,0.0142111890627811,"Unknown"
"AAGTCTGTCGCCGTGA","SRA526435","SRS1915196","Mus musculus","10x chromium","Cortex, hippocampus and subventricular zone","AAGTCTGTCGCCGTGA",1942,3603,93,0.025811823480433,"Unknown"
"AAGTCTGTCGGCCGAT","SRA526435","SRS1915196","Mus musculus","10x chromium","Cortex, hippocampus and subventricular zone","AAGTCTGTCGGCCGAT",1317,2521,54,0.021420071400238,"Unknown"
"AAGTCTGTCGGCGCAT","SRA526435","SRS1915196","Mus musculus","10x chromium","Cortex, hippocampus and subventricular zone","AAGTCTGTCGGCGCAT",2800,6694,66,0.00985957573946818,"Unknown"
"AAGTCTGTCTCACATT","SRA526435","SRS1915196","Mus musculus","10x chromium","Cortex, hippocampus and subventricular zone","AAGTCTGTCTCACATT",2237,4709,48,0.0101932469738798,"Unknown"
"AAGTCTGTCTCCAACC","SRA526435","SRS1915196","Mus musculus","10x chromium","Cortex, hippocampus and subventricular zone","AAGTCTGTCTCCAACC",1308,2377,42,0.0176693310896088,"Unknown"
"AATCCAGAGCGATAGC","SRA526435","SRS1915196","Mus musculus","10x chromium","Cortex, hippocampus and subventricular zone","AATCCAGAGCGATAGC",741,1019,41,0.0402355250245339,"Unknown"
"AATCCAGAGGCAGGTT","SRA526435","SRS1915196","Mus musculus","10x chromium","Cortex, hippocampus and subventricular zone","AATCCAGAGGCAGGTT",1744,2912,98,0.0336538461538462,"Unknown"
"AATCCAGAGGGTTTCT","SRA526435","SRS1915196","Mus musculus","10x chromium","Cortex, hippocampus and subventricular zone","AATCCAGAGGGTTTCT",1041,1617,39,0.0241187384044527,"Unknown"
"AATCCAGAGGTAGCCA","SRA526435","SRS1915196","Mus musculus","10x chromium","Cortex, hippocampus and subventricular zone","AATCCAGAGGTAGCCA",2142,4612,48,0.01040763226366,"Unknown"
"AATCCAGCAAGGTTCT","SRA526435","SRS1915196","Mus musculus","10x chromium","Cortex, hippocampus and subventricular zone","AATCCAGCAAGGTTCT",2414,5467,125,0.0228644594841778,"Unknown"
"AATCCAGCAATAGAGT","SRA526435","SRS1915196","Mus musculus","10x chromium","Cortex, hippocampus and subventricular zone","AATCCAGCAATAGAGT",2084,4479,94,0.0209868274168341,"Unknown"
"AATCCAGCACCCTATC","SRA526435","SRS1915196","Mus musculus","10x chromium","Cortex, hippocampus and subventricular zone","AATCCAGCACCCTATC",2425,5555,45,0.0081008100810081,"Unknown"
"AATCCAGCAGATGGGT","SRA526435","SRS1915196","Mus musculus","10x chromium","Cortex, hippocampus and subventricular zone","AATCCAGCAGATGGGT",1952,3982,63,0.0158211953792064,"Unknown"
"AATCCAGCAGTAGAGC","SRA526435","SRS1915196","Mus musculus","10x chromium","Cortex, hippocampus and subventricular zone","AATCCAGCAGTAGAGC",3253,11146,118,0.010586757581195,"Unknown"
"AATCCAGGTACTCAAC","SRA526435","SRS1915196","Mus musculus","10x chromium","Cortex, hippocampus and subventricular zone","AATCCAGGTACTCAAC",1903,3251,40,0.0123039064903107,"Unknown"
"AATCCAGGTCGAATCT","SRA526435","SRS1915196","Mus musculus","10x chromium","Cortex, hippocampus and subventricular zone","AATCCAGGTCGAATCT",1218,1702,65,0.0381903642773208,"Unknown"
"AATCCAGGTTATCACG","SRA526435","SRS1915196","Mus musculus","10x chromium","Cortex, hippocampus and subventricular zone","AATCCAGGTTATCACG",1512,2677,35,0.0130743369443407,"Unknown"
"AATCCAGGTTGGACCC","SRA526435","SRS1915196","Mus musculus","10x chromium","Cortex, hippocampus and subventricular zone","AATCCAGGTTGGACCC",1715,3293,37,0.0112359550561798,"Unknown"
"AATCCAGTCAGCTCTC","SRA526435","SRS1915196","Mus musculus","10x chromium","Cortex, hippocampus and subventricular zone","AATCCAGTCAGCTCTC",2445,5487,66,0.0120284308365227,"Unknown"
"AATCCAGTCCTAAGTG","SRA526435","SRS1915196","Mus musculus","10x chromium","Cortex, hippocampus and subventricular zone","AATCCAGTCCTAAGTG",2020,4315,46,0.0106604866743917,"Unknown"
"AATCCAGTCGGCTTGG","SRA526435","SRS1915196","Mus musculus","10x chromium","Cortex, hippocampus and subventricular zone","AATCCAGTCGGCTTGG",758,1081,40,0.0370027752081406,"Unknown"
"AATCGGTAGAAGGTGA","SRA526435","SRS1915196","Mus musculus","10x chromium","Cortex, hippocampus and subventricular zone","AATCGGTAGAAGGTGA",3293,8348,87,0.0104216578821275,"Unknown"
"AATCGGTAGACCGGAT","SRA526435","SRS1915196","Mus musculus","10x chromium","Cortex, hippocampus and subventricular zone","AATCGGTAGACCGGAT",1465,2448,33,0.0134803921568627,"Unknown"
"AATCGGTAGCATGGCA","SRA526435","SRS1915196","Mus musculus","10x chromium","Cortex, hippocampus and subventricular zone","AATCGGTAGCATGGCA",1684,3311,59,0.0178193899124132,"Unknown"
"AATCGGTAGCCACGCT","SRA526435","SRS1915196","Mus musculus","10x chromium","Cortex, hippocampus and subventricular zone","AATCGGTAGCCACGCT",2281,4940,58,0.0117408906882591,"Unknown"
"AATCGGTAGGCCCTTG","SRA526435","SRS1915196","Mus musculus","10x chromium","Cortex, hippocampus and subventricular zone","AATCGGTAGGCCCTTG",2895,6784,41,0.0060436320754717,"Unknown"
"AATCGGTAGGGTATCG","SRA526435","SRS1915196","Mus musculus","10x chromium","Cortex, hippocampus and subventricular zone","AATCGGTAGGGTATCG",2058,3961,56,0.0141378439787932,"Unknown"
"AATCGGTAGTGCTGCC","SRA526435","SRS1915196","Mus musculus","10x chromium","Cortex, hippocampus and subventricular zone","AATCGGTAGTGCTGCC",2137,4508,60,0.0133096716947649,"Unknown"
"AATCGGTAGTTGCAGG","SRA526435","SRS1915196","Mus musculus","10x chromium","Cortex, hippocampus and subventricular zone","AATCGGTAGTTGCAGG",1933,3956,62,0.0156723963599596,"Unknown"
"AATCGGTCACCTCGGA","SRA526435","SRS1915196","Mus musculus","10x chromium","Cortex, hippocampus and subventricular zone","AATCGGTCACCTCGGA",1885,3409,18,0.00528014080375477,"Unknown"
"AATCGGTCAGACAGGT","SRA526435","SRS1915196","Mus musculus","10x chromium","Cortex, hippocampus and subventricular zone","AATCGGTCAGACAGGT",3122,7811,116,0.0148508513634618,"Unknown"
"AATCGGTCATCGTCGG","SRA526435","SRS1915196","Mus musculus","10x chromium","Cortex, hippocampus and subventricular zone","AATCGGTCATCGTCGG",2312,5116,50,0.00977326035965598,"Unknown"
"AATCGGTGTAAACCTC","SRA526435","SRS1915196","Mus musculus","10x chromium","Cortex, hippocampus and subventricular zone","AATCGGTGTAAACCTC",2910,6093,107,0.0175611357295257,"Oligodendrocyte progenitor cells"
"AATCGGTGTAAGGGCT","SRA526435","SRS1915196","Mus musculus","10x chromium","Cortex, hippocampus and subventricular zone","AATCGGTGTAAGGGCT",1910,3692,37,0.0100216684723727,"Unknown"
"AATCGGTGTAGGACAC","SRA526435","SRS1915196","Mus musculus","10x chromium","Cortex, hippocampus and subventricular zone","AATCGGTGTAGGACAC",2729,6311,99,0.0156868958960545,"Unknown"
"AATCGGTGTCAGATAA","SRA526435","SRS1915196","Mus musculus","10x chromium","Cortex, hippocampus and subventricular zone","AATCGGTGTCAGATAA",1988,3757,133,0.035400585573596,"Unknown"
"AATCGGTGTCCAACTA","SRA526435","SRS1915196","Mus musculus","10x chromium","Cortex, hippocampus and subventricular zone","AATCGGTGTCCAACTA",2846,6726,67,0.00996134403806125,"Unknown"
"AATCGGTGTCTAGGTT","SRA526435","SRS1915196","Mus musculus","10x chromium","Cortex, hippocampus and subventricular zone","AATCGGTGTCTAGGTT",1257,2029,32,0.015771315919172,"Unknown"
"AATCGGTGTGCGAAAC","SRA526435","SRS1915196","Mus musculus","10x chromium","Cortex, hippocampus and subventricular zone","AATCGGTGTGCGAAAC",2910,9060,84,0.00927152317880795,"Unknown"
"AATCGGTGTTCTCATT","SRA526435","SRS1915196","Mus musculus","10x chromium","Cortex, hippocampus and subventricular zone","AATCGGTGTTCTCATT",2169,4593,53,0.0115392989331592,"Unknown"
"AATCGGTGTTGAGTTC","SRA526435","SRS1915196","Mus musculus","10x chromium","Cortex, hippocampus and subventricular zone","AATCGGTGTTGAGTTC",952,1536,84,0.0546875,"Unknown"
"AATCGGTGTTGCGCAC","SRA526435","SRS1915196","Mus musculus","10x chromium","Cortex, hippocampus and subventricular zone","AATCGGTGTTGCGCAC",1336,2430,38,0.0156378600823045,"Unknown"
"AATCGGTTCACCGTAA","SRA526435","SRS1915196","Mus musculus","10x chromium","Cortex, hippocampus and subventricular zone","AATCGGTTCACCGTAA",2001,3942,33,0.00837138508371385,"Unknown"
"AATCGGTTCAGTGTTG","SRA526435","SRS1915196","Mus musculus","10x chromium","Cortex, hippocampus and subventricular zone","AATCGGTTCAGTGTTG",1043,1434,44,0.0306834030683403,"Unknown"
"AATCGGTTCGGTTCGG","SRA526435","SRS1915196","Mus musculus","10x chromium","Cortex, hippocampus and subventricular zone","AATCGGTTCGGTTCGG",1329,2344,39,0.0166382252559727,"Unknown"
"AATCGGTTCTGTGCAA","SRA526435","SRS1915196","Mus musculus","10x chromium","Cortex, hippocampus and subventricular zone","AATCGGTTCTGTGCAA",1944,3842,69,0.0179593961478397,"Unknown"
"AATCGGTTCTTAGAGC","SRA526435","SRS1915196","Mus musculus","10x chromium","Cortex, hippocampus and subventricular zone","AATCGGTTCTTAGAGC",2179,4233,49,0.0115757146231987,"Unknown"
"ACACCAAAGAATGTGT","SRA526435","SRS1915196","Mus musculus","10x chromium","Cortex, hippocampus and subventricular zone","ACACCAAAGAATGTGT",2402,5303,65,0.0122572128983594,"Unknown"
"ACACCAAAGAGTACCG","SRA526435","SRS1915196","Mus musculus","10x chromium","Cortex, hippocampus and subventricular zone","ACACCAAAGAGTACCG",2461,5425,59,0.0108755760368664,"Unknown"
"ACACCAAAGATCCGAG","SRA526435","SRS1915196","Mus musculus","10x chromium","Cortex, hippocampus and subventricular zone","ACACCAAAGATCCGAG",1276,2187,44,0.0201188843164152,"Unknown"
"ACACCAAAGCAGATCG","SRA526435","SRS1915196","Mus musculus","10x chromium","Cortex, hippocampus and subventricular zone","ACACCAAAGCAGATCG",1572,3211,35,0.0109000311429461,"Unknown"
"ACACCAAAGGAATGGA","SRA526435","SRS1915196","Mus musculus","10x chromium","Cortex, hippocampus and subventricular zone","ACACCAAAGGAATGGA",1559,2668,38,0.0142428785607196,"Unknown"
"ACACCAAAGGCAAAGA","SRA526435","SRS1915196","Mus musculus","10x chromium","Cortex, hippocampus and subventricular zone","ACACCAAAGGCAAAGA",1204,2041,76,0.0372366487016169,"Unknown"
"ACACCAAAGTACGTTC","SRA526435","SRS1915196","Mus musculus","10x chromium","Cortex, hippocampus and subventricular zone","ACACCAAAGTACGTTC",1251,2049,54,0.0263543191800878,"Unknown"
"ACACCAAAGTCTCGGC","SRA526435","SRS1915196","Mus musculus","10x chromium","Cortex, hippocampus and subventricular zone","ACACCAAAGTCTCGGC",2183,4593,65,0.0141519703897235,"Unknown"
"ACACCAAAGTGAACGC","SRA526435","SRS1915196","Mus musculus","10x chromium","Cortex, hippocampus and subventricular zone","ACACCAAAGTGAACGC",1937,3978,58,0.0145801910507793,"Unknown"
"ACACCAACAAGAGGCT","SRA526435","SRS1915196","Mus musculus","10x chromium","Cortex, hippocampus and subventricular zone","ACACCAACAAGAGGCT",1934,3657,49,0.01339896089691,"Unknown"
"ACACCAACAAGCCCAC","SRA526435","SRS1915196","Mus musculus","10x chromium","Cortex, hippocampus and subventricular zone","ACACCAACAAGCCCAC",1085,1641,80,0.048750761730652,"Unknown"
"ACACCAACACCCTATC","SRA526435","SRS1915196","Mus musculus","10x chromium","Cortex, hippocampus and subventricular zone","ACACCAACACCCTATC",2455,5184,84,0.0162037037037037,"Unknown"
"ACACCAACAGGGATTG","SRA526435","SRS1915196","Mus musculus","10x chromium","Cortex, hippocampus and subventricular zone","ACACCAACAGGGATTG",2451,5392,74,0.0137240356083086,"Unknown"
"ACACCAACAGTAGAGC","SRA526435","SRS1915196","Mus musculus","10x chromium","Cortex, hippocampus and subventricular zone","ACACCAACAGTAGAGC",1459,2228,51,0.0228904847396768,"Unknown"
"ACACCAACAGTTCATG","SRA526435","SRS1915196","Mus musculus","10x chromium","Cortex, hippocampus and subventricular zone","ACACCAACAGTTCATG",1977,3863,66,0.0170851669686772,"Unknown"
"ACACCAACATGGTCAT","SRA526435","SRS1915196","Mus musculus","10x chromium","Cortex, hippocampus and subventricular zone","ACACCAACATGGTCAT",2179,4493,48,0.0106832851101714,"Unknown"
"ACACCAAGTAAGAGAG","SRA526435","SRS1915196","Mus musculus","10x chromium","Cortex, hippocampus and subventricular zone","ACACCAAGTAAGAGAG",2303,5159,64,0.0124055049428184,"Unknown"
"ACACCAAGTAGTGAAT","SRA526435","SRS1915196","Mus musculus","10x chromium","Cortex, hippocampus and subventricular zone","ACACCAAGTAGTGAAT",3903,10812,111,0.0102663706992231,"Cajal-Retzius cells"
"ACACCAATCAGGTTCA","SRA526435","SRS1915196","Mus musculus","10x chromium","Cortex, hippocampus and subventricular zone","ACACCAATCAGGTTCA",1841,3404,39,0.0114571092831962,"Unknown"
"ACACCAATCCACGACG","SRA526435","SRS1915196","Mus musculus","10x chromium","Cortex, hippocampus and subventricular zone","ACACCAATCCACGACG",1356,2432,59,0.0242598684210526,"Unknown"
"ACACCAATCGCAGGCT","SRA526435","SRS1915196","Mus musculus","10x chromium","Cortex, hippocampus and subventricular zone","ACACCAATCGCAGGCT",2091,4052,48,0.0118460019743337,"Unknown"
"ACACCAATCGCGATCG","SRA526435","SRS1915196","Mus musculus","10x chromium","Cortex, hippocampus and subventricular zone","ACACCAATCGCGATCG",1922,4093,37,0.0090398240899096,"Unknown"
"ACACCAATCTACTCAT","SRA526435","SRS1915196","Mus musculus","10x chromium","Cortex, hippocampus and subventricular zone","ACACCAATCTACTCAT",2064,4532,51,0.0112533097969991,"Unknown"
"ACACCAATCTCGAGTA","SRA526435","SRS1915196","Mus musculus","10x chromium","Cortex, hippocampus and subventricular zone","ACACCAATCTCGAGTA",1618,3089,100,0.0323729362253156,"Unknown"
"ACACCAATCTCGATGA","SRA526435","SRS1915196","Mus musculus","10x chromium","Cortex, hippocampus and subventricular zone","ACACCAATCTCGATGA",2168,4489,59,0.0131432390287369,"Unknown"
"ACACCAATCTTCGAGA","SRA526435","SRS1915196","Mus musculus","10x chromium","Cortex, hippocampus and subventricular zone","ACACCAATCTTCGAGA",1299,2223,55,0.0247413405308142,"Unknown"
"ACACCCTAGAAGAAGC","SRA526435","SRS1915196","Mus musculus","10x chromium","Cortex, hippocampus and subventricular zone","ACACCCTAGAAGAAGC",1766,3916,23,0.00587334014300306,"Unknown"
"ACACCCTAGATATGGT","SRA526435","SRS1915196","Mus musculus","10x chromium","Cortex, hippocampus and subventricular zone","ACACCCTAGATATGGT",2335,5058,68,0.0134440490312376,"Unknown"
"ACACCCTAGATGTCGG","SRA526435","SRS1915196","Mus musculus","10x chromium","Cortex, hippocampus and subventricular zone","ACACCCTAGATGTCGG",1500,2900,36,0.0124137931034483,"Unknown"
"ACACCCTAGTCCATAC","SRA526435","SRS1915196","Mus musculus","10x chromium","Cortex, hippocampus and subventricular zone","ACACCCTAGTCCATAC",2226,5516,108,0.0195794053662074,"Microglia"
"ACACCCTCAATCTGCA","SRA526435","SRS1915196","Mus musculus","10x chromium","Cortex, hippocampus and subventricular zone","ACACCCTCAATCTGCA",6375,25461,179,0.00703036015867405,"Unknown"
"ACACCCTCACACGCTG","SRA526435","SRS1915196","Mus musculus","10x chromium","Cortex, hippocampus and subventricular zone","ACACCCTCACACGCTG",1588,3047,26,0.00853298326222514,"Unknown"
"ACACCCTCACCGCTAG","SRA526435","SRS1915196","Mus musculus","10x chromium","Cortex, hippocampus and subventricular zone","ACACCCTCACCGCTAG",1912,3607,53,0.0146936512337122,"Unknown"
"ACACCCTCACTTGGAT","SRA526435","SRS1915196","Mus musculus","10x chromium","Cortex, hippocampus and subventricular zone","ACACCCTCACTTGGAT",2868,6511,57,0.00875441560436185,"Unknown"
"ACACCCTCAGGGAGAG","SRA526435","SRS1915196","Mus musculus","10x chromium","Cortex, hippocampus and subventricular zone","ACACCCTCAGGGAGAG",2293,5116,98,0.0191555903049257,"Unknown"
"ACACCCTCATCACCCT","SRA526435","SRS1915196","Mus musculus","10x chromium","Cortex, hippocampus and subventricular zone","ACACCCTCATCACCCT",2357,4856,42,0.00864909390444811,"Unknown"
"ACACCCTCATCCCACT","SRA526435","SRS1915196","Mus musculus","10x chromium","Cortex, hippocampus and subventricular zone","ACACCCTCATCCCACT",2196,4375,64,0.0146285714285714,"Unknown"
"ACACCCTCATTGCGGC","SRA526435","SRS1915196","Mus musculus","10x chromium","Cortex, hippocampus and subventricular zone","ACACCCTCATTGCGGC",2672,6482,48,0.00740512187596421,"Unknown"
"ACACCCTGTAAACACA","SRA526435","SRS1915196","Mus musculus","10x chromium","Cortex, hippocampus and subventricular zone","ACACCCTGTAAACACA",1380,2322,30,0.0129198966408269,"Unknown"
"ACACCCTTCAGGTTCA","SRA526435","SRS1915196","Mus musculus","10x chromium","Cortex, hippocampus and subventricular zone","ACACCCTTCAGGTTCA",1331,2424,44,0.0181518151815182,"Unknown"
"ACACCCTTCCAGATCA","SRA526435","SRS1915196","Mus musculus","10x chromium","Cortex, hippocampus and subventricular zone","ACACCCTTCCAGATCA",2346,5049,34,0.00673400673400673,"Unknown"
"ACACCCTTCGGATGGA","SRA526435","SRS1915196","Mus musculus","10x chromium","Cortex, hippocampus and subventricular zone","ACACCCTTCGGATGGA",3261,8312,41,0.00493262752646776,"Unknown"
"ACACCCTTCGTGTAGT","SRA526435","SRS1915196","Mus musculus","10x chromium","Cortex, hippocampus and subventricular zone","ACACCCTTCGTGTAGT",1214,2026,26,0.0128331688055281,"Unknown"
"ACACCCTTCTATCGCC","SRA526435","SRS1915196","Mus musculus","10x chromium","Cortex, hippocampus and subventricular zone","ACACCCTTCTATCGCC",696,1108,40,0.036101083032491,"Unknown"
"ACACCCTTCTCCTATA","SRA526435","SRS1915196","Mus musculus","10x chromium","Cortex, hippocampus and subventricular zone","ACACCCTTCTCCTATA",2349,4957,46,0.0092798063344765,"Unknown"
"ACACCCTTCTTTAGTC","SRA526435","SRS1915196","Mus musculus","10x chromium","Cortex, hippocampus and subventricular zone","ACACCCTTCTTTAGTC",844,1140,13,0.0114035087719298,"Cajal-Retzius cells"
"ACACCGGAGAAGCCCA","SRA526435","SRS1915196","Mus musculus","10x chromium","Cortex, hippocampus and subventricular zone","ACACCGGAGAAGCCCA",2241,4593,41,0.00892662747659482,"Unknown"
"ACACCGGAGAGCTTCT","SRA526435","SRS1915196","Mus musculus","10x chromium","Cortex, hippocampus and subventricular zone","ACACCGGAGAGCTTCT",2224,4120,76,0.0184466019417476,"Unknown"
"ACACCGGAGAGTGAGA","SRA526435","SRS1915196","Mus musculus","10x chromium","Cortex, hippocampus and subventricular zone","ACACCGGAGAGTGAGA",2181,4286,60,0.0139990667288847,"Unknown"
"ACACCGGAGCGTGAGT","SRA526435","SRS1915196","Mus musculus","10x chromium","Cortex, hippocampus and subventricular zone","ACACCGGAGCGTGAGT",1602,2843,47,0.0165318325712276,"Unknown"
"ACACCGGAGGGTTCCC","SRA526435","SRS1915196","Mus musculus","10x chromium","Cortex, hippocampus and subventricular zone","ACACCGGAGGGTTCCC",3150,7148,132,0.0184667039731393,"Unknown"
"ACACCGGCAGACGTAG","SRA526435","SRS1915196","Mus musculus","10x chromium","Cortex, hippocampus and subventricular zone","ACACCGGCAGACGTAG",835,1273,20,0.0157109190887667,"Unknown"
"ACACCGGCAGCTGCAC","SRA526435","SRS1915196","Mus musculus","10x chromium","Cortex, hippocampus and subventricular zone","ACACCGGCAGCTGCAC",2424,5318,62,0.0116585182399398,"Unknown"
"ACACCGGGTAGCGCAA","SRA526435","SRS1915196","Mus musculus","10x chromium","Cortex, hippocampus and subventricular zone","ACACCGGGTAGCGCAA",2736,6412,59,0.00920149719276357,"Unknown"
"ACACCGGGTAGCTTGT","SRA526435","SRS1915196","Mus musculus","10x chromium","Cortex, hippocampus and subventricular zone","ACACCGGGTAGCTTGT",2661,6296,27,0.00428843710292249,"Unknown"
"ACACCGGGTCAGAATA","SRA526435","SRS1915196","Mus musculus","10x chromium","Cortex, hippocampus and subventricular zone","ACACCGGGTCAGAATA",2515,5766,46,0.00797780090183836,"Unknown"
"ACACCGGGTCCAACTA","SRA526435","SRS1915196","Mus musculus","10x chromium","Cortex, hippocampus and subventricular zone","ACACCGGGTCCAACTA",2172,4132,60,0.0145208131655373,"Unknown"
"ACACCGGGTCCGAACC","SRA526435","SRS1915196","Mus musculus","10x chromium","Cortex, hippocampus and subventricular zone","ACACCGGGTCCGAACC",138,4213,5,0.00118680275338239,"Erythroid-like and erythroid precursor cells"
"ACACCGGGTCGCATCG","SRA526435","SRS1915196","Mus musculus","10x chromium","Cortex, hippocampus and subventricular zone","ACACCGGGTCGCATCG",1572,2526,26,0.0102929532858274,"Unknown"
"ACACCGGGTCGCCATG","SRA526435","SRS1915196","Mus musculus","10x chromium","Cortex, hippocampus and subventricular zone","ACACCGGGTCGCCATG",1958,4286,42,0.00979934671021932,"Unknown"
"ACACCGGGTCTGGAGA","SRA526435","SRS1915196","Mus musculus","10x chromium","Cortex, hippocampus and subventricular zone","ACACCGGGTCTGGAGA",1836,3463,52,0.0150158821830783,"Unknown"
"ACACCGGGTGACAAAT","SRA526435","SRS1915196","Mus musculus","10x chromium","Cortex, hippocampus and subventricular zone","ACACCGGGTGACAAAT",2469,5386,80,0.0148533234311177,"Unknown"
"ACACCGGTCAAGGCTT","SRA526435","SRS1915196","Mus musculus","10x chromium","Cortex, hippocampus and subventricular zone","ACACCGGTCAAGGCTT",2316,5390,128,0.023747680890538,"Endothelial cells"
"ACACCGGTCAGCTCGG","SRA526435","SRS1915196","Mus musculus","10x chromium","Cortex, hippocampus and subventricular zone","ACACCGGTCAGCTCGG",2453,5903,67,0.0113501609351177,"Unknown"
"ACACCGGTCCCAGGTG","SRA526435","SRS1915196","Mus musculus","10x chromium","Cortex, hippocampus and subventricular zone","ACACCGGTCCCAGGTG",1623,2803,119,0.0424545130217624,"Unknown"
"ACACCGGTCCTGCTTG","SRA526435","SRS1915196","Mus musculus","10x chromium","Cortex, hippocampus and subventricular zone","ACACCGGTCCTGCTTG",1749,3345,54,0.0161434977578475,"Unknown"
"ACACCGGTCGAGGTAG","SRA526435","SRS1915196","Mus musculus","10x chromium","Cortex, hippocampus and subventricular zone","ACACCGGTCGAGGTAG",2497,5611,99,0.0176439137408662,"Unknown"
"ACACCGGTCTGCTGCT","SRA526435","SRS1915196","Mus musculus","10x chromium","Cortex, hippocampus and subventricular zone","ACACCGGTCTGCTGCT",3106,8328,103,0.0123679154658982,"Unknown"
"ACACTGAAGATCCGAG","SRA526435","SRS1915196","Mus musculus","10x chromium","Cortex, hippocampus and subventricular zone","ACACTGAAGATCCGAG",1824,3242,24,0.00740283775447255,"Unknown"
"ACACTGAAGCATGGCA","SRA526435","SRS1915196","Mus musculus","10x chromium","Cortex, hippocampus and subventricular zone","ACACTGAAGCATGGCA",1360,2306,47,0.0203816131830009,"Unknown"
"ACACTGAAGCGTGAAC","SRA526435","SRS1915196","Mus musculus","10x chromium","Cortex, hippocampus and subventricular zone","ACACTGAAGCGTGAAC",2812,6417,98,0.0152719339255104,"Unknown"
"ACACTGAAGTTTCCTT","SRA526435","SRS1915196","Mus musculus","10x chromium","Cortex, hippocampus and subventricular zone","ACACTGAAGTTTCCTT",2738,6760,69,0.010207100591716,"Unknown"
"ACACTGACACAAGTAA","SRA526435","SRS1915196","Mus musculus","10x chromium","Cortex, hippocampus and subventricular zone","ACACTGACACAAGTAA",1260,2112,34,0.0160984848484848,"Unknown"
"ACACTGACACGCTTTC","SRA526435","SRS1915196","Mus musculus","10x chromium","Cortex, hippocampus and subventricular zone","ACACTGACACGCTTTC",3039,8023,58,0.00722921600398853,"Unknown"
"ACACTGACAGGGTTAG","SRA526435","SRS1915196","Mus musculus","10x chromium","Cortex, hippocampus and subventricular zone","ACACTGACAGGGTTAG",3386,9349,92,0.00984062466573965,"Unknown"
"ACACTGACATAGAAAC","SRA526435","SRS1915196","Mus musculus","10x chromium","Cortex, hippocampus and subventricular zone","ACACTGACATAGAAAC",1017,1716,34,0.0198135198135198,"Unknown"
"ACACTGAGTAACGTTC","SRA526435","SRS1915196","Mus musculus","10x chromium","Cortex, hippocampus and subventricular zone","ACACTGAGTAACGTTC",1463,2708,28,0.0103397341211226,"Unknown"
"ACACTGAGTATGAAAC","SRA526435","SRS1915196","Mus musculus","10x chromium","Cortex, hippocampus and subventricular zone","ACACTGAGTATGAAAC",799,1220,17,0.0139344262295082,"Endothelial cells"
"ACACTGAGTGATGATA","SRA526435","SRS1915196","Mus musculus","10x chromium","Cortex, hippocampus and subventricular zone","ACACTGAGTGATGATA",1084,1852,40,0.0215982721382289,"Unknown"
"ACACTGAGTGCGGTAA","SRA526435","SRS1915196","Mus musculus","10x chromium","Cortex, hippocampus and subventricular zone","ACACTGAGTGCGGTAA",2067,4357,52,0.0119348175350011,"Unknown"
"ACACTGAGTGGAAAGA","SRA526435","SRS1915196","Mus musculus","10x chromium","Cortex, hippocampus and subventricular zone","ACACTGAGTGGAAAGA",1966,4263,66,0.0154820548909219,"Unknown"
"ACACTGATCCCTGACT","SRA526435","SRS1915196","Mus musculus","10x chromium","Cortex, hippocampus and subventricular zone","ACACTGATCCCTGACT",1690,3088,59,0.0191062176165803,"Unknown"
"ACACTGATCCGATATG","SRA526435","SRS1915196","Mus musculus","10x chromium","Cortex, hippocampus and subventricular zone","ACACTGATCCGATATG",2471,5569,56,0.0100556652899982,"Unknown"
"ACACTGATCTGCTGCT","SRA526435","SRS1915196","Mus musculus","10x chromium","Cortex, hippocampus and subventricular zone","ACACTGATCTGCTGCT",3574,9610,106,0.0110301768990635,"Unknown"
"ACACTGATCTTGAGAC","SRA526435","SRS1915196","Mus musculus","10x chromium","Cortex, hippocampus and subventricular zone","ACACTGATCTTGAGAC",2359,5194,107,0.0206006931074317,"Unknown"
"ACAGCCGAGCTAGTGG","SRA526435","SRS1915196","Mus musculus","10x chromium","Cortex, hippocampus and subventricular zone","ACAGCCGAGCTAGTGG",2398,6433,79,0.012280429037774,"Unknown"
"ACAGCCGAGTTCGCAT","SRA526435","SRS1915196","Mus musculus","10x chromium","Cortex, hippocampus and subventricular zone","ACAGCCGAGTTCGCAT",2327,4859,74,0.0152294710845853,"Unknown"
"ACAGCCGCAGTACACT","SRA526435","SRS1915196","Mus musculus","10x chromium","Cortex, hippocampus and subventricular zone","ACAGCCGCAGTACACT",1789,3289,47,0.0142900577683186,"Unknown"
"ACAGCCGCATGATCCA","SRA526435","SRS1915196","Mus musculus","10x chromium","Cortex, hippocampus and subventricular zone","ACAGCCGCATGATCCA",1120,1746,48,0.0274914089347079,"Unknown"
"ACAGCCGCATGCCCGA","SRA526435","SRS1915196","Mus musculus","10x chromium","Cortex, hippocampus and subventricular zone","ACAGCCGCATGCCCGA",2336,5295,44,0.00830972615675165,"Unknown"
"ACAGCCGGTCTAACGT","SRA526435","SRS1915196","Mus musculus","10x chromium","Cortex, hippocampus and subventricular zone","ACAGCCGGTCTAACGT",1286,2067,9,0.00435413642960813,"Unknown"
"ACAGCCGGTCTCCACT","SRA526435","SRS1915196","Mus musculus","10x chromium","Cortex, hippocampus and subventricular zone","ACAGCCGGTCTCCACT",1448,2654,97,0.0365486058779201,"Unknown"
"ACAGCCGGTGAGCGAT","SRA526435","SRS1915196","Mus musculus","10x chromium","Cortex, hippocampus and subventricular zone","ACAGCCGGTGAGCGAT",786,1094,101,0.0923217550274223,"Unknown"
"ACAGCCGGTGTGACCC","SRA526435","SRS1915196","Mus musculus","10x chromium","Cortex, hippocampus and subventricular zone","ACAGCCGGTGTGACCC",2087,4519,79,0.017481743748617,"Unknown"
"ACAGCCGTCATTGCGA","SRA526435","SRS1915196","Mus musculus","10x chromium","Cortex, hippocampus and subventricular zone","ACAGCCGTCATTGCGA",1689,3212,35,0.0108966376089664,"Unknown"
"ACAGCCGTCCAAGTAC","SRA526435","SRS1915196","Mus musculus","10x chromium","Cortex, hippocampus and subventricular zone","ACAGCCGTCCAAGTAC",1353,2235,21,0.00939597315436242,"Unknown"
"ACAGCCGTCTACCTGC","SRA526435","SRS1915196","Mus musculus","10x chromium","Cortex, hippocampus and subventricular zone","ACAGCCGTCTACCTGC",2061,4233,48,0.0113394755492558,"Unknown"
"ACAGCTAAGAGCCTAG","SRA526435","SRS1915196","Mus musculus","10x chromium","Cortex, hippocampus and subventricular zone","ACAGCTAAGAGCCTAG",4043,11992,108,0.00900600400266845,"Unknown"
"ACAGCTAAGCAGCCTC","SRA526435","SRS1915196","Mus musculus","10x chromium","Cortex, hippocampus and subventricular zone","ACAGCTAAGCAGCCTC",1928,4155,61,0.0146811070998797,"Unknown"
"ACAGCTAAGCGCTCCA","SRA526435","SRS1915196","Mus musculus","10x chromium","Cortex, hippocampus and subventricular zone","ACAGCTAAGCGCTCCA",3437,9046,66,0.00729604244970153,"Unknown"
"ACAGCTAAGGCACATG","SRA526435","SRS1915196","Mus musculus","10x chromium","Cortex, hippocampus and subventricular zone","ACAGCTAAGGCACATG",2265,4858,41,0.0084396871140387,"Unknown"
"ACAGCTAAGGTTCCTA","SRA526435","SRS1915196","Mus musculus","10x chromium","Cortex, hippocampus and subventricular zone","ACAGCTAAGGTTCCTA",3840,11256,63,0.00559701492537313,"Unknown"
"ACAGCTAAGTAGGCCA","SRA526435","SRS1915196","Mus musculus","10x chromium","Cortex, hippocampus and subventricular zone","ACAGCTAAGTAGGCCA",2682,6196,67,0.0108134280180762,"Unknown"
"ACAGCTACAAGGACTG","SRA526435","SRS1915196","Mus musculus","10x chromium","Cortex, hippocampus and subventricular zone","ACAGCTACAAGGACTG",995,1361,40,0.0293901542983101,"Unknown"
"ACAGCTACAATAGCGG","SRA526435","SRS1915196","Mus musculus","10x chromium","Cortex, hippocampus and subventricular zone","ACAGCTACAATAGCGG",2910,6953,66,0.00949230547964907,"Unknown"
"ACAGCTACACACTGCG","SRA526435","SRS1915196","Mus musculus","10x chromium","Cortex, hippocampus and subventricular zone","ACAGCTACACACTGCG",214,1586,4,0.00252206809583859,"Erythroid-like and erythroid precursor cells"
"ACAGCTACACCAGGCT","SRA526435","SRS1915196","Mus musculus","10x chromium","Cortex, hippocampus and subventricular zone","ACAGCTACACCAGGCT",1969,3770,51,0.0135278514588859,"Unknown"
"ACAGCTACACCGAAAG","SRA526435","SRS1915196","Mus musculus","10x chromium","Cortex, hippocampus and subventricular zone","ACAGCTACACCGAAAG",1795,3186,61,0.0191462649089768,"Unknown"
"ACAGCTACAGCTATTG","SRA526435","SRS1915196","Mus musculus","10x chromium","Cortex, hippocampus and subventricular zone","ACAGCTACAGCTATTG",4208,13251,142,0.0107161723643499,"Unknown"
"ACAGCTAGTAAGAGGA","SRA526435","SRS1915196","Mus musculus","10x chromium","Cortex, hippocampus and subventricular zone","ACAGCTAGTAAGAGGA",2751,6582,106,0.0161045274992404,"Unknown"
"ACAGCTAGTAGCGATG","SRA526435","SRS1915196","Mus musculus","10x chromium","Cortex, hippocampus and subventricular zone","ACAGCTAGTAGCGATG",5129,17541,174,0.0099196168975543,"Unknown"
"ACAGCTAGTAGGCTGA","SRA526435","SRS1915196","Mus musculus","10x chromium","Cortex, hippocampus and subventricular zone","ACAGCTAGTAGGCTGA",2587,5914,57,0.00963814677037538,"Unknown"
"ACAGCTAGTCCATGAT","SRA526435","SRS1915196","Mus musculus","10x chromium","Cortex, hippocampus and subventricular zone","ACAGCTAGTCCATGAT",1854,3554,23,0.00647158131682611,"Unknown"
"ACAGCTAGTCCGCTGA","SRA526435","SRS1915196","Mus musculus","10x chromium","Cortex, hippocampus and subventricular zone","ACAGCTAGTCCGCTGA",1950,3628,42,0.0115766262403528,"Unknown"
"ACAGCTATCATGCAAC","SRA526435","SRS1915196","Mus musculus","10x chromium","Cortex, hippocampus and subventricular zone","ACAGCTATCATGCAAC",1811,3105,31,0.00998389694041868,"Unknown"
"ACAGCTATCATTGCGA","SRA526435","SRS1915196","Mus musculus","10x chromium","Cortex, hippocampus and subventricular zone","ACAGCTATCATTGCGA",3191,7387,97,0.0131311763909571,"Unknown"
"ACAGCTATCCATGCTC","SRA526435","SRS1915196","Mus musculus","10x chromium","Cortex, hippocampus and subventricular zone","ACAGCTATCCATGCTC",2014,3898,38,0.00974858902001026,"Unknown"
"ACAGCTATCGTATCAG","SRA526435","SRS1915196","Mus musculus","10x chromium","Cortex, hippocampus and subventricular zone","ACAGCTATCGTATCAG",3221,7808,76,0.00973360655737705,"Unknown"
"ACAGCTATCTACTATC","SRA526435","SRS1915196","Mus musculus","10x chromium","Cortex, hippocampus and subventricular zone","ACAGCTATCTACTATC",1358,2410,36,0.0149377593360996,"Unknown"
"ACAGCTATCTCAAGTG","SRA526435","SRS1915196","Mus musculus","10x chromium","Cortex, hippocampus and subventricular zone","ACAGCTATCTCAAGTG",3099,8134,78,0.00958937791984264,"Unknown"
"ACATACGAGAGCTGGT","SRA526435","SRS1915196","Mus musculus","10x chromium","Cortex, hippocampus and subventricular zone","ACATACGAGAGCTGGT",2000,4303,57,0.0132465721589589,"Unknown"
"ACATACGAGAGGACGG","SRA526435","SRS1915196","Mus musculus","10x chromium","Cortex, hippocampus and subventricular zone","ACATACGAGAGGACGG",179,5795,2,0.000345125107851596,"Erythroid-like and erythroid precursor cells"
"ACATACGAGGCAAAGA","SRA526435","SRS1915196","Mus musculus","10x chromium","Cortex, hippocampus and subventricular zone","ACATACGAGGCAAAGA",3741,10012,157,0.0156811825809029,"Unknown"
"ACATACGAGTGAAGTT","SRA526435","SRS1915196","Mus musculus","10x chromium","Cortex, hippocampus and subventricular zone","ACATACGAGTGAAGTT",2060,4225,31,0.00733727810650888,"Unknown"
"ACATACGCAAGCCATT","SRA526435","SRS1915196","Mus musculus","10x chromium","Cortex, hippocampus and subventricular zone","ACATACGCAAGCCATT",1353,2352,42,0.0178571428571429,"Unknown"
"ACATACGCAAGCTGGA","SRA526435","SRS1915196","Mus musculus","10x chromium","Cortex, hippocampus and subventricular zone","ACATACGCAAGCTGGA",1831,3503,46,0.0131316014844419,"Unknown"
"ACATACGCAGCCTGTG","SRA526435","SRS1915196","Mus musculus","10x chromium","Cortex, hippocampus and subventricular zone","ACATACGCAGCCTGTG",2298,4914,80,0.0162800162800163,"Unknown"
"ACATACGCATCCTAGA","SRA526435","SRS1915196","Mus musculus","10x chromium","Cortex, hippocampus and subventricular zone","ACATACGCATCCTAGA",1444,2455,39,0.0158859470468432,"Unknown"
"ACATACGCATTCCTCG","SRA526435","SRS1915196","Mus musculus","10x chromium","Cortex, hippocampus and subventricular zone","ACATACGCATTCCTCG",2146,4531,49,0.010814389759435,"Unknown"
"ACATACGGTACCGTAT","SRA526435","SRS1915196","Mus musculus","10x chromium","Cortex, hippocampus and subventricular zone","ACATACGGTACCGTAT",2337,4939,54,0.0109333873253695,"Unknown"
"ACATACGGTAGCAAAT","SRA526435","SRS1915196","Mus musculus","10x chromium","Cortex, hippocampus and subventricular zone","ACATACGGTAGCAAAT",2004,4304,46,0.0106877323420074,"Unknown"
"ACATACGGTCGCGAAA","SRA526435","SRS1915196","Mus musculus","10x chromium","Cortex, hippocampus and subventricular zone","ACATACGGTCGCGAAA",1401,2365,12,0.00507399577167019,"Endothelial cells"
"ACATACGGTCTTCAAG","SRA526435","SRS1915196","Mus musculus","10x chromium","Cortex, hippocampus and subventricular zone","ACATACGGTCTTCAAG",2816,6470,45,0.00695517774343122,"Unknown"
"ACATACGGTGGCCCTA","SRA526435","SRS1915196","Mus musculus","10x chromium","Cortex, hippocampus and subventricular zone","ACATACGGTGGCCCTA",1480,2519,39,0.0154823342596268,"Unknown"
"ACATACGGTGGTCTCG","SRA526435","SRS1915196","Mus musculus","10x chromium","Cortex, hippocampus and subventricular zone","ACATACGGTGGTCTCG",1749,3536,42,0.0118778280542986,"Unknown"
"ACATACGGTTGTGGCC","SRA526435","SRS1915196","Mus musculus","10x chromium","Cortex, hippocampus and subventricular zone","ACATACGGTTGTGGCC",2031,3939,42,0.0106626047220107,"Unknown"
"ACATACGTCACTCTTA","SRA526435","SRS1915196","Mus musculus","10x chromium","Cortex, hippocampus and subventricular zone","ACATACGTCACTCTTA",1934,3743,65,0.0173657493988779,"Unknown"
"ACATACGTCTCAAACG","SRA526435","SRS1915196","Mus musculus","10x chromium","Cortex, hippocampus and subventricular zone","ACATACGTCTCAAACG",1199,1814,4,0.00220507166482911,"Unknown"
"ACATACGTCTCGGACG","SRA526435","SRS1915196","Mus musculus","10x chromium","Cortex, hippocampus and subventricular zone","ACATACGTCTCGGACG",1238,2161,84,0.038870893105044,"Unknown"
"ACATCAGAGACCTAGG","SRA526435","SRS1915196","Mus musculus","10x chromium","Cortex, hippocampus and subventricular zone","ACATCAGAGACCTAGG",1487,2746,28,0.0101966496722505,"Unknown"
"ACATCAGAGCCGCCTA","SRA526435","SRS1915196","Mus musculus","10x chromium","Cortex, hippocampus and subventricular zone","ACATCAGAGCCGCCTA",671,1020,6,0.00588235294117647,"Unknown"
"ACATCAGAGCTCCCAG","SRA526435","SRS1915196","Mus musculus","10x chromium","Cortex, hippocampus and subventricular zone","ACATCAGAGCTCCCAG",2615,6194,116,0.0187278010978366,"Unknown"
"ACATCAGAGGAACTGC","SRA526435","SRS1915196","Mus musculus","10x chromium","Cortex, hippocampus and subventricular zone","ACATCAGAGGAACTGC",3298,8861,87,0.00981830493172328,"Unknown"
"ACATCAGAGGCGTACA","SRA526435","SRS1915196","Mus musculus","10x chromium","Cortex, hippocampus and subventricular zone","ACATCAGAGGCGTACA",2573,5863,61,0.010404229916425,"Unknown"
"ACATCAGAGGCTAGAC","SRA526435","SRS1915196","Mus musculus","10x chromium","Cortex, hippocampus and subventricular zone","ACATCAGAGGCTAGAC",1125,2083,19,0.00912145943350936,"Unknown"
"ACATCAGAGGTAGCCA","SRA526435","SRS1915196","Mus musculus","10x chromium","Cortex, hippocampus and subventricular zone","ACATCAGAGGTAGCCA",1807,3126,52,0.0166346769033909,"Unknown"
"ACATCAGAGTAATCCC","SRA526435","SRS1915196","Mus musculus","10x chromium","Cortex, hippocampus and subventricular zone","ACATCAGAGTAATCCC",1737,2844,174,0.0611814345991561,"Unknown"
"ACATCAGAGTGAATTG","SRA526435","SRS1915196","Mus musculus","10x chromium","Cortex, hippocampus and subventricular zone","ACATCAGAGTGAATTG",2925,7177,46,0.00640936324369514,"Unknown"
"ACATCAGAGTGTTGAA","SRA526435","SRS1915196","Mus musculus","10x chromium","Cortex, hippocampus and subventricular zone","ACATCAGAGTGTTGAA",2479,5689,45,0.00791000175777817,"Unknown"
"ACATCAGCACATCTTT","SRA526435","SRS1915196","Mus musculus","10x chromium","Cortex, hippocampus and subventricular zone","ACATCAGCACATCTTT",2812,6371,36,0.00565060430073772,"Unknown"
"ACATCAGCACGTAAGG","SRA526435","SRS1915196","Mus musculus","10x chromium","Cortex, hippocampus and subventricular zone","ACATCAGCACGTAAGG",4705,15152,149,0.00983368532206969,"Unknown"
"ACATCAGCACTTCGAA","SRA526435","SRS1915196","Mus musculus","10x chromium","Cortex, hippocampus and subventricular zone","ACATCAGCACTTCGAA",4150,13046,81,0.00620879963207113,"Unknown"
"ACATCAGCAGGCTCAC","SRA526435","SRS1915196","Mus musculus","10x chromium","Cortex, hippocampus and subventricular zone","ACATCAGCAGGCTCAC",2096,4007,52,0.0129772897429498,"Unknown"
"ACATCAGCATACTACG","SRA526435","SRS1915196","Mus musculus","10x chromium","Cortex, hippocampus and subventricular zone","ACATCAGCATACTACG",2528,5916,59,0.00997295469912103,"Unknown"
"ACATCAGGTAGTAGTA","SRA526435","SRS1915196","Mus musculus","10x chromium","Cortex, hippocampus and subventricular zone","ACATCAGGTAGTAGTA",3017,7256,46,0.00633958103638368,"Unknown"
"ACATCAGGTATAGTAG","SRA526435","SRS1915196","Mus musculus","10x chromium","Cortex, hippocampus and subventricular zone","ACATCAGGTATAGTAG",2310,5182,48,0.00926283288305673,"Unknown"
"ACATCAGTCACTTCAT","SRA526435","SRS1915196","Mus musculus","10x chromium","Cortex, hippocampus and subventricular zone","ACATCAGTCACTTCAT",1427,2691,46,0.0170940170940171,"Unknown"
"ACATCAGTCCTCAACC","SRA526435","SRS1915196","Mus musculus","10x chromium","Cortex, hippocampus and subventricular zone","ACATCAGTCCTCAACC",1326,2239,44,0.01965163019205,"Unknown"
"ACATCAGTCGACAGCC","SRA526435","SRS1915196","Mus musculus","10x chromium","Cortex, hippocampus and subventricular zone","ACATCAGTCGACAGCC",2684,6446,56,0.00868755817561278,"Unknown"
"ACATCAGTCTAACGGT","SRA526435","SRS1915196","Mus musculus","10x chromium","Cortex, hippocampus and subventricular zone","ACATCAGTCTAACGGT",1847,3589,68,0.0189467818333798,"Unknown"
"ACATCAGTCTCTAGGA","SRA526435","SRS1915196","Mus musculus","10x chromium","Cortex, hippocampus and subventricular zone","ACATCAGTCTCTAGGA",1558,2944,40,0.0135869565217391,"Unknown"
"ACATGGTAGATATGCA","SRA526435","SRS1915196","Mus musculus","10x chromium","Cortex, hippocampus and subventricular zone","ACATGGTAGATATGCA",1214,1982,91,0.0459132189707366,"Unknown"
"ACATGGTAGATGGGTC","SRA526435","SRS1915196","Mus musculus","10x chromium","Cortex, hippocampus and subventricular zone","ACATGGTAGATGGGTC",1937,3912,61,0.0155930470347648,"Unknown"
"ACATGGTAGTATTGGA","SRA526435","SRS1915196","Mus musculus","10x chromium","Cortex, hippocampus and subventricular zone","ACATGGTAGTATTGGA",1823,4042,36,0.00890648193963384,"Unknown"
"ACATGGTAGTCGTTTG","SRA526435","SRS1915196","Mus musculus","10x chromium","Cortex, hippocampus and subventricular zone","ACATGGTAGTCGTTTG",2706,6330,84,0.0132701421800948,"Unknown"
"ACATGGTAGTTTAGGA","SRA526435","SRS1915196","Mus musculus","10x chromium","Cortex, hippocampus and subventricular zone","ACATGGTAGTTTAGGA",2089,4067,33,0.00811408900909761,"Unknown"
"ACATGGTCAAACTGTC","SRA526435","SRS1915196","Mus musculus","10x chromium","Cortex, hippocampus and subventricular zone","ACATGGTCAAACTGTC",1322,2242,16,0.00713648528099911,"Unknown"
"ACATGGTCAATCGGTT","SRA526435","SRS1915196","Mus musculus","10x chromium","Cortex, hippocampus and subventricular zone","ACATGGTCAATCGGTT",853,1169,41,0.0350727117194183,"Unknown"
"ACATGGTCACAGGTTT","SRA526435","SRS1915196","Mus musculus","10x chromium","Cortex, hippocampus and subventricular zone","ACATGGTCACAGGTTT",1473,2716,32,0.0117820324005891,"Unknown"
"ACATGGTCAGATTGCT","SRA526435","SRS1915196","Mus musculus","10x chromium","Cortex, hippocampus and subventricular zone","ACATGGTCAGATTGCT",1974,3769,45,0.011939506500398,"Unknown"
"ACATGGTCATGCCTTC","SRA526435","SRS1915196","Mus musculus","10x chromium","Cortex, hippocampus and subventricular zone","ACATGGTCATGCCTTC",1825,3635,49,0.0134800550206327,"Unknown"
"ACATGGTGTAACGACG","SRA526435","SRS1915196","Mus musculus","10x chromium","Cortex, hippocampus and subventricular zone","ACATGGTGTAACGACG",2386,5338,122,0.0228550018733608,"Unknown"
"ACATGGTGTACCCAAT","SRA526435","SRS1915196","Mus musculus","10x chromium","Cortex, hippocampus and subventricular zone","ACATGGTGTACCCAAT",2136,4452,55,0.0123539982030548,"Unknown"
"ACATGGTGTCCAGTAT","SRA526435","SRS1915196","Mus musculus","10x chromium","Cortex, hippocampus and subventricular zone","ACATGGTGTCCAGTAT",1700,3138,47,0.0149776927979605,"Unknown"
"ACATGGTGTGACCAAG","SRA526435","SRS1915196","Mus musculus","10x chromium","Cortex, hippocampus and subventricular zone","ACATGGTGTGACCAAG",3264,7701,84,0.0109076743280093,"Unknown"
"ACATGGTGTGTCTGAT","SRA526435","SRS1915196","Mus musculus","10x chromium","Cortex, hippocampus and subventricular zone","ACATGGTGTGTCTGAT",1137,1806,96,0.053156146179402,"Unknown"
"ACATGGTGTTCCCTTG","SRA526435","SRS1915196","Mus musculus","10x chromium","Cortex, hippocampus and subventricular zone","ACATGGTGTTCCCTTG",797,1129,46,0.0407440212577502,"Unknown"
"ACATGGTGTTCGCTAA","SRA526435","SRS1915196","Mus musculus","10x chromium","Cortex, hippocampus and subventricular zone","ACATGGTGTTCGCTAA",1614,3038,24,0.00789993416721527,"Unknown"
"ACATGGTGTTGGAGGT","SRA526435","SRS1915196","Mus musculus","10x chromium","Cortex, hippocampus and subventricular zone","ACATGGTGTTGGAGGT",959,1362,74,0.0543318649045521,"Cajal-Retzius cells"
"ACATGGTTCCTTCAAT","SRA526435","SRS1915196","Mus musculus","10x chromium","Cortex, hippocampus and subventricular zone","ACATGGTTCCTTCAAT",2876,7401,106,0.0143223888663694,"Pericytes"
"ACATGGTTCGTGTAGT","SRA526435","SRS1915196","Mus musculus","10x chromium","Cortex, hippocampus and subventricular zone","ACATGGTTCGTGTAGT",975,1498,15,0.0100133511348465,"Unknown"
"ACATGGTTCTCATTCA","SRA526435","SRS1915196","Mus musculus","10x chromium","Cortex, hippocampus and subventricular zone","ACATGGTTCTCATTCA",2326,5167,96,0.0185794464873234,"Unknown"
"ACATGGTTCTGTCTCG","SRA526435","SRS1915196","Mus musculus","10x chromium","Cortex, hippocampus and subventricular zone","ACATGGTTCTGTCTCG",2047,3870,54,0.013953488372093,"Unknown"
"ACCAGTAAGAGGTTAT","SRA526435","SRS1915196","Mus musculus","10x chromium","Cortex, hippocampus and subventricular zone","ACCAGTAAGAGGTTAT",3098,8381,120,0.0143181004653383,"Unknown"
"ACCAGTAAGATTACCC","SRA526435","SRS1915196","Mus musculus","10x chromium","Cortex, hippocampus and subventricular zone","ACCAGTAAGATTACCC",1340,2198,29,0.0131938125568699,"Unknown"
"ACCAGTAAGCCGATTT","SRA526435","SRS1915196","Mus musculus","10x chromium","Cortex, hippocampus and subventricular zone","ACCAGTAAGCCGATTT",2402,5016,83,0.0165470494417863,"Unknown"
"ACCAGTAAGCGGATCA","SRA526435","SRS1915196","Mus musculus","10x chromium","Cortex, hippocampus and subventricular zone","ACCAGTAAGCGGATCA",2179,4671,81,0.0173410404624277,"Unknown"
"ACCAGTAAGCTCAACT","SRA526435","SRS1915196","Mus musculus","10x chromium","Cortex, hippocampus and subventricular zone","ACCAGTAAGCTCAACT",3031,7369,89,0.01207762247252,"Unknown"
"ACCAGTAAGGAATGGA","SRA526435","SRS1915196","Mus musculus","10x chromium","Cortex, hippocampus and subventricular zone","ACCAGTAAGGAATGGA",2411,5844,44,0.00752908966461328,"Unknown"
"ACCAGTAAGGCAGGTT","SRA526435","SRS1915196","Mus musculus","10x chromium","Cortex, hippocampus and subventricular zone","ACCAGTAAGGCAGGTT",2226,5314,46,0.00865637937523523,"Unknown"
"ACCAGTACAATAGCGG","SRA526435","SRS1915196","Mus musculus","10x chromium","Cortex, hippocampus and subventricular zone","ACCAGTACAATAGCGG",1077,1880,33,0.0175531914893617,"Unknown"
"ACCAGTACAATGTAAG","SRA526435","SRS1915196","Mus musculus","10x chromium","Cortex, hippocampus and subventricular zone","ACCAGTACAATGTAAG",1686,3349,37,0.0110480740519558,"Unknown"
"ACCAGTACACTAAGTC","SRA526435","SRS1915196","Mus musculus","10x chromium","Cortex, hippocampus and subventricular zone","ACCAGTACACTAAGTC",2659,6566,63,0.00959488272921109,"Unknown"
"ACCAGTACACTCAGGC","SRA526435","SRS1915196","Mus musculus","10x chromium","Cortex, hippocampus and subventricular zone","ACCAGTACACTCAGGC",2561,5317,92,0.0173029904081249,"Unknown"
"ACCAGTACAGCCTTGG","SRA526435","SRS1915196","Mus musculus","10x chromium","Cortex, hippocampus and subventricular zone","ACCAGTACAGCCTTGG",2100,4266,51,0.0119549929676512,"Unknown"
"ACCAGTACAGGCTCAC","SRA526435","SRS1915196","Mus musculus","10x chromium","Cortex, hippocampus and subventricular zone","ACCAGTACAGGCTCAC",2301,4964,51,0.0102739726027397,"Unknown"
"ACCAGTAGTAAACACA","SRA526435","SRS1915196","Mus musculus","10x chromium","Cortex, hippocampus and subventricular zone","ACCAGTAGTAAACACA",2227,5068,76,0.0149960536700868,"Unknown"
"ACCAGTAGTAAAGGAG","SRA526435","SRS1915196","Mus musculus","10x chromium","Cortex, hippocampus and subventricular zone","ACCAGTAGTAAAGGAG",861,1290,39,0.0302325581395349,"Unknown"
"ACCAGTAGTACCGGCT","SRA526435","SRS1915196","Mus musculus","10x chromium","Cortex, hippocampus and subventricular zone","ACCAGTAGTACCGGCT",164,5935,5,0.0008424599831508,"Erythroid-like and erythroid precursor cells"
"ACCAGTAGTACTCGCG","SRA526435","SRS1915196","Mus musculus","10x chromium","Cortex, hippocampus and subventricular zone","ACCAGTAGTACTCGCG",1958,3884,25,0.00643666323377961,"Unknown"
"ACCAGTAGTCCAACTA","SRA526435","SRS1915196","Mus musculus","10x chromium","Cortex, hippocampus and subventricular zone","ACCAGTAGTCCAACTA",2265,5118,56,0.0109417741305197,"Unknown"
"ACCAGTAGTGCACTTA","SRA526435","SRS1915196","Mus musculus","10x chromium","Cortex, hippocampus and subventricular zone","ACCAGTAGTGCACTTA",1617,3086,11,0.00356448476992871,"Unknown"
"ACCAGTAGTGGTCTCG","SRA526435","SRS1915196","Mus musculus","10x chromium","Cortex, hippocampus and subventricular zone","ACCAGTAGTGGTCTCG",1737,3052,41,0.0134338138925295,"Unknown"
"ACCAGTAGTGTCTGAT","SRA526435","SRS1915196","Mus musculus","10x chromium","Cortex, hippocampus and subventricular zone","ACCAGTAGTGTCTGAT",3187,8048,77,0.0095675944333996,"Unknown"
"ACCAGTAGTGTGGCTC","SRA526435","SRS1915196","Mus musculus","10x chromium","Cortex, hippocampus and subventricular zone","ACCAGTAGTGTGGCTC",3180,7334,107,0.0145895827652032,"Unknown"
"ACCAGTAGTTAAGAAC","SRA526435","SRS1915196","Mus musculus","10x chromium","Cortex, hippocampus and subventricular zone","ACCAGTAGTTAAGAAC",1832,3576,32,0.00894854586129754,"Unknown"
"ACCAGTAGTTGGTGGA","SRA526435","SRS1915196","Mus musculus","10x chromium","Cortex, hippocampus and subventricular zone","ACCAGTAGTTGGTGGA",2386,4584,44,0.00959860383944154,"Unknown"
"ACCAGTATCAACCATG","SRA526435","SRS1915196","Mus musculus","10x chromium","Cortex, hippocampus and subventricular zone","ACCAGTATCAACCATG",2590,6829,81,0.0118611802606531,"Pericytes"
"ACCAGTATCCAGAGGA","SRA526435","SRS1915196","Mus musculus","10x chromium","Cortex, hippocampus and subventricular zone","ACCAGTATCCAGAGGA",1582,2922,42,0.0143737166324435,"Unknown"
"ACCAGTATCCTGCCAT","SRA526435","SRS1915196","Mus musculus","10x chromium","Cortex, hippocampus and subventricular zone","ACCAGTATCCTGCCAT",2354,4767,71,0.0148940633522131,"Unknown"
"ACCAGTATCGGCGCTA","SRA526435","SRS1915196","Mus musculus","10x chromium","Cortex, hippocampus and subventricular zone","ACCAGTATCGGCGCTA",2820,7004,77,0.0109937178754997,"Unknown"
"ACCAGTATCGTCCAGG","SRA526435","SRS1915196","Mus musculus","10x chromium","Cortex, hippocampus and subventricular zone","ACCAGTATCGTCCAGG",1057,1925,34,0.0176623376623377,"Unknown"
"ACCAGTATCTTAGCCC","SRA526435","SRS1915196","Mus musculus","10x chromium","Cortex, hippocampus and subventricular zone","ACCAGTATCTTAGCCC",2248,4705,28,0.00595111583421892,"Unknown"
"ACCCACTAGCCACTAT","SRA526435","SRS1915196","Mus musculus","10x chromium","Cortex, hippocampus and subventricular zone","ACCCACTAGCCACTAT",1184,1974,30,0.0151975683890578,"Unknown"
"ACCCACTAGGTTACCT","SRA526435","SRS1915196","Mus musculus","10x chromium","Cortex, hippocampus and subventricular zone","ACCCACTAGGTTACCT",2359,4865,50,0.0102774922918808,"Unknown"
"ACCCACTAGTGTCCCG","SRA526435","SRS1915196","Mus musculus","10x chromium","Cortex, hippocampus and subventricular zone","ACCCACTAGTGTCCCG",825,1104,57,0.0516304347826087,"Unknown"
"ACCCACTCAACTGCGC","SRA526435","SRS1915196","Mus musculus","10x chromium","Cortex, hippocampus and subventricular zone","ACCCACTCAACTGCGC",1817,3533,41,0.0116048683838098,"Unknown"
"ACCCACTCACATGACT","SRA526435","SRS1915196","Mus musculus","10x chromium","Cortex, hippocampus and subventricular zone","ACCCACTCACATGACT",1327,2019,77,0.0381376919266964,"Unknown"
"ACCCACTCACTTCGAA","SRA526435","SRS1915196","Mus musculus","10x chromium","Cortex, hippocampus and subventricular zone","ACCCACTCACTTCGAA",3073,8039,82,0.0102002736658788,"Unknown"
"ACCCACTGTAAACCTC","SRA526435","SRS1915196","Mus musculus","10x chromium","Cortex, hippocampus and subventricular zone","ACCCACTGTAAACCTC",2479,5037,140,0.0277943220170737,"Unknown"
"ACCCACTGTAACGTTC","SRA526435","SRS1915196","Mus musculus","10x chromium","Cortex, hippocampus and subventricular zone","ACCCACTGTAACGTTC",2764,5948,51,0.00857431069266981,"Unknown"
"ACCCACTGTATAGGGC","SRA526435","SRS1915196","Mus musculus","10x chromium","Cortex, hippocampus and subventricular zone","ACCCACTGTATAGGGC",2203,4411,57,0.0129222398549082,"Unknown"
"ACCCACTGTCAAAGCG","SRA526435","SRS1915196","Mus musculus","10x chromium","Cortex, hippocampus and subventricular zone","ACCCACTGTCAAAGCG",2671,6069,54,0.00889767671774592,"Unknown"
"ACCCACTGTGAAGGCT","SRA526435","SRS1915196","Mus musculus","10x chromium","Cortex, hippocampus and subventricular zone","ACCCACTGTGAAGGCT",3249,8813,68,0.00771587427663679,"Unknown"
"ACCCACTGTGGCAAAC","SRA526435","SRS1915196","Mus musculus","10x chromium","Cortex, hippocampus and subventricular zone","ACCCACTGTGGCAAAC",2412,5188,35,0.00674633770239013,"Unknown"
"ACCCACTGTTCGTTGA","SRA526435","SRS1915196","Mus musculus","10x chromium","Cortex, hippocampus and subventricular zone","ACCCACTGTTCGTTGA",1152,1999,18,0.00900450225112556,"Unknown"
"ACCCACTTCGAGGTAG","SRA526435","SRS1915196","Mus musculus","10x chromium","Cortex, hippocampus and subventricular zone","ACCCACTTCGAGGTAG",1603,2632,39,0.0148176291793313,"Unknown"
"ACCCACTTCTCCAGGG","SRA526435","SRS1915196","Mus musculus","10x chromium","Cortex, hippocampus and subventricular zone","ACCCACTTCTCCAGGG",2120,4113,50,0.012156576707999,"Unknown"
"ACCGTAAAGACAGGCT","SRA526435","SRS1915196","Mus musculus","10x chromium","Cortex, hippocampus and subventricular zone","ACCGTAAAGACAGGCT",2130,4296,70,0.0162942271880819,"Unknown"
"ACCGTAAAGAGAACAG","SRA526435","SRS1915196","Mus musculus","10x chromium","Cortex, hippocampus and subventricular zone","ACCGTAAAGAGAACAG",3766,10276,133,0.0129427792915531,"Unknown"
"ACCGTAAAGATCCCAT","SRA526435","SRS1915196","Mus musculus","10x chromium","Cortex, hippocampus and subventricular zone","ACCGTAAAGATCCCAT",1393,2281,51,0.0223586146427006,"Unknown"
"ACCGTAAAGCGATTCT","SRA526435","SRS1915196","Mus musculus","10x chromium","Cortex, hippocampus and subventricular zone","ACCGTAAAGCGATTCT",2364,4907,62,0.0126350112084777,"Unknown"
"ACCGTAAAGTGCGATG","SRA526435","SRS1915196","Mus musculus","10x chromium","Cortex, hippocampus and subventricular zone","ACCGTAAAGTGCGATG",1765,3334,48,0.0143971205758848,"Unknown"
"ACCGTAAAGTGTTAGA","SRA526435","SRS1915196","Mus musculus","10x chromium","Cortex, hippocampus and subventricular zone","ACCGTAAAGTGTTAGA",1301,2268,40,0.017636684303351,"Unknown"
"ACCGTAACAGTTTACG","SRA526435","SRS1915196","Mus musculus","10x chromium","Cortex, hippocampus and subventricular zone","ACCGTAACAGTTTACG",2579,5738,38,0.00662251655629139,"Unknown"
"ACCGTAAGTATCTGCA","SRA526435","SRS1915196","Mus musculus","10x chromium","Cortex, hippocampus and subventricular zone","ACCGTAAGTATCTGCA",1550,2932,41,0.0139836289222374,"Unknown"
"ACCGTAAGTCATTAGC","SRA526435","SRS1915196","Mus musculus","10x chromium","Cortex, hippocampus and subventricular zone","ACCGTAAGTCATTAGC",1955,3702,37,0.00999459751485683,"Unknown"
"ACCGTAAGTTCACGGC","SRA526435","SRS1915196","Mus musculus","10x chromium","Cortex, hippocampus and subventricular zone","ACCGTAAGTTCACGGC",2303,4942,56,0.0113314447592068,"Unknown"
"ACCGTAATCACAATGC","SRA526435","SRS1915196","Mus musculus","10x chromium","Cortex, hippocampus and subventricular zone","ACCGTAATCACAATGC",2931,7489,136,0.0181599679529977,"Endothelial cells"
"ACCGTAATCCTATGTT","SRA526435","SRS1915196","Mus musculus","10x chromium","Cortex, hippocampus and subventricular zone","ACCGTAATCCTATGTT",2350,4638,29,0.00625269512721,"Unknown"
"ACCGTAATCCTTAATC","SRA526435","SRS1915196","Mus musculus","10x chromium","Cortex, hippocampus and subventricular zone","ACCGTAATCCTTAATC",1656,3379,31,0.00917431192660551,"Unknown"
"ACCGTAATCCTTGCCA","SRA526435","SRS1915196","Mus musculus","10x chromium","Cortex, hippocampus and subventricular zone","ACCGTAATCCTTGCCA",982,1503,157,0.104457751164338,"Unknown"
"ACCGTAATCTGCGGCA","SRA526435","SRS1915196","Mus musculus","10x chromium","Cortex, hippocampus and subventricular zone","ACCGTAATCTGCGGCA",1922,3635,45,0.0123796423658872,"Unknown"
"ACCGTAATCTTAGCCC","SRA526435","SRS1915196","Mus musculus","10x chromium","Cortex, hippocampus and subventricular zone","ACCGTAATCTTAGCCC",3356,8629,92,0.0106617220998957,"Unknown"
"ACCTTTAAGCCAGGAT","SRA526435","SRS1915196","Mus musculus","10x chromium","Cortex, hippocampus and subventricular zone","ACCTTTAAGCCAGGAT",2825,6781,51,0.00752101459961658,"Unknown"
"ACCTTTAAGCGACGTA","SRA526435","SRS1915196","Mus musculus","10x chromium","Cortex, hippocampus and subventricular zone","ACCTTTAAGCGACGTA",2340,5056,64,0.0126582278481013,"Unknown"
"ACCTTTAAGCGATATA","SRA526435","SRS1915196","Mus musculus","10x chromium","Cortex, hippocampus and subventricular zone","ACCTTTAAGCGATATA",1817,3400,47,0.0138235294117647,"Unknown"
"ACCTTTAAGGATGCGT","SRA526435","SRS1915196","Mus musculus","10x chromium","Cortex, hippocampus and subventricular zone","ACCTTTAAGGATGCGT",206,9399,5,0.000531971486328333,"Erythroid-like and erythroid precursor cells"
"ACCTTTAAGGGAACGG","SRA526435","SRS1915196","Mus musculus","10x chromium","Cortex, hippocampus and subventricular zone","ACCTTTAAGGGAACGG",2527,5660,67,0.0118374558303887,"Unknown"
"ACCTTTAAGGTAGCCA","SRA526435","SRS1915196","Mus musculus","10x chromium","Cortex, hippocampus and subventricular zone","ACCTTTAAGGTAGCCA",1424,2481,30,0.0120918984280532,"Unknown"
"ACCTTTACAAAGCGGT","SRA526435","SRS1915196","Mus musculus","10x chromium","Cortex, hippocampus and subventricular zone","ACCTTTACAAAGCGGT",1181,1886,45,0.0238600212089077,"Unknown"
"ACCTTTACACCGATAT","SRA526435","SRS1915196","Mus musculus","10x chromium","Cortex, hippocampus and subventricular zone","ACCTTTACACCGATAT",2602,6170,49,0.00794165316045381,"Unknown"
"ACCTTTACACTGTTAG","SRA526435","SRS1915196","Mus musculus","10x chromium","Cortex, hippocampus and subventricular zone","ACCTTTACACTGTTAG",1487,2799,25,0.00893176134333691,"Unknown"
"ACCTTTACAGCAGTTT","SRA526435","SRS1915196","Mus musculus","10x chromium","Cortex, hippocampus and subventricular zone","ACCTTTACAGCAGTTT",1176,1846,16,0.00866738894907909,"Unknown"
"ACCTTTACAGGGCATA","SRA526435","SRS1915196","Mus musculus","10x chromium","Cortex, hippocampus and subventricular zone","ACCTTTACAGGGCATA",759,1083,45,0.0415512465373961,"Unknown"
"ACCTTTACATCAGTAC","SRA526435","SRS1915196","Mus musculus","10x chromium","Cortex, hippocampus and subventricular zone","ACCTTTACATCAGTAC",726,1254,22,0.0175438596491228,"Unknown"
"ACCTTTAGTAAGTAGT","SRA526435","SRS1915196","Mus musculus","10x chromium","Cortex, hippocampus and subventricular zone","ACCTTTAGTAAGTAGT",913,1638,29,0.0177045177045177,"Unknown"
"ACCTTTAGTACCGTAT","SRA526435","SRS1915196","Mus musculus","10x chromium","Cortex, hippocampus and subventricular zone","ACCTTTAGTACCGTAT",2729,5835,76,0.0130248500428449,"Cajal-Retzius cells"
"ACCTTTAGTATTCTCT","SRA526435","SRS1915196","Mus musculus","10x chromium","Cortex, hippocampus and subventricular zone","ACCTTTAGTATTCTCT",1726,3738,56,0.0149812734082397,"Unknown"
"ACCTTTAGTCCGCTGA","SRA526435","SRS1915196","Mus musculus","10x chromium","Cortex, hippocampus and subventricular zone","ACCTTTAGTCCGCTGA",141,3077,39,0.0126746831329217,"Erythroid-like and erythroid precursor cells"
"ACCTTTAGTCTAGTCA","SRA526435","SRS1915196","Mus musculus","10x chromium","Cortex, hippocampus and subventricular zone","ACCTTTAGTCTAGTCA",1334,2400,39,0.01625,"Unknown"
"ACCTTTAGTGATGATA","SRA526435","SRS1915196","Mus musculus","10x chromium","Cortex, hippocampus and subventricular zone","ACCTTTAGTGATGATA",2266,4896,50,0.0102124183006536,"Unknown"
"ACCTTTAGTTCCACGG","SRA526435","SRS1915196","Mus musculus","10x chromium","Cortex, hippocampus and subventricular zone","ACCTTTAGTTCCACGG",1247,2025,20,0.00987654320987654,"Unknown"
"ACCTTTATCAAGCCTA","SRA526435","SRS1915196","Mus musculus","10x chromium","Cortex, hippocampus and subventricular zone","ACCTTTATCAAGCCTA",1273,2225,29,0.0130337078651685,"Unknown"
"ACCTTTATCCAAGTAC","SRA526435","SRS1915196","Mus musculus","10x chromium","Cortex, hippocampus and subventricular zone","ACCTTTATCCAAGTAC",2045,4250,54,0.0127058823529412,"Unknown"
"ACGAGCCAGATCCCAT","SRA526435","SRS1915196","Mus musculus","10x chromium","Cortex, hippocampus and subventricular zone","ACGAGCCAGATCCCAT",1559,2720,38,0.0139705882352941,"Unknown"
"ACGAGCCAGCCACTAT","SRA526435","SRS1915196","Mus musculus","10x chromium","Cortex, hippocampus and subventricular zone","ACGAGCCAGCCACTAT",1609,2711,44,0.016230173367761,"Unknown"
"ACGAGCCAGCGTCTAT","SRA526435","SRS1915196","Mus musculus","10x chromium","Cortex, hippocampus and subventricular zone","ACGAGCCAGCGTCTAT",2877,7320,79,0.010792349726776,"Unknown"
"ACGAGCCAGGTGATAT","SRA526435","SRS1915196","Mus musculus","10x chromium","Cortex, hippocampus and subventricular zone","ACGAGCCAGGTGATAT",3070,8517,127,0.0149113537630621,"Unknown"
"ACGAGCCAGTGTGAAT","SRA526435","SRS1915196","Mus musculus","10x chromium","Cortex, hippocampus and subventricular zone","ACGAGCCAGTGTGAAT",1398,2675,32,0.0119626168224299,"Unknown"
"ACGAGCCAGTTAGGTA","SRA526435","SRS1915196","Mus musculus","10x chromium","Cortex, hippocampus and subventricular zone","ACGAGCCAGTTAGGTA",2105,4218,64,0.0151730678046468,"Unknown"
"ACGAGCCAGTTGTCGT","SRA526435","SRS1915196","Mus musculus","10x chromium","Cortex, hippocampus and subventricular zone","ACGAGCCAGTTGTCGT",2024,4038,38,0.00941059930658742,"Unknown"
"ACGAGCCAGTTTGCGT","SRA526435","SRS1915196","Mus musculus","10x chromium","Cortex, hippocampus and subventricular zone","ACGAGCCAGTTTGCGT",1699,3094,35,0.0113122171945701,"Unknown"
"ACGAGCCCACCATCCT","SRA526435","SRS1915196","Mus musculus","10x chromium","Cortex, hippocampus and subventricular zone","ACGAGCCCACCATCCT",1002,1689,4,0.00236826524570752,"Unknown"
"ACGAGCCCATTCACTT","SRA526435","SRS1915196","Mus musculus","10x chromium","Cortex, hippocampus and subventricular zone","ACGAGCCCATTCACTT",790,1120,46,0.0410714285714286,"Unknown"
"ACGAGCCGTAAACGCG","SRA526435","SRS1915196","Mus musculus","10x chromium","Cortex, hippocampus and subventricular zone","ACGAGCCGTAAACGCG",1801,3185,27,0.00847723704866562,"Unknown"
"ACGAGCCGTCATGCCG","SRA526435","SRS1915196","Mus musculus","10x chromium","Cortex, hippocampus and subventricular zone","ACGAGCCGTCATGCCG",2150,4422,43,0.00972410673903211,"Unknown"
"ACGAGCCGTCCGCTGA","SRA526435","SRS1915196","Mus musculus","10x chromium","Cortex, hippocampus and subventricular zone","ACGAGCCGTCCGCTGA",2631,6347,46,0.00724751851268316,"Unknown"
"ACGAGCCGTCGGCACT","SRA526435","SRS1915196","Mus musculus","10x chromium","Cortex, hippocampus and subventricular zone","ACGAGCCGTCGGCACT",1924,3846,48,0.0124804992199688,"Unknown"
"ACGAGCCGTGCACCAC","SRA526435","SRS1915196","Mus musculus","10x chromium","Cortex, hippocampus and subventricular zone","ACGAGCCGTGCACCAC",927,1351,15,0.0111028867505551,"Unknown"
"ACGAGCCGTGCAGACA","SRA526435","SRS1915196","Mus musculus","10x chromium","Cortex, hippocampus and subventricular zone","ACGAGCCGTGCAGACA",2262,5509,82,0.0148847340715193,"Unknown"
"ACGAGCCGTGTGCCTG","SRA526435","SRS1915196","Mus musculus","10x chromium","Cortex, hippocampus and subventricular zone","ACGAGCCGTGTGCCTG",218,9953,4,0.000401888877725309,"Erythroid-like and erythroid precursor cells"
"ACGAGCCGTGTGTGCC","SRA526435","SRS1915196","Mus musculus","10x chromium","Cortex, hippocampus and subventricular zone","ACGAGCCGTGTGTGCC",2250,4784,60,0.0125418060200669,"Unknown"
"ACGAGCCTCAACACTG","SRA526435","SRS1915196","Mus musculus","10x chromium","Cortex, hippocampus and subventricular zone","ACGAGCCTCAACACTG",2238,4536,39,0.0085978835978836,"Unknown"
"ACGAGCCTCCATGAGT","SRA526435","SRS1915196","Mus musculus","10x chromium","Cortex, hippocampus and subventricular zone","ACGAGCCTCCATGAGT",1031,1620,44,0.0271604938271605,"Unknown"
"ACGAGCCTCGATAGAA","SRA526435","SRS1915196","Mus musculus","10x chromium","Cortex, hippocampus and subventricular zone","ACGAGCCTCGATAGAA",3783,10279,135,0.0131335733047962,"Unknown"
"ACGAGCCTCTCCGGTT","SRA526435","SRS1915196","Mus musculus","10x chromium","Cortex, hippocampus and subventricular zone","ACGAGCCTCTCCGGTT",3346,8292,86,0.0103714423540762,"Unknown"
"ACGAGGAAGAGCTATA","SRA526435","SRS1915196","Mus musculus","10x chromium","Cortex, hippocampus and subventricular zone","ACGAGGAAGAGCTATA",2211,4823,71,0.0147211279286751,"Unknown"
"ACGAGGAAGCGTGAAC","SRA526435","SRS1915196","Mus musculus","10x chromium","Cortex, hippocampus and subventricular zone","ACGAGGAAGCGTGAAC",1225,2079,32,0.0153920153920154,"Unknown"
"ACGAGGAAGCTAAGAT","SRA526435","SRS1915196","Mus musculus","10x chromium","Cortex, hippocampus and subventricular zone","ACGAGGAAGCTAAGAT",2630,6035,50,0.00828500414250207,"Unknown"
"ACGAGGACAATCTACG","SRA526435","SRS1915196","Mus musculus","10x chromium","Cortex, hippocampus and subventricular zone","ACGAGGACAATCTACG",1842,3488,41,0.0117545871559633,"Unknown"
"ACGAGGACAATGCCAT","SRA526435","SRS1915196","Mus musculus","10x chromium","Cortex, hippocampus and subventricular zone","ACGAGGACAATGCCAT",2732,6970,116,0.0166427546628407,"Unknown"
"ACGAGGACACATGACT","SRA526435","SRS1915196","Mus musculus","10x chromium","Cortex, hippocampus and subventricular zone","ACGAGGACACATGACT",2371,4885,56,0.0114636642784033,"Unknown"
"ACGAGGACATACAGCT","SRA526435","SRS1915196","Mus musculus","10x chromium","Cortex, hippocampus and subventricular zone","ACGAGGACATACAGCT",2548,6111,105,0.0171821305841924,"Unknown"
"ACGAGGACATCGACGC","SRA526435","SRS1915196","Mus musculus","10x chromium","Cortex, hippocampus and subventricular zone","ACGAGGACATCGACGC",2123,4907,49,0.00998573466476462,"Unknown"
"ACGAGGACATTTGCCC","SRA526435","SRS1915196","Mus musculus","10x chromium","Cortex, hippocampus and subventricular zone","ACGAGGACATTTGCCC",1641,2833,51,0.0180021178962231,"Unknown"
"ACGAGGAGTAACGACG","SRA526435","SRS1915196","Mus musculus","10x chromium","Cortex, hippocampus and subventricular zone","ACGAGGAGTAACGACG",1485,2824,57,0.0201841359773371,"Unknown"
"ACGAGGAGTAATCGTC","SRA526435","SRS1915196","Mus musculus","10x chromium","Cortex, hippocampus and subventricular zone","ACGAGGAGTAATCGTC",3965,14144,136,0.00961538461538462,"Unknown"
"ACGAGGAGTCAGATAA","SRA526435","SRS1915196","Mus musculus","10x chromium","Cortex, hippocampus and subventricular zone","ACGAGGAGTCAGATAA",3744,10169,132,0.0129806273969909,"Unknown"
"ACGAGGAGTCCGTGAC","SRA526435","SRS1915196","Mus musculus","10x chromium","Cortex, hippocampus and subventricular zone","ACGAGGAGTCCGTGAC",2482,5227,59,0.0112875454371532,"Unknown"
"ACGAGGAGTTCTGTTT","SRA526435","SRS1915196","Mus musculus","10x chromium","Cortex, hippocampus and subventricular zone","ACGAGGAGTTCTGTTT",2740,5946,35,0.00588631012445341,"Unknown"
"ACGAGGATCACGAAGG","SRA526435","SRS1915196","Mus musculus","10x chromium","Cortex, hippocampus and subventricular zone","ACGAGGATCACGAAGG",1504,2897,51,0.0176044183638246,"Unknown"
"ACGAGGATCATCGCTC","SRA526435","SRS1915196","Mus musculus","10x chromium","Cortex, hippocampus and subventricular zone","ACGAGGATCATCGCTC",3531,8971,94,0.0104782075576859,"Unknown"
"ACGAGGATCCCTTGCA","SRA526435","SRS1915196","Mus musculus","10x chromium","Cortex, hippocampus and subventricular zone","ACGAGGATCCCTTGCA",3211,8671,85,0.00980279091223619,"Unknown"
"ACGAGGATCCGCGCAA","SRA526435","SRS1915196","Mus musculus","10x chromium","Cortex, hippocampus and subventricular zone","ACGAGGATCCGCGCAA",1450,2504,39,0.0155750798722045,"Unknown"
"ACGAGGATCCGTAGGC","SRA526435","SRS1915196","Mus musculus","10x chromium","Cortex, hippocampus and subventricular zone","ACGAGGATCCGTAGGC",2531,5288,46,0.00869894099848714,"Unknown"
"ACGAGGATCGCAAGCC","SRA526435","SRS1915196","Mus musculus","10x chromium","Cortex, hippocampus and subventricular zone","ACGAGGATCGCAAGCC",1550,3039,48,0.0157946692991115,"Unknown"
"ACGATACAGAGGTTAT","SRA526435","SRS1915196","Mus musculus","10x chromium","Cortex, hippocampus and subventricular zone","ACGATACAGAGGTTAT",3674,10111,130,0.0128572841459796,"Unknown"
"ACGATACAGATAGTCA","SRA526435","SRS1915196","Mus musculus","10x chromium","Cortex, hippocampus and subventricular zone","ACGATACAGATAGTCA",2971,7529,51,0.00677380794262186,"Unknown"
"ACGATACAGGTGCACA","SRA526435","SRS1915196","Mus musculus","10x chromium","Cortex, hippocampus and subventricular zone","ACGATACAGGTGCACA",2099,4507,51,0.0113157310849789,"Unknown"
"ACGATACCAACGATCT","SRA526435","SRS1915196","Mus musculus","10x chromium","Cortex, hippocampus and subventricular zone","ACGATACCAACGATCT",668,1034,6,0.00580270793036751,"Unknown"
"ACGATACCACATAACC","SRA526435","SRS1915196","Mus musculus","10x chromium","Cortex, hippocampus and subventricular zone","ACGATACCACATAACC",2234,4672,55,0.0117722602739726,"Unknown"
"ACGATACCAGAGTGTG","SRA526435","SRS1915196","Mus musculus","10x chromium","Cortex, hippocampus and subventricular zone","ACGATACCAGAGTGTG",2401,5291,53,0.01001701001701,"Unknown"
"ACGATACCAGCATGAG","SRA526435","SRS1915196","Mus musculus","10x chromium","Cortex, hippocampus and subventricular zone","ACGATACCAGCATGAG",4934,19239,132,0.00686106346483705,"Unknown"
"ACGATACCAGCTCGCA","SRA526435","SRS1915196","Mus musculus","10x chromium","Cortex, hippocampus and subventricular zone","ACGATACCAGCTCGCA",1850,3546,66,0.0186125211505922,"Unknown"
"ACGATACCAGCTGTAT","SRA526435","SRS1915196","Mus musculus","10x chromium","Cortex, hippocampus and subventricular zone","ACGATACCAGCTGTAT",2114,4124,60,0.01454898157129,"Unknown"
"ACGATACCAGGCTCAC","SRA526435","SRS1915196","Mus musculus","10x chromium","Cortex, hippocampus and subventricular zone","ACGATACCAGGCTCAC",1781,3386,81,0.0239220318960425,"Unknown"
"ACGATACCATACGCCG","SRA526435","SRS1915196","Mus musculus","10x chromium","Cortex, hippocampus and subventricular zone","ACGATACCATACGCCG",1244,2073,31,0.014954172696575,"Unknown"
"ACGATACCATACGCTA","SRA526435","SRS1915196","Mus musculus","10x chromium","Cortex, hippocampus and subventricular zone","ACGATACCATACGCTA",2803,6485,108,0.0166538164996145,"Unknown"
"ACGATACCATGTCTCC","SRA526435","SRS1915196","Mus musculus","10x chromium","Cortex, hippocampus and subventricular zone","ACGATACCATGTCTCC",3061,8274,109,0.0131737974377568,"Unknown"
"ACGATACCATTAGGCT","SRA526435","SRS1915196","Mus musculus","10x chromium","Cortex, hippocampus and subventricular zone","ACGATACCATTAGGCT",1713,3492,37,0.0105956471935853,"Unknown"
"ACGATACCATTTGCCC","SRA526435","SRS1915196","Mus musculus","10x chromium","Cortex, hippocampus and subventricular zone","ACGATACCATTTGCCC",2010,3923,57,0.0145296966607188,"Unknown"
"ACGATACCATTTGCTT","SRA526435","SRS1915196","Mus musculus","10x chromium","Cortex, hippocampus and subventricular zone","ACGATACCATTTGCTT",6337,22831,221,0.00967982129560685,"Pericytes"
"ACGATACGTAAAGTCA","SRA526435","SRS1915196","Mus musculus","10x chromium","Cortex, hippocampus and subventricular zone","ACGATACGTAAAGTCA",1323,2233,8,0.00358262427227944,"Unknown"
"ACGATACGTAATAGCA","SRA526435","SRS1915196","Mus musculus","10x chromium","Cortex, hippocampus and subventricular zone","ACGATACGTAATAGCA",2104,4461,51,0.0114324142568931,"Unknown"
"ACGATACGTACACCGC","SRA526435","SRS1915196","Mus musculus","10x chromium","Cortex, hippocampus and subventricular zone","ACGATACGTACACCGC",1897,3718,48,0.0129101667563206,"Unknown"
"ACGATACGTAGCGATG","SRA526435","SRS1915196","Mus musculus","10x chromium","Cortex, hippocampus and subventricular zone","ACGATACGTAGCGATG",802,1221,50,0.0409500409500409,"Unknown"
"ACGATACGTATAGTAG","SRA526435","SRS1915196","Mus musculus","10x chromium","Cortex, hippocampus and subventricular zone","ACGATACGTATAGTAG",677,1093,76,0.0695333943275389,"Unknown"
"ACGATACGTCAAAGCG","SRA526435","SRS1915196","Mus musculus","10x chromium","Cortex, hippocampus and subventricular zone","ACGATACGTCAAAGCG",1907,3548,36,0.0101465614430665,"Unknown"
"ACGATACGTGAAAGAG","SRA526435","SRS1915196","Mus musculus","10x chromium","Cortex, hippocampus and subventricular zone","ACGATACGTGAAAGAG",3071,7357,92,0.0125050971863531,"Unknown"
"ACGATACGTGCATCTA","SRA526435","SRS1915196","Mus musculus","10x chromium","Cortex, hippocampus and subventricular zone","ACGATACGTGCATCTA",2041,4191,44,0.010498687664042,"Unknown"
"ACGATACGTGCCTTGG","SRA526435","SRS1915196","Mus musculus","10x chromium","Cortex, hippocampus and subventricular zone","ACGATACGTGCCTTGG",2248,4614,29,0.00628521889900303,"Unknown"
"ACGATACGTTAAAGTG","SRA526435","SRS1915196","Mus musculus","10x chromium","Cortex, hippocampus and subventricular zone","ACGATACGTTAAAGTG",2228,5354,61,0.0113933507657826,"Unknown"
"ACGATACGTTCTGTTT","SRA526435","SRS1915196","Mus musculus","10x chromium","Cortex, hippocampus and subventricular zone","ACGATACGTTCTGTTT",2123,4115,71,0.0172539489671932,"Unknown"
"ACGATACTCACGGTTA","SRA526435","SRS1915196","Mus musculus","10x chromium","Cortex, hippocampus and subventricular zone","ACGATACTCACGGTTA",1539,3041,62,0.0203880302532062,"Oligodendrocyte progenitor cells"
"ACGATACTCAGCGATT","SRA526435","SRS1915196","Mus musculus","10x chromium","Cortex, hippocampus and subventricular zone","ACGATACTCAGCGATT",2037,3932,73,0.0185656154628688,"Unknown"
"ACGATACTCAGTCCCT","SRA526435","SRS1915196","Mus musculus","10x chromium","Cortex, hippocampus and subventricular zone","ACGATACTCAGTCCCT",1863,3750,54,0.0144,"Unknown"
"ACGATACTCCAAGTAC","SRA526435","SRS1915196","Mus musculus","10x chromium","Cortex, hippocampus and subventricular zone","ACGATACTCCAAGTAC",2171,4438,63,0.0141955835962145,"Unknown"
"ACGATACTCCCATTAT","SRA526435","SRS1915196","Mus musculus","10x chromium","Cortex, hippocampus and subventricular zone","ACGATACTCCCATTAT",2519,5857,29,0.00495134027659211,"Endothelial cells"
"ACGATACTCCCTAATT","SRA526435","SRS1915196","Mus musculus","10x chromium","Cortex, hippocampus and subventricular zone","ACGATACTCCCTAATT",2282,5348,52,0.00972326103216156,"Unknown"
"ACGATACTCGCCAGCA","SRA526435","SRS1915196","Mus musculus","10x chromium","Cortex, hippocampus and subventricular zone","ACGATACTCGCCAGCA",2314,4952,69,0.0139337641357027,"Unknown"
"ACGATACTCTCCAGGG","SRA526435","SRS1915196","Mus musculus","10x chromium","Cortex, hippocampus and subventricular zone","ACGATACTCTCCAGGG",2955,6435,89,0.0138306138306138,"Unknown"
"ACGATGTAGAAACCGC","SRA526435","SRS1915196","Mus musculus","10x chromium","Cortex, hippocampus and subventricular zone","ACGATGTAGAAACCGC",1351,2376,41,0.0172558922558923,"Unknown"
"ACGATGTAGAACAACT","SRA526435","SRS1915196","Mus musculus","10x chromium","Cortex, hippocampus and subventricular zone","ACGATGTAGAACAACT",101,2023,6,0.00296589223924864,"Erythroid-like and erythroid precursor cells"
"ACGATGTAGACAATAC","SRA526435","SRS1915196","Mus musculus","10x chromium","Cortex, hippocampus and subventricular zone","ACGATGTAGACAATAC",2347,5091,45,0.00883912787271656,"Unknown"
"ACGATGTAGAGACGAA","SRA526435","SRS1915196","Mus musculus","10x chromium","Cortex, hippocampus and subventricular zone","ACGATGTAGAGACGAA",159,7908,3,0.000379362670713202,"Erythroid-like and erythroid precursor cells"
"ACGATGTCAACACCTA","SRA526435","SRS1915196","Mus musculus","10x chromium","Cortex, hippocampus and subventricular zone","ACGATGTCAACACCTA",1412,2521,32,0.0126933756445855,"Unknown"
"ACGATGTCAATAAGCA","SRA526435","SRS1915196","Mus musculus","10x chromium","Cortex, hippocampus and subventricular zone","ACGATGTCAATAAGCA",2320,5053,51,0.0100930140510588,"Unknown"
"ACGATGTCAATCGGTT","SRA526435","SRS1915196","Mus musculus","10x chromium","Cortex, hippocampus and subventricular zone","ACGATGTCAATCGGTT",881,1689,88,0.0521018354055654,"Unknown"
"ACGATGTCAGATCCAT","SRA526435","SRS1915196","Mus musculus","10x chromium","Cortex, hippocampus and subventricular zone","ACGATGTCAGATCCAT",2025,4112,60,0.014591439688716,"Unknown"
"ACGATGTCAGCCTTTC","SRA526435","SRS1915196","Mus musculus","10x chromium","Cortex, hippocampus and subventricular zone","ACGATGTCAGCCTTTC",1948,3736,47,0.0125802997858672,"Unknown"
"ACGATGTCAGGGTATG","SRA526435","SRS1915196","Mus musculus","10x chromium","Cortex, hippocampus and subventricular zone","ACGATGTCAGGGTATG",2528,5513,44,0.00798113549791402,"Unknown"
"ACGATGTCATTAGGCT","SRA526435","SRS1915196","Mus musculus","10x chromium","Cortex, hippocampus and subventricular zone","ACGATGTCATTAGGCT",739,1389,2,0.00143988480921526,"Unknown"
"ACGATGTGTAACGTTC","SRA526435","SRS1915196","Mus musculus","10x chromium","Cortex, hippocampus and subventricular zone","ACGATGTGTAACGTTC",2081,4187,70,0.0167184141390017,"Unknown"
"ACGATGTGTAAGGGAA","SRA526435","SRS1915196","Mus musculus","10x chromium","Cortex, hippocampus and subventricular zone","ACGATGTGTAAGGGAA",2300,5332,91,0.0170667666916729,"Unknown"
"ACGATGTGTACATCCA","SRA526435","SRS1915196","Mus musculus","10x chromium","Cortex, hippocampus and subventricular zone","ACGATGTGTACATCCA",108,4285,3,0.000700116686114352,"Erythroid-like and erythroid precursor cells"
"ACGATGTGTAGGGTAC","SRA526435","SRS1915196","Mus musculus","10x chromium","Cortex, hippocampus and subventricular zone","ACGATGTGTAGGGTAC",2814,6727,79,0.0117437193399732,"Unknown"
"ACGATGTGTCCAGTGC","SRA526435","SRS1915196","Mus musculus","10x chromium","Cortex, hippocampus and subventricular zone","ACGATGTGTCCAGTGC",1519,2764,47,0.0170043415340087,"Unknown"
"ACGATGTGTGCGAAAC","SRA526435","SRS1915196","Mus musculus","10x chromium","Cortex, hippocampus and subventricular zone","ACGATGTGTGCGAAAC",1294,2187,64,0.0292638317329675,"Unknown"
"ACGATGTGTTATCGGT","SRA526435","SRS1915196","Mus musculus","10x chromium","Cortex, hippocampus and subventricular zone","ACGATGTGTTATCGGT",1267,2235,55,0.0246085011185682,"Unknown"
"ACGATGTGTTCCAACA","SRA526435","SRS1915196","Mus musculus","10x chromium","Cortex, hippocampus and subventricular zone","ACGATGTGTTCCAACA",1360,2323,20,0.0086095566078347,"Unknown"
"ACGATGTGTTCCACAA","SRA526435","SRS1915196","Mus musculus","10x chromium","Cortex, hippocampus and subventricular zone","ACGATGTGTTCCACAA",2964,7794,92,0.0118039517577624,"Unknown"
"ACGATGTGTTGGGACA","SRA526435","SRS1915196","Mus musculus","10x chromium","Cortex, hippocampus and subventricular zone","ACGATGTGTTGGGACA",1767,3212,39,0.0121419676214197,"Unknown"
"ACGATGTTCAACGAAA","SRA526435","SRS1915196","Mus musculus","10x chromium","Cortex, hippocampus and subventricular zone","ACGATGTTCAACGAAA",876,1565,31,0.0198083067092652,"Unknown"
"ACGATGTTCAACGCTA","SRA526435","SRS1915196","Mus musculus","10x chromium","Cortex, hippocampus and subventricular zone","ACGATGTTCAACGCTA",2415,5301,56,0.0105640445199019,"Unknown"
"ACGATGTTCATCATTC","SRA526435","SRS1915196","Mus musculus","10x chromium","Cortex, hippocampus and subventricular zone","ACGATGTTCATCATTC",1676,3059,34,0.0111147433801896,"Unknown"
"ACGATGTTCATGCAAC","SRA526435","SRS1915196","Mus musculus","10x chromium","Cortex, hippocampus and subventricular zone","ACGATGTTCATGCAAC",2346,5223,59,0.0112961899291595,"Unknown"
"ACGATGTTCCTGTACC","SRA526435","SRS1915196","Mus musculus","10x chromium","Cortex, hippocampus and subventricular zone","ACGATGTTCCTGTACC",1906,3836,60,0.0156412930135558,"Unknown"
"ACGATGTTCGCATGGC","SRA526435","SRS1915196","Mus musculus","10x chromium","Cortex, hippocampus and subventricular zone","ACGATGTTCGCATGGC",1535,3020,36,0.0119205298013245,"Unknown"
"ACGATGTTCTCGCATC","SRA526435","SRS1915196","Mus musculus","10x chromium","Cortex, hippocampus and subventricular zone","ACGATGTTCTCGCATC",2203,4644,63,0.0135658914728682,"Unknown"
"ACGCAGCAGACCTAGG","SRA526435","SRS1915196","Mus musculus","10x chromium","Cortex, hippocampus and subventricular zone","ACGCAGCAGACCTAGG",1901,3520,52,0.0147727272727273,"Unknown"
"ACGCAGCAGAGACTAT","SRA526435","SRS1915196","Mus musculus","10x chromium","Cortex, hippocampus and subventricular zone","ACGCAGCAGAGACTAT",1567,2524,45,0.0178288431061807,"Cajal-Retzius cells"
"ACGCAGCAGCCTATGT","SRA526435","SRS1915196","Mus musculus","10x chromium","Cortex, hippocampus and subventricular zone","ACGCAGCAGCCTATGT",2693,6282,79,0.0125756128621458,"Unknown"
"ACGCAGCAGCTGATAA","SRA526435","SRS1915196","Mus musculus","10x chromium","Cortex, hippocampus and subventricular zone","ACGCAGCAGCTGATAA",1595,3123,41,0.0131284021773935,"Unknown"
"ACGCAGCAGGATATAC","SRA526435","SRS1915196","Mus musculus","10x chromium","Cortex, hippocampus and subventricular zone","ACGCAGCAGGATATAC",2897,7113,70,0.00984113594826374,"Unknown"
"ACGCAGCAGGTACTCT","SRA526435","SRS1915196","Mus musculus","10x chromium","Cortex, hippocampus and subventricular zone","ACGCAGCAGGTACTCT",1597,3147,40,0.0127105179536066,"Unknown"
"ACGCAGCAGGTGGGTT","SRA526435","SRS1915196","Mus musculus","10x chromium","Cortex, hippocampus and subventricular zone","ACGCAGCAGGTGGGTT",1934,3586,36,0.0100390407138873,"Unknown"
"ACGCAGCCAAAGCAAT","SRA526435","SRS1915196","Mus musculus","10x chromium","Cortex, hippocampus and subventricular zone","ACGCAGCCAAAGCAAT",2227,5155,80,0.0155189136760427,"Unknown"
"ACGCAGCCACGGACAA","SRA526435","SRS1915196","Mus musculus","10x chromium","Cortex, hippocampus and subventricular zone","ACGCAGCCACGGACAA",3021,7292,84,0.0115194733955019,"Unknown"
"ACGCAGCCATCACAAC","SRA526435","SRS1915196","Mus musculus","10x chromium","Cortex, hippocampus and subventricular zone","ACGCAGCCATCACAAC",2168,4330,49,0.0113163972286374,"Unknown"
"ACGCAGCCATCAGTAC","SRA526435","SRS1915196","Mus musculus","10x chromium","Cortex, hippocampus and subventricular zone","ACGCAGCCATCAGTAC",1212,1766,3,0.00169875424688562,"Unknown"
"ACGCAGCCATGGTCTA","SRA526435","SRS1915196","Mus musculus","10x chromium","Cortex, hippocampus and subventricular zone","ACGCAGCCATGGTCTA",1459,2319,124,0.0534713238464856,"Unknown"
"ACGCAGCCATGGTTGT","SRA526435","SRS1915196","Mus musculus","10x chromium","Cortex, hippocampus and subventricular zone","ACGCAGCCATGGTTGT",1020,1362,46,0.0337738619676946,"Unknown"
"ACGCAGCGTCAGCTAT","SRA526435","SRS1915196","Mus musculus","10x chromium","Cortex, hippocampus and subventricular zone","ACGCAGCGTCAGCTAT",1591,2744,14,0.00510204081632653,"Unknown"
"ACGCAGCGTTATTCTC","SRA526435","SRS1915196","Mus musculus","10x chromium","Cortex, hippocampus and subventricular zone","ACGCAGCGTTATTCTC",2224,4884,49,0.01003276003276,"Unknown"
"ACGCAGCGTTCGTCTC","SRA526435","SRS1915196","Mus musculus","10x chromium","Cortex, hippocampus and subventricular zone","ACGCAGCGTTCGTCTC",1656,3283,28,0.00852878464818763,"Unknown"
"ACGCAGCTCAGAGACG","SRA526435","SRS1915196","Mus musculus","10x chromium","Cortex, hippocampus and subventricular zone","ACGCAGCTCAGAGACG",1245,2271,32,0.0140907089387935,"Unknown"
"ACGCAGCTCATAGCAC","SRA526435","SRS1915196","Mus musculus","10x chromium","Cortex, hippocampus and subventricular zone","ACGCAGCTCATAGCAC",2667,5934,58,0.00977418267610381,"Unknown"
"ACGCAGCTCCGCAAGC","SRA526435","SRS1915196","Mus musculus","10x chromium","Cortex, hippocampus and subventricular zone","ACGCAGCTCCGCAAGC",2023,4147,51,0.0122980467808054,"Unknown"
"ACGCAGCTCCGGCACA","SRA526435","SRS1915196","Mus musculus","10x chromium","Cortex, hippocampus and subventricular zone","ACGCAGCTCCGGCACA",2215,4840,66,0.0136363636363636,"Unknown"
"ACGCAGCTCTTGAGAC","SRA526435","SRS1915196","Mus musculus","10x chromium","Cortex, hippocampus and subventricular zone","ACGCAGCTCTTGAGAC",1772,3344,39,0.0116626794258373,"Unknown"
"ACGCCAGAGACACTAA","SRA526435","SRS1915196","Mus musculus","10x chromium","Cortex, hippocampus and subventricular zone","ACGCCAGAGACACTAA",1678,2890,57,0.0197231833910035,"Unknown"
"ACGCCAGAGATACACA","SRA526435","SRS1915196","Mus musculus","10x chromium","Cortex, hippocampus and subventricular zone","ACGCCAGAGATACACA",2049,3999,78,0.0195048762190548,"Unknown"
"ACGCCAGAGATGTTAG","SRA526435","SRS1915196","Mus musculus","10x chromium","Cortex, hippocampus and subventricular zone","ACGCCAGAGATGTTAG",2209,4533,53,0.0116920361791308,"Unknown"
"ACGCCAGAGCTGTTCA","SRA526435","SRS1915196","Mus musculus","10x chromium","Cortex, hippocampus and subventricular zone","ACGCCAGAGCTGTTCA",1811,3704,51,0.0137688984881209,"Unknown"
"ACGCCAGAGTTGTAGA","SRA526435","SRS1915196","Mus musculus","10x chromium","Cortex, hippocampus and subventricular zone","ACGCCAGAGTTGTAGA",2327,5082,49,0.00964187327823691,"Unknown"
"ACGCCAGCAAGCCCAC","SRA526435","SRS1915196","Mus musculus","10x chromium","Cortex, hippocampus and subventricular zone","ACGCCAGCAAGCCCAC",2169,4471,22,0.00492059941847461,"Unknown"
"ACGCCAGCAAGGTTCT","SRA526435","SRS1915196","Mus musculus","10x chromium","Cortex, hippocampus and subventricular zone","ACGCCAGCAAGGTTCT",2268,4367,37,0.0084726356766659,"Unknown"
"ACGCCAGCACCAGTTA","SRA526435","SRS1915196","Mus musculus","10x chromium","Cortex, hippocampus and subventricular zone","ACGCCAGCACCAGTTA",2285,4400,42,0.00954545454545455,"Unknown"
"ACGCCAGCACGACTCG","SRA526435","SRS1915196","Mus musculus","10x chromium","Cortex, hippocampus and subventricular zone","ACGCCAGCACGACTCG",1362,2366,45,0.0190194420963652,"Unknown"
"ACGCCAGCAGGACGTA","SRA526435","SRS1915196","Mus musculus","10x chromium","Cortex, hippocampus and subventricular zone","ACGCCAGCAGGACGTA",1150,2000,48,0.024,"Unknown"
"ACGCCAGGTAGCCTCG","SRA526435","SRS1915196","Mus musculus","10x chromium","Cortex, hippocampus and subventricular zone","ACGCCAGGTAGCCTCG",3085,7732,64,0.008277289187791,"Unknown"
"ACGCCAGGTATTAGCC","SRA526435","SRS1915196","Mus musculus","10x chromium","Cortex, hippocampus and subventricular zone","ACGCCAGGTATTAGCC",2395,5251,61,0.0116168348885926,"Unknown"
"ACGCCAGGTTTCGCTC","SRA526435","SRS1915196","Mus musculus","10x chromium","Cortex, hippocampus and subventricular zone","ACGCCAGGTTTCGCTC",2064,4223,73,0.017286289367748,"Unknown"
"ACGCCAGTCACAACGT","SRA526435","SRS1915196","Mus musculus","10x chromium","Cortex, hippocampus and subventricular zone","ACGCCAGTCACAACGT",2955,6873,67,0.00974829041175615,"Unknown"
"ACGCCAGTCGATCCCT","SRA526435","SRS1915196","Mus musculus","10x chromium","Cortex, hippocampus and subventricular zone","ACGCCAGTCGATCCCT",3115,7380,45,0.00609756097560976,"Unknown"
"ACGCCAGTCTCTGCTG","SRA526435","SRS1915196","Mus musculus","10x chromium","Cortex, hippocampus and subventricular zone","ACGCCAGTCTCTGCTG",2076,4005,57,0.0142322097378277,"Unknown"
"ACGCCGAAGCGATTCT","SRA526435","SRS1915196","Mus musculus","10x chromium","Cortex, hippocampus and subventricular zone","ACGCCGAAGCGATTCT",1016,1727,37,0.0214244354371743,"Unknown"
"ACGCCGAAGGCGCTCT","SRA526435","SRS1915196","Mus musculus","10x chromium","Cortex, hippocampus and subventricular zone","ACGCCGAAGGCGCTCT",3728,11993,97,0.00808805136329526,"Unknown"
"ACGCCGACAAACTGTC","SRA526435","SRS1915196","Mus musculus","10x chromium","Cortex, hippocampus and subventricular zone","ACGCCGACAAACTGTC",2517,5305,39,0.00735155513666353,"Unknown"
"ACGCCGACAGGCAGTA","SRA526435","SRS1915196","Mus musculus","10x chromium","Cortex, hippocampus and subventricular zone","ACGCCGACAGGCAGTA",2688,6126,87,0.0142017629774731,"Unknown"
"ACGCCGACATAGGATA","SRA526435","SRS1915196","Mus musculus","10x chromium","Cortex, hippocampus and subventricular zone","ACGCCGACATAGGATA",871,1255,33,0.0262948207171315,"Unknown"
"ACGCCGAGTAAGGATT","SRA526435","SRS1915196","Mus musculus","10x chromium","Cortex, hippocampus and subventricular zone","ACGCCGAGTAAGGATT",3620,7456,102,0.0136802575107296,"Unknown"
"ACGCCGAGTATAAACG","SRA526435","SRS1915196","Mus musculus","10x chromium","Cortex, hippocampus and subventricular zone","ACGCCGAGTATAAACG",1860,3372,48,0.0142348754448399,"Unknown"
"ACGCCGAGTCGTCTTC","SRA526435","SRS1915196","Mus musculus","10x chromium","Cortex, hippocampus and subventricular zone","ACGCCGAGTCGTCTTC",2294,4771,36,0.00754558792705932,"Unknown"
"ACGCCGAGTCTAACGT","SRA526435","SRS1915196","Mus musculus","10x chromium","Cortex, hippocampus and subventricular zone","ACGCCGAGTCTAACGT",1783,3579,38,0.0106174909192512,"Unknown"
"ACGCCGAGTCTTCTCG","SRA526435","SRS1915196","Mus musculus","10x chromium","Cortex, hippocampus and subventricular zone","ACGCCGAGTCTTCTCG",3667,9866,92,0.00932495438881006,"Unknown"
"ACGCCGATCACGCGGT","SRA526435","SRS1915196","Mus musculus","10x chromium","Cortex, hippocampus and subventricular zone","ACGCCGATCACGCGGT",96,3624,1,0.000275938189845475,"Erythroid-like and erythroid precursor cells"
"ACGCCGATCCCAAGAT","SRA526435","SRS1915196","Mus musculus","10x chromium","Cortex, hippocampus and subventricular zone","ACGCCGATCCCAAGAT",3155,8131,87,0.0106997909236256,"Unknown"
"ACGCCGATCGCCAGCA","SRA526435","SRS1915196","Mus musculus","10x chromium","Cortex, hippocampus and subventricular zone","ACGCCGATCGCCAGCA",1838,3302,86,0.0260448213204119,"Unknown"
"ACGCCGATCGGTTCGG","SRA526435","SRS1915196","Mus musculus","10x chromium","Cortex, hippocampus and subventricular zone","ACGCCGATCGGTTCGG",2065,4225,48,0.0113609467455621,"Unknown"
"ACGGAGAAGAAACCAT","SRA526435","SRS1915196","Mus musculus","10x chromium","Cortex, hippocampus and subventricular zone","ACGGAGAAGAAACCAT",1531,2835,66,0.0232804232804233,"Unknown"
"ACGGAGAAGATGAGAG","SRA526435","SRS1915196","Mus musculus","10x chromium","Cortex, hippocampus and subventricular zone","ACGGAGAAGATGAGAG",1714,3159,53,0.0167774612219057,"Unknown"
"ACGGAGAAGCCCAATT","SRA526435","SRS1915196","Mus musculus","10x chromium","Cortex, hippocampus and subventricular zone","ACGGAGAAGCCCAATT",1558,3071,46,0.0149788342559427,"Unknown"
"ACGGAGAAGTCAAGCG","SRA526435","SRS1915196","Mus musculus","10x chromium","Cortex, hippocampus and subventricular zone","ACGGAGAAGTCAAGCG",2055,4393,35,0.00796722057819258,"Unknown"
"ACGGAGAAGTCTCCTC","SRA526435","SRS1915196","Mus musculus","10x chromium","Cortex, hippocampus and subventricular zone","ACGGAGAAGTCTCCTC",2417,5133,55,0.0107149814923047,"Unknown"
"ACGGAGACAAACGCGA","SRA526435","SRS1915196","Mus musculus","10x chromium","Cortex, hippocampus and subventricular zone","ACGGAGACAAACGCGA",1468,2860,24,0.00839160839160839,"Unknown"
"ACGGAGACAACGATCT","SRA526435","SRS1915196","Mus musculus","10x chromium","Cortex, hippocampus and subventricular zone","ACGGAGACAACGATCT",1976,3687,64,0.0173582858692704,"Unknown"
"ACGGAGACACAGTCGC","SRA526435","SRS1915196","Mus musculus","10x chromium","Cortex, hippocampus and subventricular zone","ACGGAGACACAGTCGC",1814,3244,29,0.00893958076448829,"Unknown"
"ACGGAGACACTTACGA","SRA526435","SRS1915196","Mus musculus","10x chromium","Cortex, hippocampus and subventricular zone","ACGGAGACACTTACGA",2125,4614,69,0.0149544863459038,"Unknown"
"ACGGAGACAGTATAAG","SRA526435","SRS1915196","Mus musculus","10x chromium","Cortex, hippocampus and subventricular zone","ACGGAGACAGTATAAG",1974,3852,54,0.014018691588785,"Unknown"
"ACGGAGACAGTATGCT","SRA526435","SRS1915196","Mus musculus","10x chromium","Cortex, hippocampus and subventricular zone","ACGGAGACAGTATGCT",2935,6561,50,0.00762078951379363,"Unknown"
"ACGGAGACATCGGACC","SRA526435","SRS1915196","Mus musculus","10x chromium","Cortex, hippocampus and subventricular zone","ACGGAGACATCGGACC",1498,2471,25,0.0101173613921489,"Unknown"
"ACGGAGAGTGGTCCGT","SRA526435","SRS1915196","Mus musculus","10x chromium","Cortex, hippocampus and subventricular zone","ACGGAGAGTGGTCCGT",4595,13465,178,0.0132194578536948,"Unknown"
"ACGGAGAGTGGTTTCA","SRA526435","SRS1915196","Mus musculus","10x chromium","Cortex, hippocampus and subventricular zone","ACGGAGAGTGGTTTCA",1109,1558,28,0.0179717586649551,"Unknown"
"ACGGAGAGTGTCGCTG","SRA526435","SRS1915196","Mus musculus","10x chromium","Cortex, hippocampus and subventricular zone","ACGGAGAGTGTCGCTG",3287,8630,128,0.0148319814600232,"Unknown"
"ACGGAGAGTTCACGGC","SRA526435","SRS1915196","Mus musculus","10x chromium","Cortex, hippocampus and subventricular zone","ACGGAGAGTTCACGGC",2135,4422,77,0.0174129353233831,"Unknown"
"ACGGAGATCAATCACG","SRA526435","SRS1915196","Mus musculus","10x chromium","Cortex, hippocampus and subventricular zone","ACGGAGATCAATCACG",2731,6074,114,0.0187685215673362,"Unknown"
"ACGGAGATCACATACG","SRA526435","SRS1915196","Mus musculus","10x chromium","Cortex, hippocampus and subventricular zone","ACGGAGATCACATACG",2471,5305,52,0.00980207351555137,"Unknown"
"ACGGAGATCCTTCAAT","SRA526435","SRS1915196","Mus musculus","10x chromium","Cortex, hippocampus and subventricular zone","ACGGAGATCCTTCAAT",2068,4304,56,0.0130111524163569,"Unknown"
"ACGGAGATCGGCGCAT","SRA526435","SRS1915196","Mus musculus","10x chromium","Cortex, hippocampus and subventricular zone","ACGGAGATCGGCGCAT",1393,2479,47,0.0189592577652279,"Unknown"
"ACGGCCAAGCCCAATT","SRA526435","SRS1915196","Mus musculus","10x chromium","Cortex, hippocampus and subventricular zone","ACGGCCAAGCCCAATT",1249,2187,48,0.0219478737997256,"Unknown"
"ACGGCCAAGCGATAGC","SRA526435","SRS1915196","Mus musculus","10x chromium","Cortex, hippocampus and subventricular zone","ACGGCCAAGCGATAGC",2330,4162,53,0.0127342623738587,"Unknown"
"ACGGCCAAGGATCGCA","SRA526435","SRS1915196","Mus musculus","10x chromium","Cortex, hippocampus and subventricular zone","ACGGCCAAGGATCGCA",2275,4697,53,0.0112837981690441,"Unknown"
"ACGGCCAAGGTGCTAG","SRA526435","SRS1915196","Mus musculus","10x chromium","Cortex, hippocampus and subventricular zone","ACGGCCAAGGTGCTAG",1703,3145,45,0.014308426073132,"Unknown"
"ACGGCCAAGTACGCGA","SRA526435","SRS1915196","Mus musculus","10x chromium","Cortex, hippocampus and subventricular zone","ACGGCCAAGTACGCGA",3215,7362,64,0.008693289866884,"Cajal-Retzius cells"
"ACGGCCAAGTCTCCTC","SRA526435","SRS1915196","Mus musculus","10x chromium","Cortex, hippocampus and subventricular zone","ACGGCCAAGTCTCCTC",2328,4975,43,0.00864321608040201,"Unknown"
"ACGGCCACAAGCTGGA","SRA526435","SRS1915196","Mus musculus","10x chromium","Cortex, hippocampus and subventricular zone","ACGGCCACAAGCTGGA",2279,5427,50,0.00921319329279528,"Unknown"
"ACGGCCACACATGGGA","SRA526435","SRS1915196","Mus musculus","10x chromium","Cortex, hippocampus and subventricular zone","ACGGCCACACATGGGA",2658,6274,58,0.00924450111571565,"Unknown"
"ACGGCCACACCACGTG","SRA526435","SRS1915196","Mus musculus","10x chromium","Cortex, hippocampus and subventricular zone","ACGGCCACACCACGTG",3104,7688,61,0.00793444328824141,"Unknown"
"ACGGCCACAGACGCTC","SRA526435","SRS1915196","Mus musculus","10x chromium","Cortex, hippocampus and subventricular zone","ACGGCCACAGACGCTC",2842,6531,71,0.0108712295207472,"Unknown"
"ACGGCCAGTAAGTGTA","SRA526435","SRS1915196","Mus musculus","10x chromium","Cortex, hippocampus and subventricular zone","ACGGCCAGTAAGTGTA",1304,2215,33,0.0148984198645598,"Unknown"
"ACGGCCAGTACTCTCC","SRA526435","SRS1915196","Mus musculus","10x chromium","Cortex, hippocampus and subventricular zone","ACGGCCAGTACTCTCC",1570,3005,35,0.0116472545757072,"Unknown"
"ACGGCCAGTAGGAGTC","SRA526435","SRS1915196","Mus musculus","10x chromium","Cortex, hippocampus and subventricular zone","ACGGCCAGTAGGAGTC",2990,6463,100,0.0154726907009129,"Unknown"
"ACGGCCAGTCCGACGT","SRA526435","SRS1915196","Mus musculus","10x chromium","Cortex, hippocampus and subventricular zone","ACGGCCAGTCCGACGT",2669,6324,89,0.0140733712839975,"Endothelial cells"
"ACGGCCAGTCCGTTAA","SRA526435","SRS1915196","Mus musculus","10x chromium","Cortex, hippocampus and subventricular zone","ACGGCCAGTCCGTTAA",1773,3169,50,0.0157778479015462,"Unknown"
"ACGGCCAGTCGAATCT","SRA526435","SRS1915196","Mus musculus","10x chromium","Cortex, hippocampus and subventricular zone","ACGGCCAGTCGAATCT",1867,3507,41,0.0116909039064728,"Unknown"
"ACGGCCAGTGATGATA","SRA526435","SRS1915196","Mus musculus","10x chromium","Cortex, hippocampus and subventricular zone","ACGGCCAGTGATGATA",1440,2573,39,0.0151574038087835,"Unknown"
"ACGGCCAGTGTGCGTC","SRA526435","SRS1915196","Mus musculus","10x chromium","Cortex, hippocampus and subventricular zone","ACGGCCAGTGTGCGTC",1348,2433,57,0.0234278668310728,"Unknown"
"ACGGCCAGTTCACGGC","SRA526435","SRS1915196","Mus musculus","10x chromium","Cortex, hippocampus and subventricular zone","ACGGCCAGTTCACGGC",749,1150,0,0,"Unknown"
"ACGGCCATCAAGGCTT","SRA526435","SRS1915196","Mus musculus","10x chromium","Cortex, hippocampus and subventricular zone","ACGGCCATCAAGGCTT",1872,3629,35,0.00964453017360154,"Unknown"
"ACGGCCATCCTATTCA","SRA526435","SRS1915196","Mus musculus","10x chromium","Cortex, hippocampus and subventricular zone","ACGGCCATCCTATTCA",1996,4083,38,0.00930688219446485,"Unknown"
"ACGGCCATCCTCAATT","SRA526435","SRS1915196","Mus musculus","10x chromium","Cortex, hippocampus and subventricular zone","ACGGCCATCCTCAATT",1409,2288,104,0.0454545454545455,"Cajal-Retzius cells"
"ACGGGCTAGAAGCCCA","SRA526435","SRS1915196","Mus musculus","10x chromium","Cortex, hippocampus and subventricular zone","ACGGGCTAGAAGCCCA",2734,6526,79,0.0121054244560221,"Unknown"
"ACGGGCTAGGACATTA","SRA526435","SRS1915196","Mus musculus","10x chromium","Cortex, hippocampus and subventricular zone","ACGGGCTAGGACATTA",3179,7383,56,0.00758499255045374,"Unknown"
"ACGGGCTAGGGCTCTC","SRA526435","SRS1915196","Mus musculus","10x chromium","Cortex, hippocampus and subventricular zone","ACGGGCTAGGGCTCTC",1072,1588,7,0.0044080604534005,"Unknown"
"ACGGGCTAGGTGTTAA","SRA526435","SRS1915196","Mus musculus","10x chromium","Cortex, hippocampus and subventricular zone","ACGGGCTAGGTGTTAA",1827,3404,39,0.0114571092831962,"Unknown"
"ACGGGCTAGTTATCGC","SRA526435","SRS1915196","Mus musculus","10x chromium","Cortex, hippocampus and subventricular zone","ACGGGCTAGTTATCGC",5001,19037,281,0.0147607291064769,"Endothelial cells"
"ACGGGCTAGTTTCCTT","SRA526435","SRS1915196","Mus musculus","10x chromium","Cortex, hippocampus and subventricular zone","ACGGGCTAGTTTCCTT",1791,3326,54,0.0162357185808779,"Unknown"
"ACGGGCTCAAGCGTAG","SRA526435","SRS1915196","Mus musculus","10x chromium","Cortex, hippocampus and subventricular zone","ACGGGCTCAAGCGTAG",1839,3551,82,0.0230920867361307,"Unknown"
"ACGGGCTCACTCAGGC","SRA526435","SRS1915196","Mus musculus","10x chromium","Cortex, hippocampus and subventricular zone","ACGGGCTCACTCAGGC",1801,3448,32,0.00928074245939675,"Unknown"
"ACGGGCTCAGATTGCT","SRA526435","SRS1915196","Mus musculus","10x chromium","Cortex, hippocampus and subventricular zone","ACGGGCTCAGATTGCT",1870,3818,48,0.0125720272393924,"Unknown"
"ACGGGCTCAGGTCCAC","SRA526435","SRS1915196","Mus musculus","10x chromium","Cortex, hippocampus and subventricular zone","ACGGGCTCAGGTCCAC",1350,2921,89,0.030469017459774,"Microglia"
"ACGGGCTCAGGTCTCG","SRA526435","SRS1915196","Mus musculus","10x chromium","Cortex, hippocampus and subventricular zone","ACGGGCTCAGGTCTCG",1130,1585,32,0.0201892744479495,"Unknown"
"ACGGGCTCAGTCGATT","SRA526435","SRS1915196","Mus musculus","10x chromium","Cortex, hippocampus and subventricular zone","ACGGGCTCAGTCGATT",1835,3774,56,0.0148383677795443,"Unknown"
"ACGGGCTCATGAGCGA","SRA526435","SRS1915196","Mus musculus","10x chromium","Cortex, hippocampus and subventricular zone","ACGGGCTCATGAGCGA",2567,5777,43,0.00744330967630258,"Unknown"
"ACGGGCTCATTCGACA","SRA526435","SRS1915196","Mus musculus","10x chromium","Cortex, hippocampus and subventricular zone","ACGGGCTCATTCGACA",2919,8127,167,0.0205487879906485,"Endothelial cells"
"ACGGGCTGTACTCTCC","SRA526435","SRS1915196","Mus musculus","10x chromium","Cortex, hippocampus and subventricular zone","ACGGGCTGTACTCTCC",1603,2767,30,0.0108420672208168,"Unknown"
"ACGGGCTGTCTTGCGG","SRA526435","SRS1915196","Mus musculus","10x chromium","Cortex, hippocampus and subventricular zone","ACGGGCTGTCTTGCGG",955,1413,46,0.032554847841472,"Unknown"
"ACGGGCTGTGTCTGAT","SRA526435","SRS1915196","Mus musculus","10x chromium","Cortex, hippocampus and subventricular zone","ACGGGCTGTGTCTGAT",1424,2798,36,0.0128663330950679,"Unknown"
"ACGGGCTGTGTGAATA","SRA526435","SRS1915196","Mus musculus","10x chromium","Cortex, hippocampus and subventricular zone","ACGGGCTGTGTGAATA",1499,2561,36,0.0140570089808668,"Unknown"
"ACGGGCTGTGTTTGTG","SRA526435","SRS1915196","Mus musculus","10x chromium","Cortex, hippocampus and subventricular zone","ACGGGCTGTGTTTGTG",1238,2132,47,0.0220450281425891,"Unknown"
"ACGGGCTTCAAACGGG","SRA526435","SRS1915196","Mus musculus","10x chromium","Cortex, hippocampus and subventricular zone","ACGGGCTTCAAACGGG",1807,2761,61,0.0220934444042014,"Unknown"
"ACGGGCTTCACTCTTA","SRA526435","SRS1915196","Mus musculus","10x chromium","Cortex, hippocampus and subventricular zone","ACGGGCTTCACTCTTA",1445,2409,45,0.0186799501867995,"Unknown"
"ACGGGCTTCCAATGGT","SRA526435","SRS1915196","Mus musculus","10x chromium","Cortex, hippocampus and subventricular zone","ACGGGCTTCCAATGGT",2039,4154,68,0.0163697640828117,"Unknown"
"ACGGGCTTCGAGAGCA","SRA526435","SRS1915196","Mus musculus","10x chromium","Cortex, hippocampus and subventricular zone","ACGGGCTTCGAGAGCA",2113,3814,55,0.0144205558468799,"Unknown"
"ACGGGCTTCTGCCAGG","SRA526435","SRS1915196","Mus musculus","10x chromium","Cortex, hippocampus and subventricular zone","ACGGGCTTCTGCCAGG",1672,3185,58,0.0182103610675039,"Unknown"
"ACGGGTCAGGTCGGAT","SRA526435","SRS1915196","Mus musculus","10x chromium","Cortex, hippocampus and subventricular zone","ACGGGTCAGGTCGGAT",2616,5743,62,0.0107957513494689,"Unknown"
"ACGGGTCAGTGTACGG","SRA526435","SRS1915196","Mus musculus","10x chromium","Cortex, hippocampus and subventricular zone","ACGGGTCAGTGTACGG",1030,1571,7,0.00445576066199873,"Unknown"
"ACGGGTCCAAGTCTAC","SRA526435","SRS1915196","Mus musculus","10x chromium","Cortex, hippocampus and subventricular zone","ACGGGTCCAAGTCTAC",2306,4672,63,0.0134845890410959,"Unknown"
"ACGGGTCCAGAGCCAA","SRA526435","SRS1915196","Mus musculus","10x chromium","Cortex, hippocampus and subventricular zone","ACGGGTCCAGAGCCAA",2115,4026,49,0.0121708892200695,"Unknown"
"ACGGGTCCAGCTGCAC","SRA526435","SRS1915196","Mus musculus","10x chromium","Cortex, hippocampus and subventricular zone","ACGGGTCCAGCTGCAC",864,1245,36,0.0289156626506024,"Unknown"
"ACGGGTCCAGCTGTGC","SRA526435","SRS1915196","Mus musculus","10x chromium","Cortex, hippocampus and subventricular zone","ACGGGTCCAGCTGTGC",2327,4979,77,0.0154649528017674,"Unknown"
"ACGGGTCCATCCGTGG","SRA526435","SRS1915196","Mus musculus","10x chromium","Cortex, hippocampus and subventricular zone","ACGGGTCCATCCGTGG",1773,3379,75,0.0221959159514649,"Unknown"
"ACGGGTCCATTGTGCA","SRA526435","SRS1915196","Mus musculus","10x chromium","Cortex, hippocampus and subventricular zone","ACGGGTCCATTGTGCA",2497,5410,62,0.011460258780037,"Unknown"
"ACGGGTCGTCTGATTG","SRA526435","SRS1915196","Mus musculus","10x chromium","Cortex, hippocampus and subventricular zone","ACGGGTCGTCTGATTG",2293,4714,54,0.0114552397114977,"Unknown"
"ACGGGTCGTGCACTTA","SRA526435","SRS1915196","Mus musculus","10x chromium","Cortex, hippocampus and subventricular zone","ACGGGTCGTGCACTTA",2086,3915,37,0.00945083014048531,"Unknown"
"ACGGGTCGTGCTAGCC","SRA526435","SRS1915196","Mus musculus","10x chromium","Cortex, hippocampus and subventricular zone","ACGGGTCGTGCTAGCC",2330,5075,71,0.0139901477832512,"Unknown"
"ACGGGTCGTGTAAGTA","SRA526435","SRS1915196","Mus musculus","10x chromium","Cortex, hippocampus and subventricular zone","ACGGGTCGTGTAAGTA",2417,5139,79,0.0153726405915548,"Unknown"
"ACGGGTCGTTTAAGCC","SRA526435","SRS1915196","Mus musculus","10x chromium","Cortex, hippocampus and subventricular zone","ACGGGTCGTTTAAGCC",2014,3565,52,0.014586255259467,"Unknown"
"ACGGGTCGTTTAGGAA","SRA526435","SRS1915196","Mus musculus","10x chromium","Cortex, hippocampus and subventricular zone","ACGGGTCGTTTAGGAA",2240,4629,51,0.0110174983797796,"Unknown"
"ACGGGTCTCAACACTG","SRA526435","SRS1915196","Mus musculus","10x chromium","Cortex, hippocampus and subventricular zone","ACGGGTCTCAACACTG",1379,2316,65,0.0280656303972366,"Unknown"
"ACGGGTCTCAACGGGA","SRA526435","SRS1915196","Mus musculus","10x chromium","Cortex, hippocampus and subventricular zone","ACGGGTCTCAACGGGA",1562,2851,25,0.00876885303402315,"Unknown"
"ACGGGTCTCACTCTTA","SRA526435","SRS1915196","Mus musculus","10x chromium","Cortex, hippocampus and subventricular zone","ACGGGTCTCACTCTTA",2575,6448,78,0.0120967741935484,"Unknown"
"ACGGGTCTCCGAGCCA","SRA526435","SRS1915196","Mus musculus","10x chromium","Cortex, hippocampus and subventricular zone","ACGGGTCTCCGAGCCA",1119,2278,77,0.033801580333626,"Unknown"
"ACGGGTCTCCGTCAAA","SRA526435","SRS1915196","Mus musculus","10x chromium","Cortex, hippocampus and subventricular zone","ACGGGTCTCCGTCAAA",3313,9253,70,0.00756511401707554,"Unknown"
"ACGGGTCTCCTCAATT","SRA526435","SRS1915196","Mus musculus","10x chromium","Cortex, hippocampus and subventricular zone","ACGGGTCTCCTCAATT",1659,2995,25,0.00834724540901502,"Unknown"
"ACGGGTCTCTAAGCCA","SRA526435","SRS1915196","Mus musculus","10x chromium","Cortex, hippocampus and subventricular zone","ACGGGTCTCTAAGCCA",1794,3253,30,0.00922225637872733,"Unknown"
"ACGGGTCTCTTAGAGC","SRA526435","SRS1915196","Mus musculus","10x chromium","Cortex, hippocampus and subventricular zone","ACGGGTCTCTTAGAGC",1963,3678,58,0.0157694399129962,"Unknown"
"ACGGGTCTCTTGACGA","SRA526435","SRS1915196","Mus musculus","10x chromium","Cortex, hippocampus and subventricular zone","ACGGGTCTCTTGACGA",2326,5335,53,0.00993439550140581,"Unknown"
"ACGTCAAAGCAGCGTA","SRA526435","SRS1915196","Mus musculus","10x chromium","Cortex, hippocampus and subventricular zone","ACGTCAAAGCAGCGTA",2002,3692,29,0.00785482123510292,"Unknown"
"ACGTCAAAGCGGATCA","SRA526435","SRS1915196","Mus musculus","10x chromium","Cortex, hippocampus and subventricular zone","ACGTCAAAGCGGATCA",1652,3366,60,0.017825311942959,"Unknown"
"ACGTCAAAGCTCTCGG","SRA526435","SRS1915196","Mus musculus","10x chromium","Cortex, hippocampus and subventricular zone","ACGTCAAAGCTCTCGG",2769,6316,28,0.00443318556048132,"Unknown"
"ACGTCAAAGGTCGGAT","SRA526435","SRS1915196","Mus musculus","10x chromium","Cortex, hippocampus and subventricular zone","ACGTCAAAGGTCGGAT",4658,13551,185,0.0136521289941702,"Unknown"
"ACGTCAACAACTGCTA","SRA526435","SRS1915196","Mus musculus","10x chromium","Cortex, hippocampus and subventricular zone","ACGTCAACAACTGCTA",1230,2002,33,0.0164835164835165,"Unknown"
"ACGTCAACACATCCGG","SRA526435","SRS1915196","Mus musculus","10x chromium","Cortex, hippocampus and subventricular zone","ACGTCAACACATCCGG",2739,6281,78,0.0124184047126254,"Unknown"
"ACGTCAACACATTAGC","SRA526435","SRS1915196","Mus musculus","10x chromium","Cortex, hippocampus and subventricular zone","ACGTCAACACATTAGC",2350,4875,42,0.00861538461538462,"Unknown"
"ACGTCAACACCGCTAG","SRA526435","SRS1915196","Mus musculus","10x chromium","Cortex, hippocampus and subventricular zone","ACGTCAACACCGCTAG",827,1250,53,0.0424,"Unknown"
"ACGTCAACACCGTTGG","SRA526435","SRS1915196","Mus musculus","10x chromium","Cortex, hippocampus and subventricular zone","ACGTCAACACCGTTGG",1775,3340,37,0.0110778443113772,"Unknown"
"ACGTCAACACTCAGGC","SRA526435","SRS1915196","Mus musculus","10x chromium","Cortex, hippocampus and subventricular zone","ACGTCAACACTCAGGC",1189,1841,25,0.0135795763172189,"Unknown"
"ACGTCAACACTGAAGG","SRA526435","SRS1915196","Mus musculus","10x chromium","Cortex, hippocampus and subventricular zone","ACGTCAACACTGAAGG",1332,2153,61,0.0283325592196935,"Unknown"
"ACGTCAACATCACCCT","SRA526435","SRS1915196","Mus musculus","10x chromium","Cortex, hippocampus and subventricular zone","ACGTCAACATCACCCT",910,1401,52,0.0371163454675232,"Unknown"
"ACGTCAACATCACGAT","SRA526435","SRS1915196","Mus musculus","10x chromium","Cortex, hippocampus and subventricular zone","ACGTCAACATCACGAT",3456,9573,77,0.00804345555207354,"Unknown"
"ACGTCAACATCATCCC","SRA526435","SRS1915196","Mus musculus","10x chromium","Cortex, hippocampus and subventricular zone","ACGTCAACATCATCCC",1070,2038,80,0.0392541707556428,"Unknown"
"ACGTCAACATCCCACT","SRA526435","SRS1915196","Mus musculus","10x chromium","Cortex, hippocampus and subventricular zone","ACGTCAACATCCCACT",1808,3230,39,0.0120743034055728,"Unknown"
"ACGTCAACATGAGCGA","SRA526435","SRS1915196","Mus musculus","10x chromium","Cortex, hippocampus and subventricular zone","ACGTCAACATGAGCGA",2612,6006,47,0.00782550782550783,"Unknown"
"ACGTCAAGTACCAGTT","SRA526435","SRS1915196","Mus musculus","10x chromium","Cortex, hippocampus and subventricular zone","ACGTCAAGTACCAGTT",2724,6332,81,0.012792166771952,"Unknown"
"ACGTCAAGTCCTCCAT","SRA526435","SRS1915196","Mus musculus","10x chromium","Cortex, hippocampus and subventricular zone","ACGTCAAGTCCTCCAT",1883,3797,37,0.00974453515933632,"Unknown"
"ACGTCAAGTCGAGTTT","SRA526435","SRS1915196","Mus musculus","10x chromium","Cortex, hippocampus and subventricular zone","ACGTCAAGTCGAGTTT",1080,1618,98,0.0605686032138443,"Cajal-Retzius cells"
"ACGTCAAGTCTAGTCA","SRA526435","SRS1915196","Mus musculus","10x chromium","Cortex, hippocampus and subventricular zone","ACGTCAAGTCTAGTCA",2120,4261,104,0.0244074160995072,"Unknown"
"ACGTCAATCAGGCGAA","SRA526435","SRS1915196","Mus musculus","10x chromium","Cortex, hippocampus and subventricular zone","ACGTCAATCAGGCGAA",1666,2870,99,0.0344947735191638,"Endothelial cells"
"ACGTCAATCCTCCTAG","SRA526435","SRS1915196","Mus musculus","10x chromium","Cortex, hippocampus and subventricular zone","ACGTCAATCCTCCTAG",2161,4612,52,0.0112749349522984,"Unknown"
"ACGTCAATCCTTTCGG","SRA526435","SRS1915196","Mus musculus","10x chromium","Cortex, hippocampus and subventricular zone","ACGTCAATCCTTTCGG",2633,6913,88,0.0127296398090554,"Endothelial cells"
"ACGTCAATCTGAAAGA","SRA526435","SRS1915196","Mus musculus","10x chromium","Cortex, hippocampus and subventricular zone","ACGTCAATCTGAAAGA",2250,4887,68,0.013914466953141,"Unknown"
"ACTATCTAGAATGTTG","SRA526435","SRS1915196","Mus musculus","10x chromium","Cortex, hippocampus and subventricular zone","ACTATCTAGAATGTTG",2410,5393,73,0.0135360652697942,"Unknown"
"ACTATCTAGACAAAGG","SRA526435","SRS1915196","Mus musculus","10x chromium","Cortex, hippocampus and subventricular zone","ACTATCTAGACAAAGG",2143,4589,44,0.00958814556548268,"Unknown"
"ACTATCTAGCTGATAA","SRA526435","SRS1915196","Mus musculus","10x chromium","Cortex, hippocampus and subventricular zone","ACTATCTAGCTGATAA",2287,5187,41,0.00790437632542896,"Unknown"
"ACTATCTAGTCCTCCT","SRA526435","SRS1915196","Mus musculus","10x chromium","Cortex, hippocampus and subventricular zone","ACTATCTAGTCCTCCT",3542,9530,159,0.0166841552990556,"Unknown"
"ACTATCTCAAAGTGCG","SRA526435","SRS1915196","Mus musculus","10x chromium","Cortex, hippocampus and subventricular zone","ACTATCTCAAAGTGCG",3518,9737,85,0.00872958816884051,"Unknown"
"ACTATCTCAAGACGTG","SRA526435","SRS1915196","Mus musculus","10x chromium","Cortex, hippocampus and subventricular zone","ACTATCTCAAGACGTG",1191,1855,39,0.0210242587601078,"Unknown"
"ACTATCTCAATGAATG","SRA526435","SRS1915196","Mus musculus","10x chromium","Cortex, hippocampus and subventricular zone","ACTATCTCAATGAATG",2001,3992,49,0.0122745490981964,"Unknown"
"ACTATCTCACAGATTC","SRA526435","SRS1915196","Mus musculus","10x chromium","Cortex, hippocampus and subventricular zone","ACTATCTCACAGATTC",1896,3704,77,0.0207883369330454,"Unknown"
"ACTATCTCACGTAAGG","SRA526435","SRS1915196","Mus musculus","10x chromium","Cortex, hippocampus and subventricular zone","ACTATCTCACGTAAGG",758,1036,60,0.0579150579150579,"Unknown"
"ACTATCTCAGCCTTGG","SRA526435","SRS1915196","Mus musculus","10x chromium","Cortex, hippocampus and subventricular zone","ACTATCTCAGCCTTGG",3121,7986,112,0.0140245429501628,"Unknown"
"ACTATCTCAGCGTTCG","SRA526435","SRS1915196","Mus musculus","10x chromium","Cortex, hippocampus and subventricular zone","ACTATCTCAGCGTTCG",2523,5593,45,0.0080457715000894,"Unknown"
"ACTATCTCATACTCTT","SRA526435","SRS1915196","Mus musculus","10x chromium","Cortex, hippocampus and subventricular zone","ACTATCTCATACTCTT",2185,4685,79,0.0168623265741729,"Unknown"
"ACTATCTCATGACGGA","SRA526435","SRS1915196","Mus musculus","10x chromium","Cortex, hippocampus and subventricular zone","ACTATCTCATGACGGA",2806,6432,84,0.0130597014925373,"Unknown"
"ACTATCTCATTAGGCT","SRA526435","SRS1915196","Mus musculus","10x chromium","Cortex, hippocampus and subventricular zone","ACTATCTCATTAGGCT",1837,3633,48,0.0132122213047069,"Unknown"
"ACTATCTCATTCCTCG","SRA526435","SRS1915196","Mus musculus","10x chromium","Cortex, hippocampus and subventricular zone","ACTATCTCATTCCTCG",115,3122,7,0.00224215246636771,"Erythroid-like and erythroid precursor cells"
"ACTATCTGTACACCGC","SRA526435","SRS1915196","Mus musculus","10x chromium","Cortex, hippocampus and subventricular zone","ACTATCTGTACACCGC",1625,3030,50,0.0165016501650165,"Unknown"
"ACTATCTGTACCGTTA","SRA526435","SRS1915196","Mus musculus","10x chromium","Cortex, hippocampus and subventricular zone","ACTATCTGTACCGTTA",2119,4316,44,0.010194624652456,"Unknown"
"ACTATCTGTAGGGTAC","SRA526435","SRS1915196","Mus musculus","10x chromium","Cortex, hippocampus and subventricular zone","ACTATCTGTAGGGTAC",2200,4721,45,0.00953187883922898,"Unknown"
"ACTATCTGTATCAGTC","SRA526435","SRS1915196","Mus musculus","10x chromium","Cortex, hippocampus and subventricular zone","ACTATCTGTATCAGTC",3215,8737,88,0.010072107130594,"Unknown"
"ACTATCTGTCGGGTCT","SRA526435","SRS1915196","Mus musculus","10x chromium","Cortex, hippocampus and subventricular zone","ACTATCTGTCGGGTCT",65,1522,6,0.00394218134034166,"Erythroid-like and erythroid precursor cells"
"ACTATCTGTCTCTTAT","SRA526435","SRS1915196","Mus musculus","10x chromium","Cortex, hippocampus and subventricular zone","ACTATCTGTCTCTTAT",2416,5097,55,0.0107906611732392,"Unknown"
"ACTATCTGTGAGGCTA","SRA526435","SRS1915196","Mus musculus","10x chromium","Cortex, hippocampus and subventricular zone","ACTATCTGTGAGGCTA",2235,4119,71,0.0172371934935664,"Cajal-Retzius cells"
"ACTATCTGTGATGTCT","SRA526435","SRS1915196","Mus musculus","10x chromium","Cortex, hippocampus and subventricular zone","ACTATCTGTGATGTCT",1588,3002,48,0.0159893404397069,"Unknown"
"ACTATCTGTGCCTGTG","SRA526435","SRS1915196","Mus musculus","10x chromium","Cortex, hippocampus and subventricular zone","ACTATCTGTGCCTGTG",588,1135,9,0.0079295154185022,"Microglia"
"ACTATCTGTGTCAATC","SRA526435","SRS1915196","Mus musculus","10x chromium","Cortex, hippocampus and subventricular zone","ACTATCTGTGTCAATC",1675,3382,34,0.010053222945003,"Unknown"
"ACTATCTGTTTACTCT","SRA526435","SRS1915196","Mus musculus","10x chromium","Cortex, hippocampus and subventricular zone","ACTATCTGTTTACTCT",2166,4625,46,0.00994594594594595,"Unknown"
"ACTATCTTCACTCCTG","SRA526435","SRS1915196","Mus musculus","10x chromium","Cortex, hippocampus and subventricular zone","ACTATCTTCACTCCTG",371,3500,3,0.000857142857142857,"Erythroid-like and erythroid precursor cells"
"ACTATCTTCCGTACAA","SRA526435","SRS1915196","Mus musculus","10x chromium","Cortex, hippocampus and subventricular zone","ACTATCTTCCGTACAA",2035,3897,57,0.014626635873749,"Unknown"
"ACTATCTTCCTAGGGC","SRA526435","SRS1915196","Mus musculus","10x chromium","Cortex, hippocampus and subventricular zone","ACTATCTTCCTAGGGC",1169,2338,19,0.00812660393498717,"Unknown"
"ACTATCTTCGAATGCT","SRA526435","SRS1915196","Mus musculus","10x chromium","Cortex, hippocampus and subventricular zone","ACTATCTTCGAATGCT",1731,3618,50,0.0138197899391929,"Unknown"
"ACTATCTTCGACCAGC","SRA526435","SRS1915196","Mus musculus","10x chromium","Cortex, hippocampus and subventricular zone","ACTATCTTCGACCAGC",1671,2994,39,0.0130260521042084,"Unknown"
"ACTATCTTCGGCGCAT","SRA526435","SRS1915196","Mus musculus","10x chromium","Cortex, hippocampus and subventricular zone","ACTATCTTCGGCGCAT",857,1283,63,0.049103663289166,"Unknown"
"ACTATCTTCGTACCGG","SRA526435","SRS1915196","Mus musculus","10x chromium","Cortex, hippocampus and subventricular zone","ACTATCTTCGTACCGG",2093,4136,53,0.0128143133462282,"Unknown"
"ACTATCTTCTGCAAGT","SRA526435","SRS1915196","Mus musculus","10x chromium","Cortex, hippocampus and subventricular zone","ACTATCTTCTGCAAGT",2385,5397,50,0.00926440615156568,"Unknown"
"ACTATCTTCTTAACCT","SRA526435","SRS1915196","Mus musculus","10x chromium","Cortex, hippocampus and subventricular zone","ACTATCTTCTTAACCT",1805,3591,45,0.012531328320802,"Unknown"
"ACTGAACAGCCAGAAC","SRA526435","SRS1915196","Mus musculus","10x chromium","Cortex, hippocampus and subventricular zone","ACTGAACAGCCAGAAC",4264,12269,100,0.00815062352269949,"Unknown"
"ACTGAACAGCCAGTTT","SRA526435","SRS1915196","Mus musculus","10x chromium","Cortex, hippocampus and subventricular zone","ACTGAACAGCCAGTTT",1945,3612,45,0.0124584717607973,"Unknown"
"ACTGAACCACATCCAA","SRA526435","SRS1915196","Mus musculus","10x chromium","Cortex, hippocampus and subventricular zone","ACTGAACCACATCCAA",2967,6806,70,0.0102850426094622,"Unknown"
"ACTGAACCACATTAGC","SRA526435","SRS1915196","Mus musculus","10x chromium","Cortex, hippocampus and subventricular zone","ACTGAACCACATTAGC",2625,6000,50,0.00833333333333333,"Unknown"
"ACTGAACCACCATGTA","SRA526435","SRS1915196","Mus musculus","10x chromium","Cortex, hippocampus and subventricular zone","ACTGAACCACCATGTA",2870,7563,150,0.0198333994446648,"Unknown"
"ACTGAACCAGAGCCAA","SRA526435","SRS1915196","Mus musculus","10x chromium","Cortex, hippocampus and subventricular zone","ACTGAACCAGAGCCAA",2565,5989,74,0.0123559859742862,"Unknown"
"ACTGAACCAGGTGGAT","SRA526435","SRS1915196","Mus musculus","10x chromium","Cortex, hippocampus and subventricular zone","ACTGAACCAGGTGGAT",1775,3367,47,0.013959013959014,"Unknown"
"ACTGAACCATGCCCGA","SRA526435","SRS1915196","Mus musculus","10x chromium","Cortex, hippocampus and subventricular zone","ACTGAACCATGCCCGA",4525,14054,204,0.0145154404440017,"Unknown"
"ACTGAACGTGCCTGCA","SRA526435","SRS1915196","Mus musculus","10x chromium","Cortex, hippocampus and subventricular zone","ACTGAACGTGCCTGCA",1551,2663,67,0.0251595944423582,"Unknown"
"ACTGAACGTTCCACTC","SRA526435","SRS1915196","Mus musculus","10x chromium","Cortex, hippocampus and subventricular zone","ACTGAACGTTCCACTC",1091,1655,53,0.03202416918429,"Unknown"
"ACTGAACGTTCGTTGA","SRA526435","SRS1915196","Mus musculus","10x chromium","Cortex, hippocampus and subventricular zone","ACTGAACGTTCGTTGA",2653,5961,65,0.0109042107029022,"Unknown"
"ACTGAACTCCCATTAT","SRA526435","SRS1915196","Mus musculus","10x chromium","Cortex, hippocampus and subventricular zone","ACTGAACTCCCATTAT",3853,11277,201,0.0178238893322692,"Endothelial cells"
"ACTGAACTCCTCATTA","SRA526435","SRS1915196","Mus musculus","10x chromium","Cortex, hippocampus and subventricular zone","ACTGAACTCCTCATTA",2544,6195,79,0.0127522195318805,"Unknown"
"ACTGAACTCGGTGTCG","SRA526435","SRS1915196","Mus musculus","10x chromium","Cortex, hippocampus and subventricular zone","ACTGAACTCGGTGTCG",1149,2012,27,0.0134194831013916,"Unknown"
"ACTGAACTCTACCTGC","SRA526435","SRS1915196","Mus musculus","10x chromium","Cortex, hippocampus and subventricular zone","ACTGAACTCTACCTGC",1722,3515,92,0.0261735419630156,"Unknown"
"ACTGAACTCTGCAGTA","SRA526435","SRS1915196","Mus musculus","10x chromium","Cortex, hippocampus and subventricular zone","ACTGAACTCTGCAGTA",1795,3563,41,0.011507156890261,"Unknown"
"ACTGAACTCTGTGCAA","SRA526435","SRS1915196","Mus musculus","10x chromium","Cortex, hippocampus and subventricular zone","ACTGAACTCTGTGCAA",2659,6232,83,0.0133183568677792,"Unknown"
"ACTGAGTAGGCTCTTA","SRA526435","SRS1915196","Mus musculus","10x chromium","Cortex, hippocampus and subventricular zone","ACTGAGTAGGCTCTTA",1748,3119,48,0.0153895479320295,"Unknown"
"ACTGAGTAGGGTATCG","SRA526435","SRS1915196","Mus musculus","10x chromium","Cortex, hippocampus and subventricular zone","ACTGAGTAGGGTATCG",2514,5413,56,0.0103454646222058,"Unknown"
"ACTGAGTCAACTGCGC","SRA526435","SRS1915196","Mus musculus","10x chromium","Cortex, hippocampus and subventricular zone","ACTGAGTCAACTGCGC",1008,1626,27,0.0166051660516605,"Unknown"
"ACTGAGTCAACTTGAC","SRA526435","SRS1915196","Mus musculus","10x chromium","Cortex, hippocampus and subventricular zone","ACTGAGTCAACTTGAC",2789,6940,162,0.023342939481268,"Pericytes"
"ACTGAGTCAAGCGATG","SRA526435","SRS1915196","Mus musculus","10x chromium","Cortex, hippocampus and subventricular zone","ACTGAGTCAAGCGATG",1582,3263,63,0.0193073858412504,"Unknown"
"ACTGAGTCAGACGCTC","SRA526435","SRS1915196","Mus musculus","10x chromium","Cortex, hippocampus and subventricular zone","ACTGAGTCAGACGCTC",2613,5601,47,0.00839135868594894,"Unknown"
"ACTGAGTCATCGATTG","SRA526435","SRS1915196","Mus musculus","10x chromium","Cortex, hippocampus and subventricular zone","ACTGAGTCATCGATTG",1980,3914,48,0.0122636688809402,"Microglia"
"ACTGAGTGTCTACCTC","SRA526435","SRS1915196","Mus musculus","10x chromium","Cortex, hippocampus and subventricular zone","ACTGAGTGTCTACCTC",2608,6286,59,0.00938593700286351,"Unknown"
"ACTGAGTGTGGCTCCA","SRA526435","SRS1915196","Mus musculus","10x chromium","Cortex, hippocampus and subventricular zone","ACTGAGTGTGGCTCCA",2626,5275,116,0.0219905213270142,"Cajal-Retzius cells"
"ACTGAGTTCACCGTAA","SRA526435","SRS1915196","Mus musculus","10x chromium","Cortex, hippocampus and subventricular zone","ACTGAGTTCACCGTAA",1583,2940,33,0.0112244897959184,"Unknown"
"ACTGAGTTCAGGCCCA","SRA526435","SRS1915196","Mus musculus","10x chromium","Cortex, hippocampus and subventricular zone","ACTGAGTTCAGGCCCA",794,1184,19,0.0160472972972973,"Unknown"
"ACTGAGTTCCGTCAAA","SRA526435","SRS1915196","Mus musculus","10x chromium","Cortex, hippocampus and subventricular zone","ACTGAGTTCCGTCAAA",2444,5143,77,0.0149718063387128,"Unknown"
"ACTGAGTTCGTGGTCG","SRA526435","SRS1915196","Mus musculus","10x chromium","Cortex, hippocampus and subventricular zone","ACTGAGTTCGTGGTCG",1428,2319,21,0.00905562742561449,"Unknown"
"ACTGAGTTCTGCTTGC","SRA526435","SRS1915196","Mus musculus","10x chromium","Cortex, hippocampus and subventricular zone","ACTGAGTTCTGCTTGC",1694,4072,33,0.0081041257367387,"Unknown"
"ACTGATGAGCTTTGGT","SRA526435","SRS1915196","Mus musculus","10x chromium","Cortex, hippocampus and subventricular zone","ACTGATGAGCTTTGGT",914,1436,32,0.0222841225626741,"Unknown"
"ACTGATGAGGGCTCTC","SRA526435","SRS1915196","Mus musculus","10x chromium","Cortex, hippocampus and subventricular zone","ACTGATGAGGGCTCTC",1531,2680,124,0.0462686567164179,"Unknown"
"ACTGATGAGGTGATTA","SRA526435","SRS1915196","Mus musculus","10x chromium","Cortex, hippocampus and subventricular zone","ACTGATGAGGTGATTA",859,1599,109,0.0681676047529706,"Endothelial cells"
"ACTGATGCACCGAAAG","SRA526435","SRS1915196","Mus musculus","10x chromium","Cortex, hippocampus and subventricular zone","ACTGATGCACCGAAAG",1214,2069,41,0.0198163363943934,"Unknown"
"ACTGATGCACCTCGTT","SRA526435","SRS1915196","Mus musculus","10x chromium","Cortex, hippocampus and subventricular zone","ACTGATGCACCTCGTT",3555,9792,114,0.0116421568627451,"Unknown"
"ACTGATGCATCCGCGA","SRA526435","SRS1915196","Mus musculus","10x chromium","Cortex, hippocampus and subventricular zone","ACTGATGCATCCGCGA",1278,2175,30,0.0137931034482759,"Unknown"
"ACTGATGCATGTCCTC","SRA526435","SRS1915196","Mus musculus","10x chromium","Cortex, hippocampus and subventricular zone","ACTGATGCATGTCCTC",2126,3974,74,0.0186210367388022,"Unknown"
"ACTGATGGTAAAGTCA","SRA526435","SRS1915196","Mus musculus","10x chromium","Cortex, hippocampus and subventricular zone","ACTGATGGTAAAGTCA",2130,4332,29,0.0066943674976916,"Unknown"
"ACTGATGGTCAAACTC","SRA526435","SRS1915196","Mus musculus","10x chromium","Cortex, hippocampus and subventricular zone","ACTGATGGTCAAACTC",1803,3292,46,0.0139732685297691,"Unknown"
"ACTGATGGTCTCACCT","SRA526435","SRS1915196","Mus musculus","10x chromium","Cortex, hippocampus and subventricular zone","ACTGATGGTCTCACCT",1272,2086,44,0.0210930009587728,"Unknown"
"ACTGATGGTCTTGATG","SRA526435","SRS1915196","Mus musculus","10x chromium","Cortex, hippocampus and subventricular zone","ACTGATGGTCTTGATG",1403,3157,56,0.0177383592017738,"Endothelial cells"
"ACTGATGGTTCGTTGA","SRA526435","SRS1915196","Mus musculus","10x chromium","Cortex, hippocampus and subventricular zone","ACTGATGGTTCGTTGA",2131,4524,69,0.0152519893899204,"Unknown"
"ACTGATGTCAAGGTAA","SRA526435","SRS1915196","Mus musculus","10x chromium","Cortex, hippocampus and subventricular zone","ACTGATGTCAAGGTAA",3035,7596,102,0.0134281200631912,"Unknown"
"ACTGATGTCACATAGC","SRA526435","SRS1915196","Mus musculus","10x chromium","Cortex, hippocampus and subventricular zone","ACTGATGTCACATAGC",2807,6727,38,0.00564887765720232,"Unknown"
"ACTGATGTCCAAACAC","SRA526435","SRS1915196","Mus musculus","10x chromium","Cortex, hippocampus and subventricular zone","ACTGATGTCCAAACAC",3432,9779,78,0.00797627569281113,"Unknown"
"ACTGATGTCCCTGACT","SRA526435","SRS1915196","Mus musculus","10x chromium","Cortex, hippocampus and subventricular zone","ACTGATGTCCCTGACT",2534,5627,37,0.00657543984361116,"Unknown"
"ACTGATGTCCGAGCCA","SRA526435","SRS1915196","Mus musculus","10x chromium","Cortex, hippocampus and subventricular zone","ACTGATGTCCGAGCCA",2218,4711,85,0.0180428783697729,"Unknown"
"ACTGATGTCGGAGCAA","SRA526435","SRS1915196","Mus musculus","10x chromium","Cortex, hippocampus and subventricular zone","ACTGATGTCGGAGCAA",2350,5528,51,0.00922575976845152,"Unknown"
"ACTGATGTCTATGTGG","SRA526435","SRS1915196","Mus musculus","10x chromium","Cortex, hippocampus and subventricular zone","ACTGATGTCTATGTGG",2063,3978,92,0.0231271995977878,"Unknown"
"ACTGATGTCTCGGACG","SRA526435","SRS1915196","Mus musculus","10x chromium","Cortex, hippocampus and subventricular zone","ACTGATGTCTCGGACG",1706,3074,51,0.016590761223162,"Unknown"
"ACTGATGTCTCTTATG","SRA526435","SRS1915196","Mus musculus","10x chromium","Cortex, hippocampus and subventricular zone","ACTGATGTCTCTTATG",2415,5421,15,0.00276701715550636,"Unknown"
"ACTGCTCAGAAGGGTA","SRA526435","SRS1915196","Mus musculus","10x chromium","Cortex, hippocampus and subventricular zone","ACTGCTCAGAAGGGTA",2576,5285,180,0.0340586565752129,"Unknown"
"ACTGCTCAGAGGGCTT","SRA526435","SRS1915196","Mus musculus","10x chromium","Cortex, hippocampus and subventricular zone","ACTGCTCAGAGGGCTT",2095,4238,82,0.0193487494100991,"Unknown"
"ACTGCTCAGCCAGTAG","SRA526435","SRS1915196","Mus musculus","10x chromium","Cortex, hippocampus and subventricular zone","ACTGCTCAGCCAGTAG",2681,6487,48,0.00739941421304147,"Unknown"
"ACTGCTCAGGGTGTGT","SRA526435","SRS1915196","Mus musculus","10x chromium","Cortex, hippocampus and subventricular zone","ACTGCTCAGGGTGTGT",4281,14206,99,0.00696888638603407,"Unknown"
"ACTGCTCAGTTAGCGG","SRA526435","SRS1915196","Mus musculus","10x chromium","Cortex, hippocampus and subventricular zone","ACTGCTCAGTTAGCGG",2002,4080,59,0.0144607843137255,"Unknown"
"ACTGCTCCAAGGTGTG","SRA526435","SRS1915196","Mus musculus","10x chromium","Cortex, hippocampus and subventricular zone","ACTGCTCCAAGGTGTG",1297,2283,35,0.0153307052124398,"Unknown"
"ACTGCTCCAAGTAATG","SRA526435","SRS1915196","Mus musculus","10x chromium","Cortex, hippocampus and subventricular zone","ACTGCTCCAAGTAATG",2678,5898,79,0.0133943709732113,"Unknown"
"ACTGCTCCAATACGCT","SRA526435","SRS1915196","Mus musculus","10x chromium","Cortex, hippocampus and subventricular zone","ACTGCTCCAATACGCT",2502,4934,68,0.0137819213619781,"Unknown"
"ACTGCTCCAGGGAGAG","SRA526435","SRS1915196","Mus musculus","10x chromium","Cortex, hippocampus and subventricular zone","ACTGCTCCAGGGAGAG",2469,5426,66,0.0121636564688537,"Unknown"
"ACTGCTCGTAAATGTG","SRA526435","SRS1915196","Mus musculus","10x chromium","Cortex, hippocampus and subventricular zone","ACTGCTCGTAAATGTG",1014,1698,77,0.0453474676089517,"Unknown"
"ACTGCTCGTAATAGCA","SRA526435","SRS1915196","Mus musculus","10x chromium","Cortex, hippocampus and subventricular zone","ACTGCTCGTAATAGCA",1831,3706,57,0.0153804641122504,"Unknown"
"ACTGCTCGTACAGCAG","SRA526435","SRS1915196","Mus musculus","10x chromium","Cortex, hippocampus and subventricular zone","ACTGCTCGTACAGCAG",2381,5173,53,0.0102455055093756,"Unknown"
"ACTGCTCGTACTCGCG","SRA526435","SRS1915196","Mus musculus","10x chromium","Cortex, hippocampus and subventricular zone","ACTGCTCGTACTCGCG",1722,2879,43,0.0149357415769364,"Unknown"
"ACTGCTCGTAGCACGA","SRA526435","SRS1915196","Mus musculus","10x chromium","Cortex, hippocampus and subventricular zone","ACTGCTCGTAGCACGA",796,1155,39,0.0337662337662338,"Unknown"
"ACTGCTCGTCCCGACA","SRA526435","SRS1915196","Mus musculus","10x chromium","Cortex, hippocampus and subventricular zone","ACTGCTCGTCCCGACA",1060,1709,38,0.0222352252779403,"Unknown"
"ACTGCTCTCAACGGGA","SRA526435","SRS1915196","Mus musculus","10x chromium","Cortex, hippocampus and subventricular zone","ACTGCTCTCAACGGGA",2139,4363,39,0.00893880357552143,"Unknown"
"ACTGCTCTCACTTATC","SRA526435","SRS1915196","Mus musculus","10x chromium","Cortex, hippocampus and subventricular zone","ACTGCTCTCACTTATC",2304,4588,74,0.0161290322580645,"Unknown"
"ACTGCTCTCAGTGCAT","SRA526435","SRS1915196","Mus musculus","10x chromium","Cortex, hippocampus and subventricular zone","ACTGCTCTCAGTGCAT",4047,10840,190,0.0175276752767528,"Unknown"
"ACTGCTCTCCTGTACC","SRA526435","SRS1915196","Mus musculus","10x chromium","Cortex, hippocampus and subventricular zone","ACTGCTCTCCTGTACC",2539,5767,95,0.0164730362406797,"Unknown"
"ACTGCTCTCTACTATC","SRA526435","SRS1915196","Mus musculus","10x chromium","Cortex, hippocampus and subventricular zone","ACTGCTCTCTACTATC",1477,2652,9,0.00339366515837104,"Unknown"
"ACTGCTCTCTGCGACG","SRA526435","SRS1915196","Mus musculus","10x chromium","Cortex, hippocampus and subventricular zone","ACTGCTCTCTGCGACG",4177,12380,118,0.00953150242326333,"Unknown"
"ACTGTCCAGAGCTGGT","SRA526435","SRS1915196","Mus musculus","10x chromium","Cortex, hippocampus and subventricular zone","ACTGTCCAGAGCTGGT",2599,5845,80,0.0136869118905047,"Unknown"
"ACTGTCCAGAGTAAGG","SRA526435","SRS1915196","Mus musculus","10x chromium","Cortex, hippocampus and subventricular zone","ACTGTCCAGAGTAAGG",2072,4128,34,0.00823643410852713,"Unknown"
"ACTGTCCAGATCGATA","SRA526435","SRS1915196","Mus musculus","10x chromium","Cortex, hippocampus and subventricular zone","ACTGTCCAGATCGATA",1156,1832,45,0.0245633187772926,"Unknown"
"ACTGTCCAGTCCAGGA","SRA526435","SRS1915196","Mus musculus","10x chromium","Cortex, hippocampus and subventricular zone","ACTGTCCAGTCCAGGA",2523,5393,45,0.00834414982384573,"Unknown"
"ACTGTCCCAAGCGCTC","SRA526435","SRS1915196","Mus musculus","10x chromium","Cortex, hippocampus and subventricular zone","ACTGTCCCAAGCGCTC",1330,2485,32,0.0128772635814889,"Unknown"
"ACTGTCCCAATAGCAA","SRA526435","SRS1915196","Mus musculus","10x chromium","Cortex, hippocampus and subventricular zone","ACTGTCCCAATAGCAA",2144,4452,59,0.0132524707996406,"Unknown"
"ACTGTCCCAGGATTGG","SRA526435","SRS1915196","Mus musculus","10x chromium","Cortex, hippocampus and subventricular zone","ACTGTCCCAGGATTGG",1912,4003,58,0.0144891331501374,"Unknown"
"ACTGTCCCATAGAAAC","SRA526435","SRS1915196","Mus musculus","10x chromium","Cortex, hippocampus and subventricular zone","ACTGTCCCATAGAAAC",1135,1906,84,0.0440713536201469,"Unknown"
"ACTGTCCCATTCTCAT","SRA526435","SRS1915196","Mus musculus","10x chromium","Cortex, hippocampus and subventricular zone","ACTGTCCCATTCTCAT",3343,9046,107,0.0118284324563343,"Unknown"
"ACTGTCCCATTGAGCT","SRA526435","SRS1915196","Mus musculus","10x chromium","Cortex, hippocampus and subventricular zone","ACTGTCCCATTGAGCT",1066,1644,36,0.0218978102189781,"Unknown"
"ACTGTCCGTCCAACTA","SRA526435","SRS1915196","Mus musculus","10x chromium","Cortex, hippocampus and subventricular zone","ACTGTCCGTCCAACTA",2066,4108,57,0.0138753651411879,"Unknown"
"ACTGTCCGTCTCCACT","SRA526435","SRS1915196","Mus musculus","10x chromium","Cortex, hippocampus and subventricular zone","ACTGTCCGTCTCCACT",1724,3415,45,0.0131771595900439,"Unknown"
"ACTGTCCTCAACACCA","SRA526435","SRS1915196","Mus musculus","10x chromium","Cortex, hippocampus and subventricular zone","ACTGTCCTCAACACCA",2220,4467,73,0.0163420640250728,"Unknown"
"ACTGTCCTCCAAGCCG","SRA526435","SRS1915196","Mus musculus","10x chromium","Cortex, hippocampus and subventricular zone","ACTGTCCTCCAAGCCG",2050,3930,84,0.0213740458015267,"Unknown"
"ACTGTCCTCGACGGAA","SRA526435","SRS1915196","Mus musculus","10x chromium","Cortex, hippocampus and subventricular zone","ACTGTCCTCGACGGAA",3650,10377,72,0.00693842150910668,"Cajal-Retzius cells"
"ACTGTCCTCTAACGGT","SRA526435","SRS1915196","Mus musculus","10x chromium","Cortex, hippocampus and subventricular zone","ACTGTCCTCTAACGGT",2415,5064,56,0.0110584518167457,"Unknown"
"ACTTACTAGCCGTCGT","SRA526435","SRS1915196","Mus musculus","10x chromium","Cortex, hippocampus and subventricular zone","ACTTACTAGCCGTCGT",2128,4312,77,0.0178571428571429,"Unknown"
"ACTTACTAGCTGCGAA","SRA526435","SRS1915196","Mus musculus","10x chromium","Cortex, hippocampus and subventricular zone","ACTTACTAGCTGCGAA",1858,3676,38,0.0103373231773667,"Unknown"
"ACTTACTAGGGCTTCC","SRA526435","SRS1915196","Mus musculus","10x chromium","Cortex, hippocampus and subventricular zone","ACTTACTAGGGCTTCC",869,1259,65,0.0516282764098491,"Unknown"
"ACTTACTAGTGGCACA","SRA526435","SRS1915196","Mus musculus","10x chromium","Cortex, hippocampus and subventricular zone","ACTTACTAGTGGCACA",2006,4014,59,0.0146985550572995,"Unknown"
"ACTTACTCAAAGGTGC","SRA526435","SRS1915196","Mus musculus","10x chromium","Cortex, hippocampus and subventricular zone","ACTTACTCAAAGGTGC",4182,13550,115,0.00848708487084871,"Unknown"
"ACTTACTCACCAGTTA","SRA526435","SRS1915196","Mus musculus","10x chromium","Cortex, hippocampus and subventricular zone","ACTTACTCACCAGTTA",2494,5575,145,0.0260089686098655,"Cajal-Retzius cells"
"ACTTACTCACTAAGTC","SRA526435","SRS1915196","Mus musculus","10x chromium","Cortex, hippocampus and subventricular zone","ACTTACTCACTAAGTC",2650,6069,86,0.0141703740319657,"Unknown"
"ACTTACTCAGGCTCAC","SRA526435","SRS1915196","Mus musculus","10x chromium","Cortex, hippocampus and subventricular zone","ACTTACTCAGGCTCAC",269,3059,13,0.0042497548218372,"Erythroid-like and erythroid precursor cells"
"ACTTACTCAGGGAGAG","SRA526435","SRS1915196","Mus musculus","10x chromium","Cortex, hippocampus and subventricular zone","ACTTACTCAGGGAGAG",2364,5129,44,0.00857867030610255,"Unknown"
"ACTTACTCATCGGACC","SRA526435","SRS1915196","Mus musculus","10x chromium","Cortex, hippocampus and subventricular zone","ACTTACTCATCGGACC",1779,3314,33,0.00995775497887749,"Unknown"
"ACTTACTGTACATGTC","SRA526435","SRS1915196","Mus musculus","10x chromium","Cortex, hippocampus and subventricular zone","ACTTACTGTACATGTC",3434,14530,190,0.0130763936682725,"Microglia"
"ACTTACTGTGGGTCAA","SRA526435","SRS1915196","Mus musculus","10x chromium","Cortex, hippocampus and subventricular zone","ACTTACTGTGGGTCAA",2983,7305,84,0.0114989733059548,"Unknown"
"ACTTACTGTTACCGAT","SRA526435","SRS1915196","Mus musculus","10x chromium","Cortex, hippocampus and subventricular zone","ACTTACTGTTACCGAT",1240,2103,47,0.0223490252020923,"Unknown"
"ACTTACTTCAACACTG","SRA526435","SRS1915196","Mus musculus","10x chromium","Cortex, hippocampus and subventricular zone","ACTTACTTCAACACTG",1291,2407,19,0.00789364353967595,"Unknown"
"ACTTACTTCACATACG","SRA526435","SRS1915196","Mus musculus","10x chromium","Cortex, hippocampus and subventricular zone","ACTTACTTCACATACG",2221,4634,41,0.00884764782045749,"Unknown"
"ACTTACTTCACATGCA","SRA526435","SRS1915196","Mus musculus","10x chromium","Cortex, hippocampus and subventricular zone","ACTTACTTCACATGCA",2519,5611,44,0.00784173944038496,"Unknown"
"ACTTACTTCTGCTTGC","SRA526435","SRS1915196","Mus musculus","10x chromium","Cortex, hippocampus and subventricular zone","ACTTACTTCTGCTTGC",2178,4269,45,0.0105411103302881,"Unknown"
"ACTTACTTCTGGTTCC","SRA526435","SRS1915196","Mus musculus","10x chromium","Cortex, hippocampus and subventricular zone","ACTTACTTCTGGTTCC",4045,13267,132,0.00994949875631266,"Unknown"
"ACTTGTTAGCTAGTGG","SRA526435","SRS1915196","Mus musculus","10x chromium","Cortex, hippocampus and subventricular zone","ACTTGTTAGCTAGTGG",2128,4157,52,0.0125090209285542,"Unknown"
"ACTTGTTAGCTGTTCA","SRA526435","SRS1915196","Mus musculus","10x chromium","Cortex, hippocampus and subventricular zone","ACTTGTTAGCTGTTCA",2153,4097,20,0.00488162069807176,"Unknown"
"ACTTGTTAGGTACTCT","SRA526435","SRS1915196","Mus musculus","10x chromium","Cortex, hippocampus and subventricular zone","ACTTGTTAGGTACTCT",1574,2996,30,0.0100133511348465,"Unknown"
"ACTTGTTAGTCGAGTG","SRA526435","SRS1915196","Mus musculus","10x chromium","Cortex, hippocampus and subventricular zone","ACTTGTTAGTCGAGTG",2136,4381,69,0.0157498288062086,"Unknown"
"ACTTGTTCAGACGCTC","SRA526435","SRS1915196","Mus musculus","10x chromium","Cortex, hippocampus and subventricular zone","ACTTGTTCAGACGCTC",1563,2560,36,0.0140625,"Unknown"
"ACTTGTTCAGCTGTGC","SRA526435","SRS1915196","Mus musculus","10x chromium","Cortex, hippocampus and subventricular zone","ACTTGTTCAGCTGTGC",2531,5593,91,0.016270337922403,"Unknown"
"ACTTGTTGTATGAAAC","SRA526435","SRS1915196","Mus musculus","10x chromium","Cortex, hippocampus and subventricular zone","ACTTGTTGTATGAAAC",4334,12836,149,0.0116079775631038,"Unknown"
"ACTTGTTGTCATATCG","SRA526435","SRS1915196","Mus musculus","10x chromium","Cortex, hippocampus and subventricular zone","ACTTGTTGTCATATCG",1262,2201,47,0.0213539300318037,"Unknown"
"ACTTGTTGTCCGAAGA","SRA526435","SRS1915196","Mus musculus","10x chromium","Cortex, hippocampus and subventricular zone","ACTTGTTGTCCGAAGA",2730,6542,85,0.0129929685111587,"Unknown"
"ACTTGTTGTTCACGGC","SRA526435","SRS1915196","Mus musculus","10x chromium","Cortex, hippocampus and subventricular zone","ACTTGTTGTTCACGGC",2727,6732,86,0.012774806892454,"Unknown"
"ACTTGTTGTTCATGGT","SRA526435","SRS1915196","Mus musculus","10x chromium","Cortex, hippocampus and subventricular zone","ACTTGTTGTTCATGGT",2496,5552,48,0.00864553314121038,"Unknown"
"ACTTGTTGTTCCGGCA","SRA526435","SRS1915196","Mus musculus","10x chromium","Cortex, hippocampus and subventricular zone","ACTTGTTGTTCCGGCA",1210,2029,28,0.0137999014292755,"Unknown"
"ACTTGTTGTTGCGCAC","SRA526435","SRS1915196","Mus musculus","10x chromium","Cortex, hippocampus and subventricular zone","ACTTGTTGTTGCGCAC",1809,3665,54,0.0147339699863574,"Unknown"
"ACTTGTTTCAACACGT","SRA526435","SRS1915196","Mus musculus","10x chromium","Cortex, hippocampus and subventricular zone","ACTTGTTTCAACACGT",820,1327,25,0.0188394875659382,"Unknown"
"ACTTGTTTCGATGAGG","SRA526435","SRS1915196","Mus musculus","10x chromium","Cortex, hippocampus and subventricular zone","ACTTGTTTCGATGAGG",3009,7790,78,0.010012836970475,"Unknown"
"ACTTGTTTCGGCGCAT","SRA526435","SRS1915196","Mus musculus","10x chromium","Cortex, hippocampus and subventricular zone","ACTTGTTTCGGCGCAT",1455,2448,35,0.014297385620915,"Unknown"
"ACTTTCAAGAATAGGG","SRA526435","SRS1915196","Mus musculus","10x chromium","Cortex, hippocampus and subventricular zone","ACTTTCAAGAATAGGG",2505,5574,89,0.0159669895945461,"Unknown"
"ACTTTCAAGACACGAC","SRA526435","SRS1915196","Mus musculus","10x chromium","Cortex, hippocampus and subventricular zone","ACTTTCAAGACACGAC",2396,5165,79,0.0152952565343659,"Unknown"
"ACTTTCAAGACTGGGT","SRA526435","SRS1915196","Mus musculus","10x chromium","Cortex, hippocampus and subventricular zone","ACTTTCAAGACTGGGT",1869,3467,39,0.0112489183732333,"Unknown"
"ACTTTCAAGACTTTCG","SRA526435","SRS1915196","Mus musculus","10x chromium","Cortex, hippocampus and subventricular zone","ACTTTCAAGACTTTCG",1971,3789,55,0.0145157033518079,"Unknown"
"ACTTTCAAGATGAGAG","SRA526435","SRS1915196","Mus musculus","10x chromium","Cortex, hippocampus and subventricular zone","ACTTTCAAGATGAGAG",1874,3580,14,0.00391061452513967,"Unknown"
"ACTTTCAAGCGATAGC","SRA526435","SRS1915196","Mus musculus","10x chromium","Cortex, hippocampus and subventricular zone","ACTTTCAAGCGATAGC",2739,5820,40,0.00687285223367698,"Unknown"
"ACTTTCAAGGATGTAT","SRA526435","SRS1915196","Mus musculus","10x chromium","Cortex, hippocampus and subventricular zone","ACTTTCAAGGATGTAT",1166,1694,5,0.00295159386068477,"Unknown"
"ACTTTCAAGTGGTAGC","SRA526435","SRS1915196","Mus musculus","10x chromium","Cortex, hippocampus and subventricular zone","ACTTTCAAGTGGTAGC",1316,2430,26,0.0106995884773663,"Unknown"
"ACTTTCACAGATAATG","SRA526435","SRS1915196","Mus musculus","10x chromium","Cortex, hippocampus and subventricular zone","ACTTTCACAGATAATG",1078,1943,14,0.00720535254760679,"Unknown"
"ACTTTCAGTTAGAACA","SRA526435","SRS1915196","Mus musculus","10x chromium","Cortex, hippocampus and subventricular zone","ACTTTCAGTTAGAACA",1654,2973,35,0.0117726202489068,"Unknown"
"ACTTTCAGTTCCAACA","SRA526435","SRS1915196","Mus musculus","10x chromium","Cortex, hippocampus and subventricular zone","ACTTTCAGTTCCAACA",2171,4518,44,0.00973882248782647,"Unknown"
"ACTTTCAGTTGGAGGT","SRA526435","SRS1915196","Mus musculus","10x chromium","Cortex, hippocampus and subventricular zone","ACTTTCAGTTGGAGGT",1671,2860,37,0.0129370629370629,"Unknown"
"ACTTTCATCACGCGGT","SRA526435","SRS1915196","Mus musculus","10x chromium","Cortex, hippocampus and subventricular zone","ACTTTCATCACGCGGT",1359,2316,68,0.0293609671848014,"Unknown"
"ACTTTCATCAGGCAAG","SRA526435","SRS1915196","Mus musculus","10x chromium","Cortex, hippocampus and subventricular zone","ACTTTCATCAGGCAAG",1021,1543,43,0.0278677900194426,"Unknown"
"ACTTTCATCCATGCTC","SRA526435","SRS1915196","Mus musculus","10x chromium","Cortex, hippocampus and subventricular zone","ACTTTCATCCATGCTC",1762,3368,41,0.0121733966745843,"Unknown"
"ACTTTCATCGCTTGTC","SRA526435","SRS1915196","Mus musculus","10x chromium","Cortex, hippocampus and subventricular zone","ACTTTCATCGCTTGTC",1116,1805,39,0.021606648199446,"Unknown"
"ACTTTCATCGTATCAG","SRA526435","SRS1915196","Mus musculus","10x chromium","Cortex, hippocampus and subventricular zone","ACTTTCATCGTATCAG",2608,5542,43,0.00775893179357633,"Unknown"
"ACTTTCATCTCGAGTA","SRA526435","SRS1915196","Mus musculus","10x chromium","Cortex, hippocampus and subventricular zone","ACTTTCATCTCGAGTA",2149,4365,41,0.00939289805269187,"Unknown"
"ACTTTCATCTCTGAGA","SRA526435","SRS1915196","Mus musculus","10x chromium","Cortex, hippocampus and subventricular zone","ACTTTCATCTCTGAGA",2358,5220,57,0.0109195402298851,"Unknown"
"ACTTTCATCTTAGCCC","SRA526435","SRS1915196","Mus musculus","10x chromium","Cortex, hippocampus and subventricular zone","ACTTTCATCTTAGCCC",1919,3490,40,0.0114613180515759,"Unknown"
"AGAATAGAGATAGCAT","SRA526435","SRS1915196","Mus musculus","10x chromium","Cortex, hippocampus and subventricular zone","AGAATAGAGATAGCAT",2805,6527,81,0.0124099892753179,"Unknown"
"AGAATAGAGTCCAGGA","SRA526435","SRS1915196","Mus musculus","10x chromium","Cortex, hippocampus and subventricular zone","AGAATAGAGTCCAGGA",1945,3676,41,0.0111534276387378,"Unknown"
"AGAATAGCACTGTCGG","SRA526435","SRS1915196","Mus musculus","10x chromium","Cortex, hippocampus and subventricular zone","AGAATAGCACTGTCGG",3276,8755,156,0.017818389491719,"Unknown"
"AGAATAGCATAGTAAG","SRA526435","SRS1915196","Mus musculus","10x chromium","Cortex, hippocampus and subventricular zone","AGAATAGCATAGTAAG",2373,5310,54,0.0101694915254237,"Unknown"
"AGAATAGCATCACGAT","SRA526435","SRS1915196","Mus musculus","10x chromium","Cortex, hippocampus and subventricular zone","AGAATAGCATCACGAT",2414,5098,54,0.0105923891722244,"Unknown"
"AGAATAGCATTCGACA","SRA526435","SRS1915196","Mus musculus","10x chromium","Cortex, hippocampus and subventricular zone","AGAATAGCATTCGACA",1877,4383,135,0.0308008213552361,"Oligodendrocyte progenitor cells"
"AGAATAGGTAAAGTCA","SRA526435","SRS1915196","Mus musculus","10x chromium","Cortex, hippocampus and subventricular zone","AGAATAGGTAAAGTCA",762,1096,13,0.0118613138686131,"Unknown"
"AGAATAGGTACAGTTC","SRA526435","SRS1915196","Mus musculus","10x chromium","Cortex, hippocampus and subventricular zone","AGAATAGGTACAGTTC",2007,4357,75,0.0172136791370209,"Unknown"
"AGAATAGGTATGAATG","SRA526435","SRS1915196","Mus musculus","10x chromium","Cortex, hippocampus and subventricular zone","AGAATAGGTATGAATG",2569,5423,63,0.0116171860593767,"Unknown"
"AGAATAGGTCCGAACC","SRA526435","SRS1915196","Mus musculus","10x chromium","Cortex, hippocampus and subventricular zone","AGAATAGGTCCGAACC",2867,7266,79,0.0108725571153317,"Unknown"
"AGAATAGGTCGAACAG","SRA526435","SRS1915196","Mus musculus","10x chromium","Cortex, hippocampus and subventricular zone","AGAATAGGTCGAACAG",2448,5714,57,0.00997549877493875,"Unknown"
"AGAATAGGTGTGCCTG","SRA526435","SRS1915196","Mus musculus","10x chromium","Cortex, hippocampus and subventricular zone","AGAATAGGTGTGCCTG",2294,5096,71,0.0139324960753532,"Unknown"
"AGAATAGTCATCACCC","SRA526435","SRS1915196","Mus musculus","10x chromium","Cortex, hippocampus and subventricular zone","AGAATAGTCATCACCC",2016,3931,65,0.0165352327651997,"Unknown"
"AGAATAGTCCTACAGA","SRA526435","SRS1915196","Mus musculus","10x chromium","Cortex, hippocampus and subventricular zone","AGAATAGTCCTACAGA",2851,7154,71,0.0099245177523064,"Unknown"
"AGAATAGTCTCCCTGA","SRA526435","SRS1915196","Mus musculus","10x chromium","Cortex, hippocampus and subventricular zone","AGAATAGTCTCCCTGA",1013,2661,39,0.0146561443066516,"Unknown"
"AGACGTTAGATATACG","SRA526435","SRS1915196","Mus musculus","10x chromium","Cortex, hippocampus and subventricular zone","AGACGTTAGATATACG",1879,3875,30,0.00774193548387097,"Unknown"
"AGACGTTAGATTACCC","SRA526435","SRS1915196","Mus musculus","10x chromium","Cortex, hippocampus and subventricular zone","AGACGTTAGATTACCC",3969,10596,120,0.0113250283125708,"Unknown"
"AGACGTTAGCTCCTTC","SRA526435","SRS1915196","Mus musculus","10x chromium","Cortex, hippocampus and subventricular zone","AGACGTTAGCTCCTTC",2317,4966,42,0.00845751107531212,"Unknown"
"AGACGTTAGGAGTCTG","SRA526435","SRS1915196","Mus musculus","10x chromium","Cortex, hippocampus and subventricular zone","AGACGTTAGGAGTCTG",1932,3858,58,0.0150336962156558,"Unknown"
"AGACGTTAGGATGGAA","SRA526435","SRS1915196","Mus musculus","10x chromium","Cortex, hippocampus and subventricular zone","AGACGTTAGGATGGAA",2162,4763,88,0.0184757505773672,"Unknown"
"AGACGTTAGGGAACGG","SRA526435","SRS1915196","Mus musculus","10x chromium","Cortex, hippocampus and subventricular zone","AGACGTTAGGGAACGG",2083,4265,40,0.00937866354044549,"Unknown"
"AGACGTTAGGTCGGAT","SRA526435","SRS1915196","Mus musculus","10x chromium","Cortex, hippocampus and subventricular zone","AGACGTTAGGTCGGAT",4725,19289,205,0.0106278189641765,"Unknown"
"AGACGTTAGTCCGGTC","SRA526435","SRS1915196","Mus musculus","10x chromium","Cortex, hippocampus and subventricular zone","AGACGTTAGTCCGGTC",1041,1708,51,0.0298594847775176,"Unknown"
"AGACGTTAGTGCTGCC","SRA526435","SRS1915196","Mus musculus","10x chromium","Cortex, hippocampus and subventricular zone","AGACGTTAGTGCTGCC",2438,4857,142,0.0292361540045295,"Unknown"
"AGACGTTCAAATTGCC","SRA526435","SRS1915196","Mus musculus","10x chromium","Cortex, hippocampus and subventricular zone","AGACGTTCAAATTGCC",2172,4363,62,0.0142104056841623,"Unknown"
"AGACGTTCACCGATAT","SRA526435","SRS1915196","Mus musculus","10x chromium","Cortex, hippocampus and subventricular zone","AGACGTTCACCGATAT",1285,2091,118,0.0564323290291726,"Unknown"
"AGACGTTCAGTTCATG","SRA526435","SRS1915196","Mus musculus","10x chromium","Cortex, hippocampus and subventricular zone","AGACGTTCAGTTCATG",3798,9996,120,0.0120048019207683,"Endothelial cells"
"AGACGTTGTATAAACG","SRA526435","SRS1915196","Mus musculus","10x chromium","Cortex, hippocampus and subventricular zone","AGACGTTGTATAAACG",805,1234,36,0.0291734197730956,"Unknown"
"AGACGTTGTATGAATG","SRA526435","SRS1915196","Mus musculus","10x chromium","Cortex, hippocampus and subventricular zone","AGACGTTGTATGAATG",2719,6615,64,0.00967498110355253,"Unknown"
"AGACGTTGTCAGAATA","SRA526435","SRS1915196","Mus musculus","10x chromium","Cortex, hippocampus and subventricular zone","AGACGTTGTCAGAATA",2122,4192,37,0.0088263358778626,"Unknown"
"AGACGTTGTCCAGTTA","SRA526435","SRS1915196","Mus musculus","10x chromium","Cortex, hippocampus and subventricular zone","AGACGTTGTCCAGTTA",2427,5781,61,0.010551807645736,"Unknown"
"AGACGTTGTCGCTTCT","SRA526435","SRS1915196","Mus musculus","10x chromium","Cortex, hippocampus and subventricular zone","AGACGTTGTCGCTTCT",2190,4235,77,0.0181818181818182,"Unknown"
"AGACGTTGTGACGGTA","SRA526435","SRS1915196","Mus musculus","10x chromium","Cortex, hippocampus and subventricular zone","AGACGTTGTGACGGTA",2293,4755,80,0.0168243953732913,"Unknown"
"AGACGTTGTGCGATAG","SRA526435","SRS1915196","Mus musculus","10x chromium","Cortex, hippocampus and subventricular zone","AGACGTTGTGCGATAG",1289,2377,65,0.0273453933529659,"Unknown"
"AGACGTTGTGCTCTTC","SRA526435","SRS1915196","Mus musculus","10x chromium","Cortex, hippocampus and subventricular zone","AGACGTTGTGCTCTTC",2226,4952,70,0.0141357027463651,"Unknown"
"AGACGTTGTGGAAAGA","SRA526435","SRS1915196","Mus musculus","10x chromium","Cortex, hippocampus and subventricular zone","AGACGTTGTGGAAAGA",3203,7840,72,0.00918367346938776,"Unknown"
"AGACGTTGTGGTGTAG","SRA526435","SRS1915196","Mus musculus","10x chromium","Cortex, hippocampus and subventricular zone","AGACGTTGTGGTGTAG",2084,4084,62,0.015181194906954,"Unknown"
"AGACGTTGTGTGGCTC","SRA526435","SRS1915196","Mus musculus","10x chromium","Cortex, hippocampus and subventricular zone","AGACGTTGTGTGGCTC",1848,3821,74,0.0193666579429469,"Unknown"
"AGACGTTGTTTGCATG","SRA526435","SRS1915196","Mus musculus","10x chromium","Cortex, hippocampus and subventricular zone","AGACGTTGTTTGCATG",1568,2786,47,0.0168700646087581,"Unknown"
"AGACGTTTCTTAGCCC","SRA526435","SRS1915196","Mus musculus","10x chromium","Cortex, hippocampus and subventricular zone","AGACGTTTCTTAGCCC",1704,2982,50,0.0167672702883971,"Unknown"
"AGAGCGAAGAGCCTAG","SRA526435","SRS1915196","Mus musculus","10x chromium","Cortex, hippocampus and subventricular zone","AGAGCGAAGAGCCTAG",1651,3056,54,0.0176701570680628,"Unknown"
"AGAGCGAAGAGTTGGC","SRA526435","SRS1915196","Mus musculus","10x chromium","Cortex, hippocampus and subventricular zone","AGAGCGAAGAGTTGGC",1194,2069,65,0.0314161430642823,"Unknown"
"AGAGCGAAGATGTGGC","SRA526435","SRS1915196","Mus musculus","10x chromium","Cortex, hippocampus and subventricular zone","AGAGCGAAGATGTGGC",1224,2247,22,0.00979083222073876,"Unknown"
"AGAGCGAAGCAATATG","SRA526435","SRS1915196","Mus musculus","10x chromium","Cortex, hippocampus and subventricular zone","AGAGCGAAGCAATATG",2951,7662,88,0.0114852518924563,"Unknown"
"AGAGCGACAATACGCT","SRA526435","SRS1915196","Mus musculus","10x chromium","Cortex, hippocampus and subventricular zone","AGAGCGACAATACGCT",3696,10702,204,0.0190618575967109,"Unknown"
"AGAGCGACAATTGCTG","SRA526435","SRS1915196","Mus musculus","10x chromium","Cortex, hippocampus and subventricular zone","AGAGCGACAATTGCTG",1400,2392,45,0.0188127090301003,"Unknown"
"AGAGCGACACCAACCG","SRA526435","SRS1915196","Mus musculus","10x chromium","Cortex, hippocampus and subventricular zone","AGAGCGACACCAACCG",2480,5860,73,0.012457337883959,"Unknown"
"AGAGCGACAGATGAGC","SRA526435","SRS1915196","Mus musculus","10x chromium","Cortex, hippocampus and subventricular zone","AGAGCGACAGATGAGC",889,1311,73,0.0556826849733028,"Unknown"
"AGAGCGACAGATGGGT","SRA526435","SRS1915196","Mus musculus","10x chromium","Cortex, hippocampus and subventricular zone","AGAGCGACAGATGGGT",2693,6206,61,0.00982919755075733,"Unknown"
"AGAGCGACAGTCACTA","SRA526435","SRS1915196","Mus musculus","10x chromium","Cortex, hippocampus and subventricular zone","AGAGCGACAGTCACTA",2829,6557,84,0.0128107366173555,"Unknown"
"AGAGCGACAGTTAACC","SRA526435","SRS1915196","Mus musculus","10x chromium","Cortex, hippocampus and subventricular zone","AGAGCGACAGTTAACC",1441,2502,43,0.0171862509992006,"Unknown"
"AGAGCGACATCACAAC","SRA526435","SRS1915196","Mus musculus","10x chromium","Cortex, hippocampus and subventricular zone","AGAGCGACATCACAAC",1235,2141,70,0.0326950023353573,"Unknown"
"AGAGCGACATGGGACA","SRA526435","SRS1915196","Mus musculus","10x chromium","Cortex, hippocampus and subventricular zone","AGAGCGACATGGGACA",972,1308,22,0.0168195718654434,"Unknown"
"AGAGCGAGTAGCGTGA","SRA526435","SRS1915196","Mus musculus","10x chromium","Cortex, hippocampus and subventricular zone","AGAGCGAGTAGCGTGA",2062,3909,86,0.0220005116398056,"Unknown"
"AGAGCGAGTCAATGTC","SRA526435","SRS1915196","Mus musculus","10x chromium","Cortex, hippocampus and subventricular zone","AGAGCGAGTCAATGTC",1305,3100,34,0.0109677419354839,"Unknown"
"AGAGCGAGTCCCGACA","SRA526435","SRS1915196","Mus musculus","10x chromium","Cortex, hippocampus and subventricular zone","AGAGCGAGTCCCGACA",1554,2828,30,0.0106082036775106,"Unknown"
"AGAGCGAGTCTTGATG","SRA526435","SRS1915196","Mus musculus","10x chromium","Cortex, hippocampus and subventricular zone","AGAGCGAGTCTTGATG",1540,2781,71,0.0255303847536857,"Microglia"
"AGAGCGAGTGATGTGG","SRA526435","SRS1915196","Mus musculus","10x chromium","Cortex, hippocampus and subventricular zone","AGAGCGAGTGATGTGG",2242,4752,50,0.0105218855218855,"Unknown"
"AGAGCGAGTGCCTGGT","SRA526435","SRS1915196","Mus musculus","10x chromium","Cortex, hippocampus and subventricular zone","AGAGCGAGTGCCTGGT",2030,3877,82,0.0211503740005159,"Unknown"
"AGAGCGAGTGCGAAAC","SRA526435","SRS1915196","Mus musculus","10x chromium","Cortex, hippocampus and subventricular zone","AGAGCGAGTGCGAAAC",1273,1731,25,0.0144425187752744,"Unknown"
"AGAGCGAGTTAAGTAG","SRA526435","SRS1915196","Mus musculus","10x chromium","Cortex, hippocampus and subventricular zone","AGAGCGAGTTAAGTAG",2283,5060,35,0.00691699604743083,"Unknown"
"AGAGCGAGTTACGCGC","SRA526435","SRS1915196","Mus musculus","10x chromium","Cortex, hippocampus and subventricular zone","AGAGCGAGTTACGCGC",1350,2274,25,0.0109938434476693,"Unknown"
"AGAGCGAGTTATCGGT","SRA526435","SRS1915196","Mus musculus","10x chromium","Cortex, hippocampus and subventricular zone","AGAGCGAGTTATCGGT",2118,4456,49,0.0109964093357271,"Unknown"
"AGAGCGAGTTCCGTCT","SRA526435","SRS1915196","Mus musculus","10x chromium","Cortex, hippocampus and subventricular zone","AGAGCGAGTTCCGTCT",2424,5493,56,0.0101947933733843,"Unknown"
"AGAGCGATCAACTCTT","SRA526435","SRS1915196","Mus musculus","10x chromium","Cortex, hippocampus and subventricular zone","AGAGCGATCAACTCTT",2084,4011,63,0.0157068062827225,"Unknown"
"AGAGCGATCCAAGTAC","SRA526435","SRS1915196","Mus musculus","10x chromium","Cortex, hippocampus and subventricular zone","AGAGCGATCCAAGTAC",2198,4399,47,0.0106842464196408,"Unknown"
"AGAGCGATCCGTAGTA","SRA526435","SRS1915196","Mus musculus","10x chromium","Cortex, hippocampus and subventricular zone","AGAGCGATCCGTAGTA",1915,3598,65,0.0180655919955531,"Unknown"
"AGAGCGATCGCACTCT","SRA526435","SRS1915196","Mus musculus","10x chromium","Cortex, hippocampus and subventricular zone","AGAGCGATCGCACTCT",1757,3326,24,0.00721587492483464,"Unknown"
"AGAGCGATCGTCCGTT","SRA526435","SRS1915196","Mus musculus","10x chromium","Cortex, hippocampus and subventricular zone","AGAGCGATCGTCCGTT",2198,5182,105,0.0202624469316866,"Pericytes"
"AGAGCGATCTCACATT","SRA526435","SRS1915196","Mus musculus","10x chromium","Cortex, hippocampus and subventricular zone","AGAGCGATCTCACATT",2021,3924,27,0.00688073394495413,"Unknown"
"AGAGCGATCTGCTGCT","SRA526435","SRS1915196","Mus musculus","10x chromium","Cortex, hippocampus and subventricular zone","AGAGCGATCTGCTGCT",1841,3201,52,0.0162449234614183,"Unknown"
"AGAGCGATCTTAGAGC","SRA526435","SRS1915196","Mus musculus","10x chromium","Cortex, hippocampus and subventricular zone","AGAGCGATCTTAGAGC",1959,3863,55,0.0142376391405643,"Unknown"
"AGAGCTTAGAGTCGGT","SRA526435","SRS1915196","Mus musculus","10x chromium","Cortex, hippocampus and subventricular zone","AGAGCTTAGAGTCGGT",1277,2042,30,0.0146914789422135,"Unknown"
"AGAGCTTAGATGTTAG","SRA526435","SRS1915196","Mus musculus","10x chromium","Cortex, hippocampus and subventricular zone","AGAGCTTAGATGTTAG",2862,8415,81,0.00962566844919786,"Unknown"
"AGAGCTTAGCAGACTG","SRA526435","SRS1915196","Mus musculus","10x chromium","Cortex, hippocampus and subventricular zone","AGAGCTTAGCAGACTG",2487,5202,77,0.014801999231065,"Unknown"
"AGAGCTTAGCTAAGAT","SRA526435","SRS1915196","Mus musculus","10x chromium","Cortex, hippocampus and subventricular zone","AGAGCTTAGCTAAGAT",1616,3236,46,0.0142150803461063,"Unknown"
"AGAGCTTAGGACAGAA","SRA526435","SRS1915196","Mus musculus","10x chromium","Cortex, hippocampus and subventricular zone","AGAGCTTAGGACAGAA",1290,2156,15,0.00695732838589981,"Unknown"
"AGAGCTTAGGAGCGAG","SRA526435","SRS1915196","Mus musculus","10x chromium","Cortex, hippocampus and subventricular zone","AGAGCTTAGGAGCGAG",2632,5393,8,0.00148340441312813,"Unknown"
"AGAGCTTAGTCGATAA","SRA526435","SRS1915196","Mus musculus","10x chromium","Cortex, hippocampus and subventricular zone","AGAGCTTAGTCGATAA",144,2753,8,0.00290592081365783,"Erythroid-like and erythroid precursor cells"
"AGAGCTTCAAGACGTG","SRA526435","SRS1915196","Mus musculus","10x chromium","Cortex, hippocampus and subventricular zone","AGAGCTTCAAGACGTG",1860,3846,73,0.0189807592303692,"Unknown"
"AGAGCTTCATCACGTA","SRA526435","SRS1915196","Mus musculus","10x chromium","Cortex, hippocampus and subventricular zone","AGAGCTTCATCACGTA",1783,3288,53,0.0161192214111922,"Unknown"
"AGAGCTTCATTGCGGC","SRA526435","SRS1915196","Mus musculus","10x chromium","Cortex, hippocampus and subventricular zone","AGAGCTTCATTGCGGC",2947,7143,136,0.0190396192076158,"Unknown"
"AGAGCTTGTAGCAAAT","SRA526435","SRS1915196","Mus musculus","10x chromium","Cortex, hippocampus and subventricular zone","AGAGCTTGTAGCAAAT",2284,4754,35,0.00736222128733698,"Unknown"
"AGAGCTTGTCAACATC","SRA526435","SRS1915196","Mus musculus","10x chromium","Cortex, hippocampus and subventricular zone","AGAGCTTGTCAACATC",2192,4412,53,0.0120126926563917,"Unknown"
"AGAGCTTGTCATCCCT","SRA526435","SRS1915196","Mus musculus","10x chromium","Cortex, hippocampus and subventricular zone","AGAGCTTGTCATCCCT",1676,2987,37,0.012387010378306,"Unknown"
"AGAGCTTGTCGCGTGT","SRA526435","SRS1915196","Mus musculus","10x chromium","Cortex, hippocampus and subventricular zone","AGAGCTTGTCGCGTGT",1832,3949,50,0.0126614332742466,"Unknown"
"AGAGCTTGTGTTTGGT","SRA526435","SRS1915196","Mus musculus","10x chromium","Cortex, hippocampus and subventricular zone","AGAGCTTGTGTTTGGT",1916,3556,44,0.0123734533183352,"Unknown"
"AGAGCTTGTTCGTTGA","SRA526435","SRS1915196","Mus musculus","10x chromium","Cortex, hippocampus and subventricular zone","AGAGCTTGTTCGTTGA",3828,11733,132,0.0112503196113526,"Unknown"
"AGAGCTTGTTGAACTC","SRA526435","SRS1915196","Mus musculus","10x chromium","Cortex, hippocampus and subventricular zone","AGAGCTTGTTGAACTC",2042,4420,22,0.00497737556561086,"Unknown"
"AGAGCTTTCAGATAAG","SRA526435","SRS1915196","Mus musculus","10x chromium","Cortex, hippocampus and subventricular zone","AGAGCTTTCAGATAAG",3481,10358,134,0.0129368603977602,"Unknown"
"AGAGCTTTCAGGATCT","SRA526435","SRS1915196","Mus musculus","10x chromium","Cortex, hippocampus and subventricular zone","AGAGCTTTCAGGATCT",1314,2305,41,0.0177874186550976,"Unknown"
"AGAGCTTTCCTCCTAG","SRA526435","SRS1915196","Mus musculus","10x chromium","Cortex, hippocampus and subventricular zone","AGAGCTTTCCTCCTAG",1616,3126,69,0.0220729366602687,"Unknown"
"AGAGCTTTCCTTGCCA","SRA526435","SRS1915196","Mus musculus","10x chromium","Cortex, hippocampus and subventricular zone","AGAGCTTTCCTTGCCA",1091,1586,19,0.0119798234552333,"Unknown"
"AGAGTGGAGAGTACCG","SRA526435","SRS1915196","Mus musculus","10x chromium","Cortex, hippocampus and subventricular zone","AGAGTGGAGAGTACCG",2530,7868,135,0.0171581087951195,"Unknown"
"AGAGTGGAGATCACGG","SRA526435","SRS1915196","Mus musculus","10x chromium","Cortex, hippocampus and subventricular zone","AGAGTGGAGATCACGG",1705,3370,51,0.01513353115727,"Unknown"
"AGAGTGGAGCTAGCCC","SRA526435","SRS1915196","Mus musculus","10x chromium","Cortex, hippocampus and subventricular zone","AGAGTGGAGCTAGCCC",2381,5368,81,0.0150894187779434,"Unknown"
"AGAGTGGAGGGATGGG","SRA526435","SRS1915196","Mus musculus","10x chromium","Cortex, hippocampus and subventricular zone","AGAGTGGAGGGATGGG",608,1039,62,0.0596727622714148,"Unknown"
"AGAGTGGAGTCAATAG","SRA526435","SRS1915196","Mus musculus","10x chromium","Cortex, hippocampus and subventricular zone","AGAGTGGAGTCAATAG",1466,2604,14,0.00537634408602151,"Unknown"
"AGAGTGGAGTGTACTC","SRA526435","SRS1915196","Mus musculus","10x chromium","Cortex, hippocampus and subventricular zone","AGAGTGGAGTGTACTC",1794,3398,21,0.00618010594467334,"Unknown"
"AGAGTGGCAAGCCGCT","SRA526435","SRS1915196","Mus musculus","10x chromium","Cortex, hippocampus and subventricular zone","AGAGTGGCAAGCCGCT",1756,3028,62,0.0204755614266843,"Unknown"
"AGAGTGGCACAACGCC","SRA526435","SRS1915196","Mus musculus","10x chromium","Cortex, hippocampus and subventricular zone","AGAGTGGCACAACGCC",2002,4028,47,0.0116683217477656,"Unknown"
"AGAGTGGCAGGGCATA","SRA526435","SRS1915196","Mus musculus","10x chromium","Cortex, hippocampus and subventricular zone","AGAGTGGCAGGGCATA",2602,6149,99,0.0161001788908766,"Unknown"
"AGAGTGGGTAAGTAGT","SRA526435","SRS1915196","Mus musculus","10x chromium","Cortex, hippocampus and subventricular zone","AGAGTGGGTAAGTAGT",2083,3803,17,0.00447015514067841,"Unknown"
"AGAGTGGGTCGGCACT","SRA526435","SRS1915196","Mus musculus","10x chromium","Cortex, hippocampus and subventricular zone","AGAGTGGGTCGGCACT",2403,5126,50,0.00975419430355053,"Unknown"
"AGAGTGGGTGTAACGG","SRA526435","SRS1915196","Mus musculus","10x chromium","Cortex, hippocampus and subventricular zone","AGAGTGGGTGTAACGG",1688,3240,40,0.0123456790123457,"Unknown"
"AGAGTGGTCAGTGTTG","SRA526435","SRS1915196","Mus musculus","10x chromium","Cortex, hippocampus and subventricular zone","AGAGTGGTCAGTGTTG",2241,4801,63,0.0131222661945428,"Unknown"
"AGAGTGGTCCCTGACT","SRA526435","SRS1915196","Mus musculus","10x chromium","Cortex, hippocampus and subventricular zone","AGAGTGGTCCCTGACT",1105,2017,50,0.0247892910262766,"Unknown"
"AGAGTGGTCCGCATCT","SRA526435","SRS1915196","Mus musculus","10x chromium","Cortex, hippocampus and subventricular zone","AGAGTGGTCCGCATCT",1872,3618,34,0.00939745715865119,"Unknown"
"AGAGTGGTCCTAGTGA","SRA526435","SRS1915196","Mus musculus","10x chromium","Cortex, hippocampus and subventricular zone","AGAGTGGTCCTAGTGA",3024,7357,58,0.00788364822617915,"Unknown"
"AGAGTGGTCCTGCAGG","SRA526435","SRS1915196","Mus musculus","10x chromium","Cortex, hippocampus and subventricular zone","AGAGTGGTCCTGCAGG",2925,6553,90,0.0137341675568442,"Unknown"
"AGAGTGGTCGAACGGA","SRA526435","SRS1915196","Mus musculus","10x chromium","Cortex, hippocampus and subventricular zone","AGAGTGGTCGAACGGA",1580,2991,43,0.0143764627214978,"Unknown"
"AGAGTGGTCGCTGATA","SRA526435","SRS1915196","Mus musculus","10x chromium","Cortex, hippocampus and subventricular zone","AGAGTGGTCGCTGATA",2619,6107,88,0.0144096937940069,"Unknown"
"AGATCTGAGACCTAGG","SRA526435","SRS1915196","Mus musculus","10x chromium","Cortex, hippocampus and subventricular zone","AGATCTGAGACCTAGG",2074,4479,44,0.00982362134405001,"Unknown"
"AGATCTGAGATGTGGC","SRA526435","SRS1915196","Mus musculus","10x chromium","Cortex, hippocampus and subventricular zone","AGATCTGAGATGTGGC",1028,1674,22,0.013142174432497,"Unknown"
"AGATCTGAGCTAGCCC","SRA526435","SRS1915196","Mus musculus","10x chromium","Cortex, hippocampus and subventricular zone","AGATCTGAGCTAGCCC",2161,4631,62,0.0133880371410063,"Unknown"
"AGATCTGAGGATGGTC","SRA526435","SRS1915196","Mus musculus","10x chromium","Cortex, hippocampus and subventricular zone","AGATCTGAGGATGGTC",2141,4276,19,0.00444340505144995,"Unknown"
"AGATCTGAGGCTATCT","SRA526435","SRS1915196","Mus musculus","10x chromium","Cortex, hippocampus and subventricular zone","AGATCTGAGGCTATCT",3081,7102,102,0.0143621515066179,"Unknown"
"AGATCTGAGTTAAGTG","SRA526435","SRS1915196","Mus musculus","10x chromium","Cortex, hippocampus and subventricular zone","AGATCTGAGTTAAGTG",2447,5052,60,0.0118764845605701,"Unknown"
"AGATCTGAGTTTGCGT","SRA526435","SRS1915196","Mus musculus","10x chromium","Cortex, hippocampus and subventricular zone","AGATCTGAGTTTGCGT",1682,3059,48,0.0156914024190912,"Unknown"
"AGATCTGCAATCTACG","SRA526435","SRS1915196","Mus musculus","10x chromium","Cortex, hippocampus and subventricular zone","AGATCTGCAATCTACG",1694,3026,32,0.0105750165234633,"Unknown"
"AGATCTGCACTTAACG","SRA526435","SRS1915196","Mus musculus","10x chromium","Cortex, hippocampus and subventricular zone","AGATCTGCACTTAACG",120,2722,4,0.0014695077149155,"Erythroid-like and erythroid precursor cells"
"AGATCTGCAGGGAGAG","SRA526435","SRS1915196","Mus musculus","10x chromium","Cortex, hippocampus and subventricular zone","AGATCTGCAGGGAGAG",1831,3166,47,0.0148452305748579,"Unknown"
"AGATCTGCATCCGGGT","SRA526435","SRS1915196","Mus musculus","10x chromium","Cortex, hippocampus and subventricular zone","AGATCTGCATCCGGGT",128,4861,6,0.00123431392717548,"Erythroid-like and erythroid precursor cells"
"AGATCTGGTAAACCTC","SRA526435","SRS1915196","Mus musculus","10x chromium","Cortex, hippocampus and subventricular zone","AGATCTGGTAAACCTC",796,1139,59,0.0517998244073749,"Unknown"
"AGATCTGGTCAGAGGT","SRA526435","SRS1915196","Mus musculus","10x chromium","Cortex, hippocampus and subventricular zone","AGATCTGGTCAGAGGT",2066,4224,32,0.00757575757575758,"Unknown"
"AGATCTGGTCCAACTA","SRA526435","SRS1915196","Mus musculus","10x chromium","Cortex, hippocampus and subventricular zone","AGATCTGGTCCAACTA",1660,3261,53,0.0162526832260043,"Unknown"
"AGATCTGGTCTAGTGT","SRA526435","SRS1915196","Mus musculus","10x chromium","Cortex, hippocampus and subventricular zone","AGATCTGGTCTAGTGT",1881,3223,46,0.0142724170027924,"Unknown"
"AGATCTGGTTAAGGGC","SRA526435","SRS1915196","Mus musculus","10x chromium","Cortex, hippocampus and subventricular zone","AGATCTGGTTAAGGGC",1095,1853,50,0.0269832703723691,"Unknown"
"AGATCTGTCGGAGGTA","SRA526435","SRS1915196","Mus musculus","10x chromium","Cortex, hippocampus and subventricular zone","AGATCTGTCGGAGGTA",2213,4356,30,0.0068870523415978,"Unknown"
"AGATCTGTCTGCCCTA","SRA526435","SRS1915196","Mus musculus","10x chromium","Cortex, hippocampus and subventricular zone","AGATCTGTCTGCCCTA",2123,3719,49,0.013175584834633,"Unknown"
"AGATCTGTCTTCTGGC","SRA526435","SRS1915196","Mus musculus","10x chromium","Cortex, hippocampus and subventricular zone","AGATCTGTCTTCTGGC",2230,4575,66,0.0144262295081967,"Unknown"
"AGATTGCAGACTGTAA","SRA526435","SRS1915196","Mus musculus","10x chromium","Cortex, hippocampus and subventricular zone","AGATTGCAGACTGTAA",2111,4577,55,0.0120166047629452,"Unknown"
"AGATTGCAGCGTCTAT","SRA526435","SRS1915196","Mus musculus","10x chromium","Cortex, hippocampus and subventricular zone","AGATTGCAGCGTCTAT",2125,4178,35,0.00837721397797989,"Unknown"
"AGATTGCCAAGGACTG","SRA526435","SRS1915196","Mus musculus","10x chromium","Cortex, hippocampus and subventricular zone","AGATTGCCAAGGACTG",1990,3919,29,0.00739984689971932,"Unknown"
"AGATTGCCACCAGTTA","SRA526435","SRS1915196","Mus musculus","10x chromium","Cortex, hippocampus and subventricular zone","AGATTGCCACCAGTTA",167,1140,3,0.00263157894736842,"Erythroid-like and erythroid precursor cells"
"AGATTGCCAGCTGCAC","SRA526435","SRS1915196","Mus musculus","10x chromium","Cortex, hippocampus and subventricular zone","AGATTGCCAGCTGCAC",2250,4943,72,0.0145660530042484,"Unknown"
"AGATTGCCATATACGC","SRA526435","SRS1915196","Mus musculus","10x chromium","Cortex, hippocampus and subventricular zone","AGATTGCCATATACGC",2235,4994,47,0.00941129355226272,"Unknown"
"AGATTGCGTAGAGGAA","SRA526435","SRS1915196","Mus musculus","10x chromium","Cortex, hippocampus and subventricular zone","AGATTGCGTAGAGGAA",1671,3127,36,0.011512631915574,"Unknown"
"AGATTGCGTCCAAGTT","SRA526435","SRS1915196","Mus musculus","10x chromium","Cortex, hippocampus and subventricular zone","AGATTGCGTCCAAGTT",3624,10307,135,0.0130978946347143,"Unknown"
"AGATTGCGTCGACTGC","SRA526435","SRS1915196","Mus musculus","10x chromium","Cortex, hippocampus and subventricular zone","AGATTGCGTCGACTGC",1916,3631,33,0.00908840539796199,"Unknown"
"AGATTGCGTGCTCTTC","SRA526435","SRS1915196","Mus musculus","10x chromium","Cortex, hippocampus and subventricular zone","AGATTGCGTGCTCTTC",3377,8070,83,0.0102850061957869,"Unknown"
"AGATTGCTCATATCGG","SRA526435","SRS1915196","Mus musculus","10x chromium","Cortex, hippocampus and subventricular zone","AGATTGCTCATATCGG",965,1398,52,0.0371959942775393,"Unknown"
"AGATTGCTCGACGGAA","SRA526435","SRS1915196","Mus musculus","10x chromium","Cortex, hippocampus and subventricular zone","AGATTGCTCGACGGAA",1570,2815,74,0.0262877442273535,"Unknown"
"AGATTGCTCTCAACTT","SRA526435","SRS1915196","Mus musculus","10x chromium","Cortex, hippocampus and subventricular zone","AGATTGCTCTCAACTT",2495,5517,41,0.007431575131412,"Unknown"
"AGCAGCCAGACAGAGA","SRA526435","SRS1915196","Mus musculus","10x chromium","Cortex, hippocampus and subventricular zone","AGCAGCCAGACAGAGA",2137,3950,48,0.0121518987341772,"Cajal-Retzius cells"
"AGCAGCCAGATCCCGC","SRA526435","SRS1915196","Mus musculus","10x chromium","Cortex, hippocampus and subventricular zone","AGCAGCCAGATCCCGC",950,1534,67,0.0436766623207301,"Unknown"
"AGCAGCCAGATCGGGT","SRA526435","SRS1915196","Mus musculus","10x chromium","Cortex, hippocampus and subventricular zone","AGCAGCCAGATCGGGT",1528,2770,41,0.0148014440433213,"Unknown"
"AGCAGCCAGCAGCCTC","SRA526435","SRS1915196","Mus musculus","10x chromium","Cortex, hippocampus and subventricular zone","AGCAGCCAGCAGCCTC",2251,4393,124,0.028226724334168,"Cajal-Retzius cells"
"AGCAGCCAGCCACGCT","SRA526435","SRS1915196","Mus musculus","10x chromium","Cortex, hippocampus and subventricular zone","AGCAGCCAGCCACGCT",2205,4251,45,0.0105857445306987,"Unknown"
"AGCAGCCAGCTTTGGT","SRA526435","SRS1915196","Mus musculus","10x chromium","Cortex, hippocampus and subventricular zone","AGCAGCCAGCTTTGGT",1889,3484,52,0.0149253731343284,"Pericytes"
"AGCAGCCAGTCAATAG","SRA526435","SRS1915196","Mus musculus","10x chromium","Cortex, hippocampus and subventricular zone","AGCAGCCAGTCAATAG",748,1289,10,0.00775795190069822,"Microglia"
"AGCAGCCAGTGTCCAT","SRA526435","SRS1915196","Mus musculus","10x chromium","Cortex, hippocampus and subventricular zone","AGCAGCCAGTGTCCAT",1526,2890,47,0.0162629757785467,"Unknown"
"AGCAGCCCAATCTGCA","SRA526435","SRS1915196","Mus musculus","10x chromium","Cortex, hippocampus and subventricular zone","AGCAGCCCAATCTGCA",1282,2590,91,0.0351351351351351,"Unknown"
"AGCAGCCCACACAGAG","SRA526435","SRS1915196","Mus musculus","10x chromium","Cortex, hippocampus and subventricular zone","AGCAGCCCACACAGAG",4164,12387,107,0.00863808831839832,"Unknown"
"AGCAGCCCACCCTATC","SRA526435","SRS1915196","Mus musculus","10x chromium","Cortex, hippocampus and subventricular zone","AGCAGCCCACCCTATC",753,1136,15,0.0132042253521127,"Unknown"
"AGCAGCCCATAGTAAG","SRA526435","SRS1915196","Mus musculus","10x chromium","Cortex, hippocampus and subventricular zone","AGCAGCCCATAGTAAG",1914,3876,31,0.00799793601651187,"Unknown"
"AGCAGCCGTACAGACG","SRA526435","SRS1915196","Mus musculus","10x chromium","Cortex, hippocampus and subventricular zone","AGCAGCCGTACAGACG",2311,4890,59,0.0120654396728016,"Unknown"
"AGCAGCCGTATAGTAG","SRA526435","SRS1915196","Mus musculus","10x chromium","Cortex, hippocampus and subventricular zone","AGCAGCCGTATAGTAG",2593,6335,63,0.00994475138121547,"Unknown"
"AGCAGCCGTGAGTGAC","SRA526435","SRS1915196","Mus musculus","10x chromium","Cortex, hippocampus and subventricular zone","AGCAGCCGTGAGTGAC",2387,5357,80,0.0149337315661751,"Unknown"
"AGCAGCCGTTGATTGC","SRA526435","SRS1915196","Mus musculus","10x chromium","Cortex, hippocampus and subventricular zone","AGCAGCCGTTGATTGC",3367,7730,73,0.00944372574385511,"Unknown"
"AGCAGCCGTTGGACCC","SRA526435","SRS1915196","Mus musculus","10x chromium","Cortex, hippocampus and subventricular zone","AGCAGCCGTTGGACCC",2289,5128,59,0.0115054602184087,"Unknown"
"AGCAGCCTCACAACGT","SRA526435","SRS1915196","Mus musculus","10x chromium","Cortex, hippocampus and subventricular zone","AGCAGCCTCACAACGT",2050,4056,65,0.016025641025641,"Unknown"
"AGCAGCCTCACTTACT","SRA526435","SRS1915196","Mus musculus","10x chromium","Cortex, hippocampus and subventricular zone","AGCAGCCTCACTTACT",2333,4750,61,0.0128421052631579,"Unknown"
"AGCAGCCTCCTATTCA","SRA526435","SRS1915196","Mus musculus","10x chromium","Cortex, hippocampus and subventricular zone","AGCAGCCTCCTATTCA",1760,3275,47,0.0143511450381679,"Unknown"
"AGCAGCCTCCTCCTAG","SRA526435","SRS1915196","Mus musculus","10x chromium","Cortex, hippocampus and subventricular zone","AGCAGCCTCCTCCTAG",1558,2947,51,0.0173057346454021,"Unknown"
"AGCAGCCTCGCGCCAA","SRA526435","SRS1915196","Mus musculus","10x chromium","Cortex, hippocampus and subventricular zone","AGCAGCCTCGCGCCAA",2109,4113,35,0.00850960369559932,"Unknown"
"AGCAGCCTCGGTGTCG","SRA526435","SRS1915196","Mus musculus","10x chromium","Cortex, hippocampus and subventricular zone","AGCAGCCTCGGTGTCG",1778,3637,57,0.0156722573549629,"Unknown"
"AGCAGCCTCTCAAGTG","SRA526435","SRS1915196","Mus musculus","10x chromium","Cortex, hippocampus and subventricular zone","AGCAGCCTCTCAAGTG",4670,13966,252,0.0180438207074323,"Endothelial cells"
"AGCATACAGACAAAGG","SRA526435","SRS1915196","Mus musculus","10x chromium","Cortex, hippocampus and subventricular zone","AGCATACAGACAAAGG",3946,10373,135,0.0130145570230406,"Unknown"
"AGCATACAGCGGCTTC","SRA526435","SRS1915196","Mus musculus","10x chromium","Cortex, hippocampus and subventricular zone","AGCATACAGCGGCTTC",1178,2082,45,0.0216138328530259,"Unknown"
"AGCATACAGGATATAC","SRA526435","SRS1915196","Mus musculus","10x chromium","Cortex, hippocampus and subventricular zone","AGCATACAGGATATAC",2318,5389,93,0.0172573761365745,"Unknown"
"AGCATACAGGCCCTCA","SRA526435","SRS1915196","Mus musculus","10x chromium","Cortex, hippocampus and subventricular zone","AGCATACAGGCCCTCA",788,1169,19,0.0162532078699743,"Unknown"
"AGCATACAGGGTATCG","SRA526435","SRS1915196","Mus musculus","10x chromium","Cortex, hippocampus and subventricular zone","AGCATACAGGGTATCG",1326,2384,145,0.0608221476510067,"Unknown"
"AGCATACAGTGGAGAA","SRA526435","SRS1915196","Mus musculus","10x chromium","Cortex, hippocampus and subventricular zone","AGCATACAGTGGAGAA",1459,2398,33,0.0137614678899083,"Unknown"
"AGCATACAGTTTCCTT","SRA526435","SRS1915196","Mus musculus","10x chromium","Cortex, hippocampus and subventricular zone","AGCATACAGTTTCCTT",2188,4944,112,0.0226537216828479,"Unknown"
"AGCATACCAAACAACA","SRA526435","SRS1915196","Mus musculus","10x chromium","Cortex, hippocampus and subventricular zone","AGCATACCAAACAACA",1855,4163,42,0.0100888782128273,"Unknown"
"AGCATACCAAGTCTGT","SRA526435","SRS1915196","Mus musculus","10x chromium","Cortex, hippocampus and subventricular zone","AGCATACCAAGTCTGT",2007,4193,51,0.0121631290245648,"Unknown"
"AGCATACCACCTCGGA","SRA526435","SRS1915196","Mus musculus","10x chromium","Cortex, hippocampus and subventricular zone","AGCATACCACCTCGGA",2732,8376,113,0.0134909264565425,"Unknown"
"AGCATACCAGCCTTTC","SRA526435","SRS1915196","Mus musculus","10x chromium","Cortex, hippocampus and subventricular zone","AGCATACCAGCCTTTC",645,1048,42,0.0400763358778626,"Unknown"
"AGCATACCATACTACG","SRA526435","SRS1915196","Mus musculus","10x chromium","Cortex, hippocampus and subventricular zone","AGCATACCATACTACG",2506,5761,53,0.00919979170282937,"Unknown"
"AGCATACCATCCCATC","SRA526435","SRS1915196","Mus musculus","10x chromium","Cortex, hippocampus and subventricular zone","AGCATACCATCCCATC",2213,4458,57,0.01278600269179,"Unknown"
"AGCATACGTAAAGTCA","SRA526435","SRS1915196","Mus musculus","10x chromium","Cortex, hippocampus and subventricular zone","AGCATACGTAAAGTCA",1051,1552,37,0.023840206185567,"Unknown"
"AGCATACGTAAGGATT","SRA526435","SRS1915196","Mus musculus","10x chromium","Cortex, hippocampus and subventricular zone","AGCATACGTAAGGATT",1158,1938,37,0.0190918472652219,"Unknown"
"AGCATACGTACCGCTG","SRA526435","SRS1915196","Mus musculus","10x chromium","Cortex, hippocampus and subventricular zone","AGCATACGTACCGCTG",3325,8387,101,0.0120424466436151,"Unknown"
"AGCATACGTAGGCATG","SRA526435","SRS1915196","Mus musculus","10x chromium","Cortex, hippocampus and subventricular zone","AGCATACGTAGGCATG",2266,4843,55,0.0113565971505265,"Unknown"
"AGCATACGTCAATACC","SRA526435","SRS1915196","Mus musculus","10x chromium","Cortex, hippocampus and subventricular zone","AGCATACGTCAATACC",114,6250,1,0.00016,"Erythroid-like and erythroid precursor cells"
"AGCATACGTCCCGACA","SRA526435","SRS1915196","Mus musculus","10x chromium","Cortex, hippocampus and subventricular zone","AGCATACGTCCCGACA",1288,2109,16,0.00758653390232338,"Unknown"
"AGCATACGTCCGTCAG","SRA526435","SRS1915196","Mus musculus","10x chromium","Cortex, hippocampus and subventricular zone","AGCATACGTCCGTCAG",2464,4597,34,0.0073961279095062,"Unknown"
"AGCATACGTGGTCTCG","SRA526435","SRS1915196","Mus musculus","10x chromium","Cortex, hippocampus and subventricular zone","AGCATACGTGGTCTCG",1372,2509,49,0.0195296931048226,"Unknown"
"AGCATACGTTACGTCA","SRA526435","SRS1915196","Mus musculus","10x chromium","Cortex, hippocampus and subventricular zone","AGCATACGTTACGTCA",1037,1414,61,0.0431400282885431,"Unknown"
"AGCATACGTTGGGACA","SRA526435","SRS1915196","Mus musculus","10x chromium","Cortex, hippocampus and subventricular zone","AGCATACGTTGGGACA",2126,4481,40,0.00892657888864093,"Unknown"
"AGCATACTCACAATGC","SRA526435","SRS1915196","Mus musculus","10x chromium","Cortex, hippocampus and subventricular zone","AGCATACTCACAATGC",2263,4861,58,0.0119317012960296,"Unknown"
"AGCATACTCTCTTATG","SRA526435","SRS1915196","Mus musculus","10x chromium","Cortex, hippocampus and subventricular zone","AGCATACTCTCTTATG",2960,7652,124,0.0162049137480397,"Unknown"
"AGCCTAAAGAGTAAGG","SRA526435","SRS1915196","Mus musculus","10x chromium","Cortex, hippocampus and subventricular zone","AGCCTAAAGAGTAAGG",2153,3878,16,0.00412583806085611,"Unknown"
"AGCCTAAAGCGCTTAT","SRA526435","SRS1915196","Mus musculus","10x chromium","Cortex, hippocampus and subventricular zone","AGCCTAAAGCGCTTAT",3132,7986,70,0.00876533934385174,"Unknown"
"AGCCTAAAGGGAGTAA","SRA526435","SRS1915196","Mus musculus","10x chromium","Cortex, hippocampus and subventricular zone","AGCCTAAAGGGAGTAA",1701,3090,30,0.00970873786407767,"Unknown"
"AGCCTAAAGGGTGTTG","SRA526435","SRS1915196","Mus musculus","10x chromium","Cortex, hippocampus and subventricular zone","AGCCTAAAGGGTGTTG",1184,2106,59,0.0280151946818613,"Unknown"
"AGCCTAAAGTGGGTTG","SRA526435","SRS1915196","Mus musculus","10x chromium","Cortex, hippocampus and subventricular zone","AGCCTAAAGTGGGTTG",1649,3100,50,0.0161290322580645,"Unknown"
"AGCCTAACAAGAGGCT","SRA526435","SRS1915196","Mus musculus","10x chromium","Cortex, hippocampus and subventricular zone","AGCCTAACAAGAGGCT",675,1301,8,0.00614911606456572,"Unknown"
"AGCCTAACACACCGCA","SRA526435","SRS1915196","Mus musculus","10x chromium","Cortex, hippocampus and subventricular zone","AGCCTAACACACCGCA",1839,3560,44,0.0123595505617978,"Unknown"
"AGCCTAACACGTCTCT","SRA526435","SRS1915196","Mus musculus","10x chromium","Cortex, hippocampus and subventricular zone","AGCCTAACACGTCTCT",1502,2553,20,0.00783392087739914,"Unknown"
"AGCCTAACAGTCCTTC","SRA526435","SRS1915196","Mus musculus","10x chromium","Cortex, hippocampus and subventricular zone","AGCCTAACAGTCCTTC",881,1143,32,0.0279965004374453,"Unknown"
"AGCCTAACATGCGCAC","SRA526435","SRS1915196","Mus musculus","10x chromium","Cortex, hippocampus and subventricular zone","AGCCTAACATGCGCAC",4499,14724,138,0.00937245313773431,"Unknown"
"AGCCTAACATGTCGAT","SRA526435","SRS1915196","Mus musculus","10x chromium","Cortex, hippocampus and subventricular zone","AGCCTAACATGTCGAT",3000,6697,72,0.010751082574287,"Unknown"
"AGCCTAAGTAACGTTC","SRA526435","SRS1915196","Mus musculus","10x chromium","Cortex, hippocampus and subventricular zone","AGCCTAAGTAACGTTC",1921,3935,50,0.0127064803049555,"Unknown"
"AGCCTAAGTTAAGGGC","SRA526435","SRS1915196","Mus musculus","10x chromium","Cortex, hippocampus and subventricular zone","AGCCTAAGTTAAGGGC",3277,9593,147,0.0153236735119358,"Endothelial cells"
"AGCCTAAGTTCCACGG","SRA526435","SRS1915196","Mus musculus","10x chromium","Cortex, hippocampus and subventricular zone","AGCCTAAGTTCCACGG",1977,3588,76,0.0211817168338907,"Unknown"
"AGCCTAATCGGACAAG","SRA526435","SRS1915196","Mus musculus","10x chromium","Cortex, hippocampus and subventricular zone","AGCCTAATCGGACAAG",950,1460,2,0.00136986301369863,"Endothelial cells"
"AGCCTAATCTAGCACA","SRA526435","SRS1915196","Mus musculus","10x chromium","Cortex, hippocampus and subventricular zone","AGCCTAATCTAGCACA",1249,2176,42,0.0193014705882353,"Unknown"
"AGCGGTCAGAAGAAGC","SRA526435","SRS1915196","Mus musculus","10x chromium","Cortex, hippocampus and subventricular zone","AGCGGTCAGAAGAAGC",2547,5858,92,0.0157050187777398,"Unknown"
"AGCGGTCAGACAGAGA","SRA526435","SRS1915196","Mus musculus","10x chromium","Cortex, hippocampus and subventricular zone","AGCGGTCAGACAGAGA",2204,4671,51,0.0109184328837508,"Unknown"
"AGCGGTCAGAGCCCAA","SRA526435","SRS1915196","Mus musculus","10x chromium","Cortex, hippocampus and subventricular zone","AGCGGTCAGAGCCCAA",1142,1975,77,0.0389873417721519,"Unknown"
"AGCGGTCAGAGCTTCT","SRA526435","SRS1915196","Mus musculus","10x chromium","Cortex, hippocampus and subventricular zone","AGCGGTCAGAGCTTCT",3010,7312,87,0.011898249452954,"Unknown"
"AGCGGTCAGCGAGAAA","SRA526435","SRS1915196","Mus musculus","10x chromium","Cortex, hippocampus and subventricular zone","AGCGGTCAGCGAGAAA",2419,4285,48,0.0112018669778296,"Unknown"
"AGCGGTCAGCGTGAAC","SRA526435","SRS1915196","Mus musculus","10x chromium","Cortex, hippocampus and subventricular zone","AGCGGTCAGCGTGAAC",2472,5783,89,0.0153899360193671,"Unknown"
"AGCGGTCAGCTAGGCA","SRA526435","SRS1915196","Mus musculus","10x chromium","Cortex, hippocampus and subventricular zone","AGCGGTCAGCTAGGCA",1118,1552,30,0.0193298969072165,"Unknown"
"AGCGGTCAGGCTAGGT","SRA526435","SRS1915196","Mus musculus","10x chromium","Cortex, hippocampus and subventricular zone","AGCGGTCAGGCTAGGT",2506,5931,76,0.0128140279885348,"Unknown"
"AGCGGTCAGGGATCTG","SRA526435","SRS1915196","Mus musculus","10x chromium","Cortex, hippocampus and subventricular zone","AGCGGTCAGGGATCTG",2481,5731,36,0.00628162624323853,"Unknown"
"AGCGGTCAGGTGCTTT","SRA526435","SRS1915196","Mus musculus","10x chromium","Cortex, hippocampus and subventricular zone","AGCGGTCAGGTGCTTT",1677,2766,24,0.00867678958785249,"Unknown"
"AGCGGTCCACAGGCCT","SRA526435","SRS1915196","Mus musculus","10x chromium","Cortex, hippocampus and subventricular zone","AGCGGTCCACAGGCCT",2352,5087,53,0.0104187143699626,"Unknown"
"AGCGGTCCACATCCAA","SRA526435","SRS1915196","Mus musculus","10x chromium","Cortex, hippocampus and subventricular zone","AGCGGTCCACATCCAA",2709,5519,88,0.0159449175575285,"Unknown"
"AGCGGTCCACATGACT","SRA526435","SRS1915196","Mus musculus","10x chromium","Cortex, hippocampus and subventricular zone","AGCGGTCCACATGACT",1675,2985,39,0.0130653266331658,"Unknown"
"AGCGGTCCACTCGACG","SRA526435","SRS1915196","Mus musculus","10x chromium","Cortex, hippocampus and subventricular zone","AGCGGTCCACTCGACG",2226,4376,62,0.0141681901279707,"Unknown"
"AGCGGTCCACTGTTAG","SRA526435","SRS1915196","Mus musculus","10x chromium","Cortex, hippocampus and subventricular zone","AGCGGTCCACTGTTAG",2549,6105,83,0.0135954135954136,"Unknown"
"AGCGGTCCAGATCGGA","SRA526435","SRS1915196","Mus musculus","10x chromium","Cortex, hippocampus and subventricular zone","AGCGGTCCAGATCGGA",3696,10473,103,0.00983481332951399,"Unknown"
"AGCGGTCCAGGCAGTA","SRA526435","SRS1915196","Mus musculus","10x chromium","Cortex, hippocampus and subventricular zone","AGCGGTCCAGGCAGTA",2808,6886,55,0.00798722044728434,"Unknown"
"AGCGGTCCATCAGTCA","SRA526435","SRS1915196","Mus musculus","10x chromium","Cortex, hippocampus and subventricular zone","AGCGGTCCATCAGTCA",1914,3539,47,0.0132805877366488,"Unknown"
"AGCGGTCGTATATGGA","SRA526435","SRS1915196","Mus musculus","10x chromium","Cortex, hippocampus and subventricular zone","AGCGGTCGTATATGGA",1717,3482,42,0.0120620333141872,"Unknown"
"AGCGGTCGTGCGATAG","SRA526435","SRS1915196","Mus musculus","10x chromium","Cortex, hippocampus and subventricular zone","AGCGGTCGTGCGATAG",2256,4600,57,0.0123913043478261,"Unknown"
"AGCGGTCGTGCTGTAT","SRA526435","SRS1915196","Mus musculus","10x chromium","Cortex, hippocampus and subventricular zone","AGCGGTCGTGCTGTAT",2000,3628,46,0.0126791620727674,"Unknown"
"AGCGGTCGTTACAGAA","SRA526435","SRS1915196","Mus musculus","10x chromium","Cortex, hippocampus and subventricular zone","AGCGGTCGTTACAGAA",2572,5584,105,0.0188037249283668,"Unknown"
"AGCGGTCGTTCAGTAC","SRA526435","SRS1915196","Mus musculus","10x chromium","Cortex, hippocampus and subventricular zone","AGCGGTCGTTCAGTAC",1012,1634,47,0.0287637698898409,"Unknown"
"AGCGGTCGTTTGCATG","SRA526435","SRS1915196","Mus musculus","10x chromium","Cortex, hippocampus and subventricular zone","AGCGGTCGTTTGCATG",2870,6825,100,0.0146520146520147,"Unknown"
"AGCGGTCTCAGTTGAC","SRA526435","SRS1915196","Mus musculus","10x chromium","Cortex, hippocampus and subventricular zone","AGCGGTCTCAGTTGAC",3539,8957,75,0.00837333928770794,"Unknown"
"AGCGGTCTCCAAATGC","SRA526435","SRS1915196","Mus musculus","10x chromium","Cortex, hippocampus and subventricular zone","AGCGGTCTCCAAATGC",1971,3853,58,0.0150532052945757,"Unknown"
"AGCGGTCTCGGCCGAT","SRA526435","SRS1915196","Mus musculus","10x chromium","Cortex, hippocampus and subventricular zone","AGCGGTCTCGGCCGAT",3122,7919,82,0.0103548427831797,"Unknown"
"AGCGGTCTCGGTTCGG","SRA526435","SRS1915196","Mus musculus","10x chromium","Cortex, hippocampus and subventricular zone","AGCGGTCTCGGTTCGG",1534,2852,48,0.0168302945301543,"Unknown"
"AGCGGTCTCTCGCTTG","SRA526435","SRS1915196","Mus musculus","10x chromium","Cortex, hippocampus and subventricular zone","AGCGGTCTCTCGCTTG",2003,3847,58,0.0150766831297115,"Unknown"
"AGCGGTCTCTGTTGAG","SRA526435","SRS1915196","Mus musculus","10x chromium","Cortex, hippocampus and subventricular zone","AGCGGTCTCTGTTGAG",3204,8332,103,0.0123619779164666,"Unknown"
"AGCGTATAGACAGACC","SRA526435","SRS1915196","Mus musculus","10x chromium","Cortex, hippocampus and subventricular zone","AGCGTATAGACAGACC",2145,4806,52,0.0108198085726176,"Unknown"
"AGCGTATAGAGCTGCA","SRA526435","SRS1915196","Mus musculus","10x chromium","Cortex, hippocampus and subventricular zone","AGCGTATAGAGCTGCA",3213,8408,182,0.0216460513796384,"Unknown"
"AGCGTATAGCTGAAAT","SRA526435","SRS1915196","Mus musculus","10x chromium","Cortex, hippocampus and subventricular zone","AGCGTATAGCTGAAAT",1893,3600,46,0.0127777777777778,"Unknown"
"AGCGTATAGGCAATTA","SRA526435","SRS1915196","Mus musculus","10x chromium","Cortex, hippocampus and subventricular zone","AGCGTATAGGCAATTA",1579,2916,31,0.0106310013717421,"Unknown"
"AGCGTATAGGCCCTCA","SRA526435","SRS1915196","Mus musculus","10x chromium","Cortex, hippocampus and subventricular zone","AGCGTATAGGCCCTCA",1391,2461,32,0.0130028443722064,"Unknown"
"AGCGTATAGTAGGCCA","SRA526435","SRS1915196","Mus musculus","10x chromium","Cortex, hippocampus and subventricular zone","AGCGTATAGTAGGCCA",1355,2449,18,0.00734993875051041,"Unknown"
"AGCGTATCACAAGTAA","SRA526435","SRS1915196","Mus musculus","10x chromium","Cortex, hippocampus and subventricular zone","AGCGTATCACAAGTAA",2138,4648,54,0.011617900172117,"Unknown"
"AGCGTATCACCAGATT","SRA526435","SRS1915196","Mus musculus","10x chromium","Cortex, hippocampus and subventricular zone","AGCGTATCACCAGATT",977,1420,46,0.0323943661971831,"Unknown"
"AGCGTATCACCAGGCT","SRA526435","SRS1915196","Mus musculus","10x chromium","Cortex, hippocampus and subventricular zone","AGCGTATCACCAGGCT",2344,5054,61,0.0120696478037198,"Unknown"
"AGCGTATCACGGTAAG","SRA526435","SRS1915196","Mus musculus","10x chromium","Cortex, hippocampus and subventricular zone","AGCGTATCACGGTAAG",1101,1465,20,0.0136518771331058,"Unknown"
"AGCGTATCAGCGAACA","SRA526435","SRS1915196","Mus musculus","10x chromium","Cortex, hippocampus and subventricular zone","AGCGTATCAGCGAACA",4106,11406,117,0.0102577590741715,"Unknown"
"AGCGTATCAGTAACGG","SRA526435","SRS1915196","Mus musculus","10x chromium","Cortex, hippocampus and subventricular zone","AGCGTATCAGTAACGG",1278,2084,38,0.0182341650671785,"Unknown"
"AGCGTATGTCATTAGC","SRA526435","SRS1915196","Mus musculus","10x chromium","Cortex, hippocampus and subventricular zone","AGCGTATGTCATTAGC",2487,5625,66,0.0117333333333333,"Unknown"
"AGCGTATGTTACGACT","SRA526435","SRS1915196","Mus musculus","10x chromium","Cortex, hippocampus and subventricular zone","AGCGTATGTTACGACT",1787,3401,62,0.0182299323728315,"Unknown"
"AGCGTATGTTATTCTC","SRA526435","SRS1915196","Mus musculus","10x chromium","Cortex, hippocampus and subventricular zone","AGCGTATGTTATTCTC",1761,3656,52,0.0142231947483589,"Unknown"
"AGCGTATGTTCAGGCC","SRA526435","SRS1915196","Mus musculus","10x chromium","Cortex, hippocampus and subventricular zone","AGCGTATGTTCAGGCC",2396,5150,53,0.0102912621359223,"Unknown"
"AGCGTATTCGCAAACT","SRA526435","SRS1915196","Mus musculus","10x chromium","Cortex, hippocampus and subventricular zone","AGCGTATTCGCAAACT",869,1335,45,0.0337078651685393,"Unknown"
"AGCGTATTCGGAGCAA","SRA526435","SRS1915196","Mus musculus","10x chromium","Cortex, hippocampus and subventricular zone","AGCGTATTCGGAGCAA",1188,2098,59,0.0281220209723546,"Unknown"
"AGCGTATTCGGAGGTA","SRA526435","SRS1915196","Mus musculus","10x chromium","Cortex, hippocampus and subventricular zone","AGCGTATTCGGAGGTA",2664,6592,89,0.013501213592233,"Unknown"
"AGCGTATTCTTGGGTA","SRA526435","SRS1915196","Mus musculus","10x chromium","Cortex, hippocampus and subventricular zone","AGCGTATTCTTGGGTA",82,4419,2,0.000452591083955646,"Erythroid-like and erythroid precursor cells"
"AGCGTCGAGACGACGT","SRA526435","SRS1915196","Mus musculus","10x chromium","Cortex, hippocampus and subventricular zone","AGCGTCGAGACGACGT",3221,7914,87,0.0109931766489765,"Unknown"
"AGCGTCGAGCGCCTTG","SRA526435","SRS1915196","Mus musculus","10x chromium","Cortex, hippocampus and subventricular zone","AGCGTCGAGCGCCTTG",967,1461,29,0.0198494182067077,"Unknown"
"AGCGTCGAGCTGAACG","SRA526435","SRS1915196","Mus musculus","10x chromium","Cortex, hippocampus and subventricular zone","AGCGTCGAGCTGAACG",1913,3752,64,0.0170575692963753,"Unknown"
"AGCGTCGAGGATTCGG","SRA526435","SRS1915196","Mus musculus","10x chromium","Cortex, hippocampus and subventricular zone","AGCGTCGAGGATTCGG",1510,2604,33,0.0126728110599078,"Unknown"
"AGCGTCGAGGTTCCTA","SRA526435","SRS1915196","Mus musculus","10x chromium","Cortex, hippocampus and subventricular zone","AGCGTCGAGGTTCCTA",1478,2576,24,0.0093167701863354,"Unknown"
"AGCGTCGCACTTACGA","SRA526435","SRS1915196","Mus musculus","10x chromium","Cortex, hippocampus and subventricular zone","AGCGTCGCACTTACGA",1422,2464,46,0.0186688311688312,"Unknown"
"AGCGTCGCATGCAACT","SRA526435","SRS1915196","Mus musculus","10x chromium","Cortex, hippocampus and subventricular zone","AGCGTCGCATGCAACT",1975,4009,56,0.0139685707158892,"Unknown"
"AGCGTCGGTACGACCC","SRA526435","SRS1915196","Mus musculus","10x chromium","Cortex, hippocampus and subventricular zone","AGCGTCGGTACGACCC",848,1179,16,0.0135708227311281,"Unknown"
"AGCGTCGGTCCCTACT","SRA526435","SRS1915196","Mus musculus","10x chromium","Cortex, hippocampus and subventricular zone","AGCGTCGGTCCCTACT",895,1322,30,0.0226928895612708,"Unknown"
"AGCGTCGGTCGAACAG","SRA526435","SRS1915196","Mus musculus","10x chromium","Cortex, hippocampus and subventricular zone","AGCGTCGGTCGAACAG",762,1064,29,0.0272556390977444,"Unknown"
"AGCGTCGGTCGAATCT","SRA526435","SRS1915196","Mus musculus","10x chromium","Cortex, hippocampus and subventricular zone","AGCGTCGGTCGAATCT",1741,3137,40,0.0127510360216768,"Unknown"
"AGCGTCGGTCGATTGT","SRA526435","SRS1915196","Mus musculus","10x chromium","Cortex, hippocampus and subventricular zone","AGCGTCGGTCGATTGT",2199,4774,67,0.0140343527440302,"Unknown"
"AGCGTCGGTCGCGTGT","SRA526435","SRS1915196","Mus musculus","10x chromium","Cortex, hippocampus and subventricular zone","AGCGTCGGTCGCGTGT",2398,5180,59,0.0113899613899614,"Unknown"
"AGCGTCGGTCTTCTCG","SRA526435","SRS1915196","Mus musculus","10x chromium","Cortex, hippocampus and subventricular zone","AGCGTCGGTCTTCTCG",1057,1755,25,0.0142450142450142,"Unknown"
"AGCGTCGGTGAAGGCT","SRA526435","SRS1915196","Mus musculus","10x chromium","Cortex, hippocampus and subventricular zone","AGCGTCGGTGAAGGCT",2119,4636,65,0.0140207075064711,"Endothelial cells"
"AGCGTCGGTGAGGGAG","SRA526435","SRS1915196","Mus musculus","10x chromium","Cortex, hippocampus and subventricular zone","AGCGTCGGTGAGGGAG",1630,2888,29,0.0100415512465374,"Unknown"
"AGCGTCGGTGCACGAA","SRA526435","SRS1915196","Mus musculus","10x chromium","Cortex, hippocampus and subventricular zone","AGCGTCGGTGCACGAA",1568,2690,27,0.0100371747211896,"Unknown"
"AGCGTCGGTTTGACAC","SRA526435","SRS1915196","Mus musculus","10x chromium","Cortex, hippocampus and subventricular zone","AGCGTCGGTTTGACAC",2545,5428,75,0.0138172439204127,"Unknown"
"AGCGTCGTCAGGCGAA","SRA526435","SRS1915196","Mus musculus","10x chromium","Cortex, hippocampus and subventricular zone","AGCGTCGTCAGGCGAA",2873,6753,78,0.0115504220346513,"Unknown"
"AGCGTCGTCGCCCTTA","SRA526435","SRS1915196","Mus musculus","10x chromium","Cortex, hippocampus and subventricular zone","AGCGTCGTCGCCCTTA",1847,3528,30,0.00850340136054422,"Unknown"
"AGCTCCTAGAAGGACA","SRA526435","SRS1915196","Mus musculus","10x chromium","Cortex, hippocampus and subventricular zone","AGCTCCTAGAAGGACA",2071,4017,44,0.0109534478466517,"Unknown"
"AGCTCCTAGAGCAATT","SRA526435","SRS1915196","Mus musculus","10x chromium","Cortex, hippocampus and subventricular zone","AGCTCCTAGAGCAATT",2374,5275,57,0.0108056872037915,"Unknown"
"AGCTCCTAGAGGTACC","SRA526435","SRS1915196","Mus musculus","10x chromium","Cortex, hippocampus and subventricular zone","AGCTCCTAGAGGTACC",1618,2926,56,0.0191387559808612,"Unknown"
"AGCTCCTAGATATGGT","SRA526435","SRS1915196","Mus musculus","10x chromium","Cortex, hippocampus and subventricular zone","AGCTCCTAGATATGGT",4215,12368,109,0.0088130659767141,"Unknown"
"AGCTCCTAGCCACGCT","SRA526435","SRS1915196","Mus musculus","10x chromium","Cortex, hippocampus and subventricular zone","AGCTCCTAGCCACGCT",2251,4675,98,0.0209625668449198,"Unknown"
"AGCTCCTAGGAGTTTA","SRA526435","SRS1915196","Mus musculus","10x chromium","Cortex, hippocampus and subventricular zone","AGCTCCTAGGAGTTTA",2391,4962,44,0.00886739218057235,"Unknown"
"AGCTCCTAGTAACCCT","SRA526435","SRS1915196","Mus musculus","10x chromium","Cortex, hippocampus and subventricular zone","AGCTCCTAGTAACCCT",1778,3421,40,0.011692487576732,"Unknown"
"AGCTCCTAGTGCCATT","SRA526435","SRS1915196","Mus musculus","10x chromium","Cortex, hippocampus and subventricular zone","AGCTCCTAGTGCCATT",1831,3644,55,0.0150933040614709,"Unknown"
"AGCTCCTCAAGTTCTG","SRA526435","SRS1915196","Mus musculus","10x chromium","Cortex, hippocampus and subventricular zone","AGCTCCTCAAGTTCTG",1941,4053,73,0.0180113496175672,"Unknown"
"AGCTCCTCAATGGATA","SRA526435","SRS1915196","Mus musculus","10x chromium","Cortex, hippocampus and subventricular zone","AGCTCCTCAATGGATA",1522,2426,39,0.016075845012366,"Endothelial cells"
"AGCTCCTCACCATCCT","SRA526435","SRS1915196","Mus musculus","10x chromium","Cortex, hippocampus and subventricular zone","AGCTCCTCACCATCCT",3314,7683,79,0.010282441754523,"Unknown"
"AGCTCCTCACTGCCAG","SRA526435","SRS1915196","Mus musculus","10x chromium","Cortex, hippocampus and subventricular zone","AGCTCCTCACTGCCAG",1060,1565,96,0.0613418530351438,"Unknown"
"AGCTCCTCAGAGTGTG","SRA526435","SRS1915196","Mus musculus","10x chromium","Cortex, hippocampus and subventricular zone","AGCTCCTCAGAGTGTG",1179,2153,31,0.0143985137018114,"Unknown"
"AGCTCCTCAGCCAGAA","SRA526435","SRS1915196","Mus musculus","10x chromium","Cortex, hippocampus and subventricular zone","AGCTCCTCAGCCAGAA",720,1043,40,0.0383509108341323,"Unknown"
"AGCTCCTCAGCCTATA","SRA526435","SRS1915196","Mus musculus","10x chromium","Cortex, hippocampus and subventricular zone","AGCTCCTCAGCCTATA",3123,7383,148,0.0200460517404849,"Unknown"
"AGCTCCTCAGGCAGTA","SRA526435","SRS1915196","Mus musculus","10x chromium","Cortex, hippocampus and subventricular zone","AGCTCCTCAGGCAGTA",1412,2424,106,0.0437293729372937,"Unknown"
"AGCTCCTGTACTCTCC","SRA526435","SRS1915196","Mus musculus","10x chromium","Cortex, hippocampus and subventricular zone","AGCTCCTGTACTCTCC",1750,3169,60,0.0189334174818555,"Unknown"
"AGCTCCTGTCCGTTAA","SRA526435","SRS1915196","Mus musculus","10x chromium","Cortex, hippocampus and subventricular zone","AGCTCCTGTCCGTTAA",1929,3800,48,0.0126315789473684,"Unknown"
"AGCTCCTGTCGAAAGC","SRA526435","SRS1915196","Mus musculus","10x chromium","Cortex, hippocampus and subventricular zone","AGCTCCTGTCGAAAGC",2397,4796,38,0.0079232693911593,"Unknown"
"AGCTCCTGTGGTCTCG","SRA526435","SRS1915196","Mus musculus","10x chromium","Cortex, hippocampus and subventricular zone","AGCTCCTGTGGTCTCG",1700,4163,72,0.0172952197934182,"Unknown"
"AGCTCCTGTTTCCACC","SRA526435","SRS1915196","Mus musculus","10x chromium","Cortex, hippocampus and subventricular zone","AGCTCCTGTTTCCACC",2177,4610,49,0.0106290672451193,"Unknown"
"AGCTCCTTCAGTCAGT","SRA526435","SRS1915196","Mus musculus","10x chromium","Cortex, hippocampus and subventricular zone","AGCTCCTTCAGTCAGT",3066,8159,61,0.00747640642235568,"Unknown"
"AGCTCCTTCTTTCCTC","SRA526435","SRS1915196","Mus musculus","10x chromium","Cortex, hippocampus and subventricular zone","AGCTCCTTCTTTCCTC",2950,7472,92,0.0123126338329764,"Unknown"
"AGCTCTCAGACTCGGA","SRA526435","SRS1915196","Mus musculus","10x chromium","Cortex, hippocampus and subventricular zone","AGCTCTCAGACTCGGA",3388,8659,134,0.0154752280863841,"Unknown"
"AGCTCTCAGATGTCGG","SRA526435","SRS1915196","Mus musculus","10x chromium","Cortex, hippocampus and subventricular zone","AGCTCTCAGATGTCGG",2088,4285,52,0.0121353558926488,"Unknown"
"AGCTCTCAGATTACCC","SRA526435","SRS1915196","Mus musculus","10x chromium","Cortex, hippocampus and subventricular zone","AGCTCTCAGATTACCC",2233,4554,68,0.0149319279754062,"Pericytes"
"AGCTCTCAGCTCCTCT","SRA526435","SRS1915196","Mus musculus","10x chromium","Cortex, hippocampus and subventricular zone","AGCTCTCAGCTCCTCT",1341,2685,33,0.0122905027932961,"Unknown"
"AGCTCTCAGGGCTCTC","SRA526435","SRS1915196","Mus musculus","10x chromium","Cortex, hippocampus and subventricular zone","AGCTCTCAGGGCTCTC",2827,6499,56,0.0086167102631174,"Unknown"
"AGCTCTCAGGTAGCCA","SRA526435","SRS1915196","Mus musculus","10x chromium","Cortex, hippocampus and subventricular zone","AGCTCTCAGGTAGCCA",2112,4531,31,0.00684175678658133,"Unknown"
"AGCTCTCCAATTGCTG","SRA526435","SRS1915196","Mus musculus","10x chromium","Cortex, hippocampus and subventricular zone","AGCTCTCCAATTGCTG",2304,5045,74,0.0146679881070367,"Unknown"
"AGCTCTCCACAGAGGT","SRA526435","SRS1915196","Mus musculus","10x chromium","Cortex, hippocampus and subventricular zone","AGCTCTCCACAGAGGT",1384,2350,78,0.0331914893617021,"Unknown"
"AGCTCTCCACGGTTTA","SRA526435","SRS1915196","Mus musculus","10x chromium","Cortex, hippocampus and subventricular zone","AGCTCTCCACGGTTTA",2394,4782,24,0.00501882057716437,"Unknown"
"AGCTCTCCACGTCTCT","SRA526435","SRS1915196","Mus musculus","10x chromium","Cortex, hippocampus and subventricular zone","AGCTCTCCACGTCTCT",1711,3120,46,0.0147435897435897,"Unknown"
"AGCTCTCCACTATCTT","SRA526435","SRS1915196","Mus musculus","10x chromium","Cortex, hippocampus and subventricular zone","AGCTCTCCACTATCTT",1677,3208,64,0.0199501246882793,"Unknown"
"AGCTCTCCAGCTATTG","SRA526435","SRS1915196","Mus musculus","10x chromium","Cortex, hippocampus and subventricular zone","AGCTCTCCAGCTATTG",1827,3496,49,0.0140160183066362,"Unknown"
"AGCTCTCCATACGCCG","SRA526435","SRS1915196","Mus musculus","10x chromium","Cortex, hippocampus and subventricular zone","AGCTCTCCATACGCCG",1484,2561,14,0.00546661460367044,"Unknown"
"AGCTCTCCATAGGATA","SRA526435","SRS1915196","Mus musculus","10x chromium","Cortex, hippocampus and subventricular zone","AGCTCTCCATAGGATA",3872,11874,78,0.00656897422940879,"Unknown"
"AGCTCTCCATGAACCT","SRA526435","SRS1915196","Mus musculus","10x chromium","Cortex, hippocampus and subventricular zone","AGCTCTCCATGAACCT",2295,5639,82,0.01454158538748,"Unknown"
"AGCTCTCCATGAAGTA","SRA526435","SRS1915196","Mus musculus","10x chromium","Cortex, hippocampus and subventricular zone","AGCTCTCCATGAAGTA",3235,8004,83,0.0103698150924538,"Unknown"
"AGCTCTCGTAGCTAAA","SRA526435","SRS1915196","Mus musculus","10x chromium","Cortex, hippocampus and subventricular zone","AGCTCTCGTAGCTAAA",2719,6014,28,0.00465580312603924,"Unknown"
"AGCTCTCGTCATCGGC","SRA526435","SRS1915196","Mus musculus","10x chromium","Cortex, hippocampus and subventricular zone","AGCTCTCGTCATCGGC",2389,5089,95,0.0186677146787188,"Unknown"
"AGCTCTCGTCTAGTGT","SRA526435","SRS1915196","Mus musculus","10x chromium","Cortex, hippocampus and subventricular zone","AGCTCTCGTCTAGTGT",2664,5347,65,0.0121563493547784,"Unknown"
"AGCTCTCGTCTCACCT","SRA526435","SRS1915196","Mus musculus","10x chromium","Cortex, hippocampus and subventricular zone","AGCTCTCGTCTCACCT",810,1218,69,0.0566502463054187,"Unknown"
"AGCTCTCGTCTCCACT","SRA526435","SRS1915196","Mus musculus","10x chromium","Cortex, hippocampus and subventricular zone","AGCTCTCGTCTCCACT",2516,5782,102,0.0176409546869595,"Unknown"
"AGCTCTCGTTGGAGGT","SRA526435","SRS1915196","Mus musculus","10x chromium","Cortex, hippocampus and subventricular zone","AGCTCTCGTTGGAGGT",765,1005,9,0.00895522388059702,"Unknown"
"AGCTCTCGTTGGGACA","SRA526435","SRS1915196","Mus musculus","10x chromium","Cortex, hippocampus and subventricular zone","AGCTCTCGTTGGGACA",841,1099,32,0.0291173794358508,"Unknown"
"AGCTCTCTCCTTAATC","SRA526435","SRS1915196","Mus musculus","10x chromium","Cortex, hippocampus and subventricular zone","AGCTCTCTCCTTAATC",1283,2152,38,0.0176579925650558,"Unknown"
"AGCTCTCTCCTTGCCA","SRA526435","SRS1915196","Mus musculus","10x chromium","Cortex, hippocampus and subventricular zone","AGCTCTCTCCTTGCCA",893,1155,11,0.00952380952380952,"Unknown"
"AGCTCTCTCGCTTGTC","SRA526435","SRS1915196","Mus musculus","10x chromium","Cortex, hippocampus and subventricular zone","AGCTCTCTCGCTTGTC",1740,3231,30,0.00928505106778087,"Unknown"
"AGCTCTCTCTAGCACA","SRA526435","SRS1915196","Mus musculus","10x chromium","Cortex, hippocampus and subventricular zone","AGCTCTCTCTAGCACA",1806,3462,51,0.0147313691507799,"Unknown"
"AGCTTGAAGCGGATCA","SRA526435","SRS1915196","Mus musculus","10x chromium","Cortex, hippocampus and subventricular zone","AGCTTGAAGCGGATCA",1943,3731,33,0.0088448137228625,"Unknown"
"AGCTTGAAGGAATGGA","SRA526435","SRS1915196","Mus musculus","10x chromium","Cortex, hippocampus and subventricular zone","AGCTTGAAGGAATGGA",1987,3951,74,0.0187294355859276,"Unknown"
"AGCTTGAAGGACACCA","SRA526435","SRS1915196","Mus musculus","10x chromium","Cortex, hippocampus and subventricular zone","AGCTTGAAGGACACCA",818,1070,30,0.0280373831775701,"Unknown"
"AGCTTGAAGGCTAGGT","SRA526435","SRS1915196","Mus musculus","10x chromium","Cortex, hippocampus and subventricular zone","AGCTTGAAGGCTAGGT",1664,2930,50,0.0170648464163823,"Unknown"
"AGCTTGAAGTAGATGT","SRA526435","SRS1915196","Mus musculus","10x chromium","Cortex, hippocampus and subventricular zone","AGCTTGAAGTAGATGT",1146,1895,56,0.0295514511873351,"Unknown"
"AGCTTGACAAGCCGTC","SRA526435","SRS1915196","Mus musculus","10x chromium","Cortex, hippocampus and subventricular zone","AGCTTGACAAGCCGTC",2160,4522,49,0.0108359133126935,"Unknown"
"AGCTTGACACAGGAGT","SRA526435","SRS1915196","Mus musculus","10x chromium","Cortex, hippocampus and subventricular zone","AGCTTGACACAGGAGT",2046,4220,46,0.0109004739336493,"Unknown"
"AGCTTGACACCTCGGA","SRA526435","SRS1915196","Mus musculus","10x chromium","Cortex, hippocampus and subventricular zone","AGCTTGACACCTCGGA",2415,5037,81,0.0160810005955926,"Unknown"
"AGCTTGACACGGTAGA","SRA526435","SRS1915196","Mus musculus","10x chromium","Cortex, hippocampus and subventricular zone","AGCTTGACACGGTAGA",3447,8240,111,0.0134708737864078,"Unknown"
"AGCTTGACAGCCAATT","SRA526435","SRS1915196","Mus musculus","10x chromium","Cortex, hippocampus and subventricular zone","AGCTTGACAGCCAATT",2539,5373,78,0.0145170295924065,"Unknown"
"AGCTTGACAGCTTAAC","SRA526435","SRS1915196","Mus musculus","10x chromium","Cortex, hippocampus and subventricular zone","AGCTTGACAGCTTAAC",1239,1931,37,0.0191610564474366,"Unknown"
"AGCTTGACAGTAACGG","SRA526435","SRS1915196","Mus musculus","10x chromium","Cortex, hippocampus and subventricular zone","AGCTTGACAGTAACGG",2553,6206,74,0.0119239445697712,"Unknown"
"AGCTTGACATGAACCT","SRA526435","SRS1915196","Mus musculus","10x chromium","Cortex, hippocampus and subventricular zone","AGCTTGACATGAACCT",1983,4237,26,0.00613641727637479,"Unknown"
"AGCTTGACATGATCCA","SRA526435","SRS1915196","Mus musculus","10x chromium","Cortex, hippocampus and subventricular zone","AGCTTGACATGATCCA",1678,2796,11,0.00393419170243205,"Unknown"
"AGCTTGACATTGCGGC","SRA526435","SRS1915196","Mus musculus","10x chromium","Cortex, hippocampus and subventricular zone","AGCTTGACATTGCGGC",2700,6291,62,0.0098553489111429,"Unknown"
"AGCTTGACATTTCACT","SRA526435","SRS1915196","Mus musculus","10x chromium","Cortex, hippocampus and subventricular zone","AGCTTGACATTTCACT",2386,5680,61,0.0107394366197183,"Unknown"
"AGCTTGAGTAAACGCG","SRA526435","SRS1915196","Mus musculus","10x chromium","Cortex, hippocampus and subventricular zone","AGCTTGAGTAAACGCG",2463,5869,67,0.0114159141250639,"Unknown"
"AGCTTGAGTAAATACG","SRA526435","SRS1915196","Mus musculus","10x chromium","Cortex, hippocampus and subventricular zone","AGCTTGAGTAAATACG",2597,5748,76,0.0132219902574809,"Unknown"
"AGCTTGAGTATAGTAG","SRA526435","SRS1915196","Mus musculus","10x chromium","Cortex, hippocampus and subventricular zone","AGCTTGAGTATAGTAG",2095,4231,32,0.00756322382415505,"Unknown"
"AGCTTGAGTCAATGTC","SRA526435","SRS1915196","Mus musculus","10x chromium","Cortex, hippocampus and subventricular zone","AGCTTGAGTCAATGTC",2992,6880,69,0.0100290697674419,"Unknown"
"AGCTTGAGTCGCCATG","SRA526435","SRS1915196","Mus musculus","10x chromium","Cortex, hippocampus and subventricular zone","AGCTTGAGTCGCCATG",2554,5924,62,0.0104659014179608,"Unknown"
"AGCTTGAGTGGACGAT","SRA526435","SRS1915196","Mus musculus","10x chromium","Cortex, hippocampus and subventricular zone","AGCTTGAGTGGACGAT",2641,6074,61,0.0100428054000659,"Unknown"
"AGCTTGATCCAAATGC","SRA526435","SRS1915196","Mus musculus","10x chromium","Cortex, hippocampus and subventricular zone","AGCTTGATCCAAATGC",1622,2805,43,0.0153297682709447,"Unknown"
"AGCTTGATCGAATCCA","SRA526435","SRS1915196","Mus musculus","10x chromium","Cortex, hippocampus and subventricular zone","AGCTTGATCGAATCCA",2807,6454,92,0.014254725751472,"Unknown"
"AGCTTGATCGTTGCCT","SRA526435","SRS1915196","Mus musculus","10x chromium","Cortex, hippocampus and subventricular zone","AGCTTGATCGTTGCCT",1833,3702,36,0.00972447325769854,"Unknown"
"AGCTTGATCTAACCGA","SRA526435","SRS1915196","Mus musculus","10x chromium","Cortex, hippocampus and subventricular zone","AGCTTGATCTAACCGA",82,1122,10,0.0089126559714795,"Erythroid-like and erythroid precursor cells"
"AGGCCACAGACCCACC","SRA526435","SRS1915196","Mus musculus","10x chromium","Cortex, hippocampus and subventricular zone","AGGCCACAGACCCACC",3578,9822,62,0.00631236000814498,"Unknown"
"AGGCCACAGGTGCTAG","SRA526435","SRS1915196","Mus musculus","10x chromium","Cortex, hippocampus and subventricular zone","AGGCCACAGGTGCTAG",2517,5532,57,0.0103036876355748,"Unknown"
"AGGCCACCAACTGCGC","SRA526435","SRS1915196","Mus musculus","10x chromium","Cortex, hippocampus and subventricular zone","AGGCCACCAACTGCGC",1664,3248,31,0.00954433497536946,"Unknown"
"AGGCCACCAGATGGCA","SRA526435","SRS1915196","Mus musculus","10x chromium","Cortex, hippocampus and subventricular zone","AGGCCACCAGATGGCA",1722,3490,66,0.0189111747851003,"Unknown"
"AGGCCACCATAAAGGT","SRA526435","SRS1915196","Mus musculus","10x chromium","Cortex, hippocampus and subventricular zone","AGGCCACCATAAAGGT",1619,2690,45,0.016728624535316,"Unknown"
"AGGCCACCATACAGCT","SRA526435","SRS1915196","Mus musculus","10x chromium","Cortex, hippocampus and subventricular zone","AGGCCACCATACAGCT",1650,2958,79,0.0267072346179851,"Unknown"
"AGGCCACCATATACCG","SRA526435","SRS1915196","Mus musculus","10x chromium","Cortex, hippocampus and subventricular zone","AGGCCACCATATACCG",943,1286,36,0.0279937791601866,"Unknown"
"AGGCCACCATGCAATC","SRA526435","SRS1915196","Mus musculus","10x chromium","Cortex, hippocampus and subventricular zone","AGGCCACCATGCAATC",2405,5673,47,0.00828485809977085,"Unknown"
"AGGCCACGTAGCTAAA","SRA526435","SRS1915196","Mus musculus","10x chromium","Cortex, hippocampus and subventricular zone","AGGCCACGTAGCTAAA",2111,4452,58,0.0130278526504942,"Unknown"
"AGGCCACGTCAGGACA","SRA526435","SRS1915196","Mus musculus","10x chromium","Cortex, hippocampus and subventricular zone","AGGCCACGTCAGGACA",969,1395,14,0.0100358422939068,"Unknown"
"AGGCCACGTCCAGTAT","SRA526435","SRS1915196","Mus musculus","10x chromium","Cortex, hippocampus and subventricular zone","AGGCCACGTCCAGTAT",2317,5271,89,0.0168848415860368,"Unknown"
"AGGCCACGTCTAGTGT","SRA526435","SRS1915196","Mus musculus","10x chromium","Cortex, hippocampus and subventricular zone","AGGCCACGTCTAGTGT",1600,2873,70,0.0243647754959972,"Unknown"
"AGGCCACGTGTCAATC","SRA526435","SRS1915196","Mus musculus","10x chromium","Cortex, hippocampus and subventricular zone","AGGCCACGTGTCAATC",2217,4677,80,0.0171049818259568,"Unknown"
"AGGCCACGTGTGCGTC","SRA526435","SRS1915196","Mus musculus","10x chromium","Cortex, hippocampus and subventricular zone","AGGCCACGTGTGCGTC",1271,2375,31,0.0130526315789474,"Unknown"
"AGGCCACGTTTAGCTG","SRA526435","SRS1915196","Mus musculus","10x chromium","Cortex, hippocampus and subventricular zone","AGGCCACGTTTAGCTG",2711,6328,128,0.0202275600505689,"Unknown"
"AGGCCACTCACCACCT","SRA526435","SRS1915196","Mus musculus","10x chromium","Cortex, hippocampus and subventricular zone","AGGCCACTCACCACCT",3435,9571,55,0.00574652596384913,"Unknown"
"AGGCCACTCGATAGAA","SRA526435","SRS1915196","Mus musculus","10x chromium","Cortex, hippocampus and subventricular zone","AGGCCACTCGATAGAA",3335,7513,52,0.0069213363503261,"Unknown"
"AGGCCACTCGCTAGCG","SRA526435","SRS1915196","Mus musculus","10x chromium","Cortex, hippocampus and subventricular zone","AGGCCACTCGCTAGCG",1327,2413,102,0.0422710319104849,"Unknown"
"AGGCCGTAGAAACGAG","SRA526435","SRS1915196","Mus musculus","10x chromium","Cortex, hippocampus and subventricular zone","AGGCCGTAGAAACGAG",2914,7311,51,0.00697578990562167,"Unknown"
"AGGCCGTCAAATTGCC","SRA526435","SRS1915196","Mus musculus","10x chromium","Cortex, hippocampus and subventricular zone","AGGCCGTCAAATTGCC",2665,6152,62,0.0100780234070221,"Unknown"
"AGGCCGTCAAGACGTG","SRA526435","SRS1915196","Mus musculus","10x chromium","Cortex, hippocampus and subventricular zone","AGGCCGTCAAGACGTG",3569,8899,57,0.00640521406899652,"Unknown"
"AGGCCGTCAAGGTTTC","SRA526435","SRS1915196","Mus musculus","10x chromium","Cortex, hippocampus and subventricular zone","AGGCCGTCAAGGTTTC",2249,4649,103,0.0221553022155302,"Unknown"
"AGGCCGTCAATGAAAC","SRA526435","SRS1915196","Mus musculus","10x chromium","Cortex, hippocampus and subventricular zone","AGGCCGTCAATGAAAC",1990,4135,54,0.0130592503022975,"Unknown"
"AGGCCGTCAGACGCTC","SRA526435","SRS1915196","Mus musculus","10x chromium","Cortex, hippocampus and subventricular zone","AGGCCGTCAGACGCTC",3375,9308,201,0.0215943274602492,"Endothelial cells"
"AGGCCGTCAGCGATCC","SRA526435","SRS1915196","Mus musculus","10x chromium","Cortex, hippocampus and subventricular zone","AGGCCGTCAGCGATCC",1665,3063,54,0.0176297747306562,"Unknown"
"AGGCCGTCATGGTTGT","SRA526435","SRS1915196","Mus musculus","10x chromium","Cortex, hippocampus and subventricular zone","AGGCCGTCATGGTTGT",2170,4460,83,0.018609865470852,"Unknown"
"AGGCCGTGTAGAAAGG","SRA526435","SRS1915196","Mus musculus","10x chromium","Cortex, hippocampus and subventricular zone","AGGCCGTGTAGAAAGG",865,1296,14,0.0108024691358025,"Unknown"
"AGGCCGTGTCACTTCC","SRA526435","SRS1915196","Mus musculus","10x chromium","Cortex, hippocampus and subventricular zone","AGGCCGTGTCACTTCC",2343,5395,116,0.021501390176089,"Unknown"
"AGGCCGTGTCCAACTA","SRA526435","SRS1915196","Mus musculus","10x chromium","Cortex, hippocampus and subventricular zone","AGGCCGTGTCCAACTA",1654,3285,24,0.00730593607305936,"Unknown"
"AGGCCGTGTGTAATGA","SRA526435","SRS1915196","Mus musculus","10x chromium","Cortex, hippocampus and subventricular zone","AGGCCGTGTGTAATGA",1858,3562,65,0.0182481751824818,"Unknown"
"AGGCCGTTCACCTTAT","SRA526435","SRS1915196","Mus musculus","10x chromium","Cortex, hippocampus and subventricular zone","AGGCCGTTCACCTTAT",2045,3882,35,0.00901597114889232,"Unknown"
"AGGCCGTTCTCCAGGG","SRA526435","SRS1915196","Mus musculus","10x chromium","Cortex, hippocampus and subventricular zone","AGGCCGTTCTCCAGGG",1611,3108,56,0.018018018018018,"Unknown"
"AGGGAGTAGCGATAGC","SRA526435","SRS1915196","Mus musculus","10x chromium","Cortex, hippocampus and subventricular zone","AGGGAGTAGCGATAGC",2435,5676,75,0.0132135306553911,"Unknown"
"AGGGAGTAGCGATATA","SRA526435","SRS1915196","Mus musculus","10x chromium","Cortex, hippocampus and subventricular zone","AGGGAGTAGCGATATA",2242,4704,36,0.0076530612244898,"Unknown"
"AGGGAGTAGCGTTGCC","SRA526435","SRS1915196","Mus musculus","10x chromium","Cortex, hippocampus and subventricular zone","AGGGAGTAGCGTTGCC",1486,2312,22,0.00951557093425606,"Unknown"
"AGGGAGTAGTGTCCCG","SRA526435","SRS1915196","Mus musculus","10x chromium","Cortex, hippocampus and subventricular zone","AGGGAGTAGTGTCCCG",2256,4638,36,0.00776196636481242,"Unknown"
"AGGGAGTAGTTAGGTA","SRA526435","SRS1915196","Mus musculus","10x chromium","Cortex, hippocampus and subventricular zone","AGGGAGTAGTTAGGTA",4003,11364,159,0.0139915522703273,"Unknown"
"AGGGAGTCAAGCTGAG","SRA526435","SRS1915196","Mus musculus","10x chromium","Cortex, hippocampus and subventricular zone","AGGGAGTCAAGCTGAG",1406,3180,7,0.00220125786163522,"Microglia"
"AGGGAGTCAATAACGA","SRA526435","SRS1915196","Mus musculus","10x chromium","Cortex, hippocampus and subventricular zone","AGGGAGTCAATAACGA",1882,3701,41,0.0110780870035126,"Unknown"
"AGGGAGTCAATAAGCA","SRA526435","SRS1915196","Mus musculus","10x chromium","Cortex, hippocampus and subventricular zone","AGGGAGTCAATAAGCA",1015,1596,16,0.0100250626566416,"Unknown"
"AGGGAGTCAGCGATCC","SRA526435","SRS1915196","Mus musculus","10x chromium","Cortex, hippocampus and subventricular zone","AGGGAGTCAGCGATCC",1627,2939,42,0.0142905750255189,"Unknown"
"AGGGAGTCAGCTGGCT","SRA526435","SRS1915196","Mus musculus","10x chromium","Cortex, hippocampus and subventricular zone","AGGGAGTCAGCTGGCT",1099,1891,36,0.0190375462718139,"Unknown"
"AGGGAGTCATCGGACC","SRA526435","SRS1915196","Mus musculus","10x chromium","Cortex, hippocampus and subventricular zone","AGGGAGTCATCGGACC",2193,4553,31,0.006808697562047,"Unknown"
"AGGGAGTGTAGCACGA","SRA526435","SRS1915196","Mus musculus","10x chromium","Cortex, hippocampus and subventricular zone","AGGGAGTGTAGCACGA",1504,2747,35,0.0127411721878413,"Unknown"
"AGGGAGTGTCAGTGGA","SRA526435","SRS1915196","Mus musculus","10x chromium","Cortex, hippocampus and subventricular zone","AGGGAGTGTCAGTGGA",2066,3912,67,0.0171267893660532,"Unknown"
"AGGGAGTGTGCTAGCC","SRA526435","SRS1915196","Mus musculus","10x chromium","Cortex, hippocampus and subventricular zone","AGGGAGTGTGCTAGCC",2417,14392,68,0.0047248471372985,"Erythroid-like and erythroid precursor cells"
"AGGGAGTGTTGAGGTG","SRA526435","SRS1915196","Mus musculus","10x chromium","Cortex, hippocampus and subventricular zone","AGGGAGTGTTGAGGTG",2363,5019,63,0.0125523012552301,"Unknown"
"AGGGAGTTCATATCGG","SRA526435","SRS1915196","Mus musculus","10x chromium","Cortex, hippocampus and subventricular zone","AGGGAGTTCATATCGG",3458,9889,112,0.0113257154413995,"Unknown"
"AGGGAGTTCCGGGTGT","SRA526435","SRS1915196","Mus musculus","10x chromium","Cortex, hippocampus and subventricular zone","AGGGAGTTCCGGGTGT",2431,5630,64,0.0113676731793961,"Unknown"
"AGGGAGTTCCGTCAAA","SRA526435","SRS1915196","Mus musculus","10x chromium","Cortex, hippocampus and subventricular zone","AGGGAGTTCCGTCAAA",1849,3471,41,0.0118121578795736,"Unknown"
"AGGGAGTTCCTCTAGC","SRA526435","SRS1915196","Mus musculus","10x chromium","Cortex, hippocampus and subventricular zone","AGGGAGTTCCTCTAGC",730,1063,127,0.119473189087488,"Unknown"
"AGGGAGTTCGCCGTGA","SRA526435","SRS1915196","Mus musculus","10x chromium","Cortex, hippocampus and subventricular zone","AGGGAGTTCGCCGTGA",1432,2651,35,0.013202565069785,"Unknown"
"AGGGATGAGACCGGAT","SRA526435","SRS1915196","Mus musculus","10x chromium","Cortex, hippocampus and subventricular zone","AGGGATGAGACCGGAT",2013,4289,90,0.0209839123338774,"Unknown"
"AGGGATGAGCAAATCA","SRA526435","SRS1915196","Mus musculus","10x chromium","Cortex, hippocampus and subventricular zone","AGGGATGAGCAAATCA",2655,5720,79,0.0138111888111888,"Unknown"
"AGGGATGAGCAGGTCA","SRA526435","SRS1915196","Mus musculus","10x chromium","Cortex, hippocampus and subventricular zone","AGGGATGAGCAGGTCA",2214,4481,39,0.0087034144164249,"Unknown"
"AGGGATGAGGCGCTCT","SRA526435","SRS1915196","Mus musculus","10x chromium","Cortex, hippocampus and subventricular zone","AGGGATGAGGCGCTCT",841,1235,39,0.0315789473684211,"Unknown"
"AGGGATGCAAGCTGTT","SRA526435","SRS1915196","Mus musculus","10x chromium","Cortex, hippocampus and subventricular zone","AGGGATGCAAGCTGTT",2665,5727,48,0.00838135149292824,"Unknown"
"AGGGATGCAATGTAAG","SRA526435","SRS1915196","Mus musculus","10x chromium","Cortex, hippocampus and subventricular zone","AGGGATGCAATGTAAG",837,1589,57,0.0358716173694147,"Unknown"
"AGGGATGCATAAAGGT","SRA526435","SRS1915196","Mus musculus","10x chromium","Cortex, hippocampus and subventricular zone","AGGGATGCATAAAGGT",2311,5211,92,0.017654960660142,"Oligodendrocyte progenitor cells"
"AGGGATGCATCACGAT","SRA526435","SRS1915196","Mus musculus","10x chromium","Cortex, hippocampus and subventricular zone","AGGGATGCATCACGAT",2530,5529,72,0.0130222463374932,"Unknown"
"AGGGATGCATGACATC","SRA526435","SRS1915196","Mus musculus","10x chromium","Cortex, hippocampus and subventricular zone","AGGGATGCATGACATC",3302,8825,128,0.0145042492917847,"Unknown"
"AGGGATGGTAGTAGTA","SRA526435","SRS1915196","Mus musculus","10x chromium","Cortex, hippocampus and subventricular zone","AGGGATGGTAGTAGTA",2554,6080,56,0.00921052631578947,"Unknown"
"AGGGATGGTCCGAATT","SRA526435","SRS1915196","Mus musculus","10x chromium","Cortex, hippocampus and subventricular zone","AGGGATGGTCCGAATT",2170,4785,81,0.0169278996865204,"Unknown"
"AGGGATGGTGCGGTAA","SRA526435","SRS1915196","Mus musculus","10x chromium","Cortex, hippocampus and subventricular zone","AGGGATGGTGCGGTAA",2332,4887,71,0.0145283404951913,"Unknown"
"AGGGATGGTGCTCTTC","SRA526435","SRS1915196","Mus musculus","10x chromium","Cortex, hippocampus and subventricular zone","AGGGATGGTGCTCTTC",2663,6507,73,0.0112186875672353,"Unknown"
"AGGGATGGTGGTTTCA","SRA526435","SRS1915196","Mus musculus","10x chromium","Cortex, hippocampus and subventricular zone","AGGGATGGTGGTTTCA",2418,5323,59,0.0110839752019538,"Unknown"
"AGGGATGGTTTAGGAA","SRA526435","SRS1915196","Mus musculus","10x chromium","Cortex, hippocampus and subventricular zone","AGGGATGGTTTAGGAA",2835,6995,85,0.0121515368120086,"Unknown"
"AGGGATGTCCCTAATT","SRA526435","SRS1915196","Mus musculus","10x chromium","Cortex, hippocampus and subventricular zone","AGGGATGTCCCTAATT",2261,4833,59,0.0122077384647217,"Unknown"
"AGGGATGTCGCATGGC","SRA526435","SRS1915196","Mus musculus","10x chromium","Cortex, hippocampus and subventricular zone","AGGGATGTCGCATGGC",3035,7809,105,0.0134460238186708,"Unknown"
"AGGGATGTCTGGCGAC","SRA526435","SRS1915196","Mus musculus","10x chromium","Cortex, hippocampus and subventricular zone","AGGGATGTCTGGCGAC",1713,3315,49,0.0147812971342383,"Unknown"
"AGGGATGTCTTTAGTC","SRA526435","SRS1915196","Mus musculus","10x chromium","Cortex, hippocampus and subventricular zone","AGGGATGTCTTTAGTC",2072,4167,73,0.017518598512119,"Unknown"
"AGGGTGAAGACTTTCG","SRA526435","SRS1915196","Mus musculus","10x chromium","Cortex, hippocampus and subventricular zone","AGGGTGAAGACTTTCG",2575,5995,103,0.0171809841534612,"Unknown"
"AGGGTGAAGAGACTTA","SRA526435","SRS1915196","Mus musculus","10x chromium","Cortex, hippocampus and subventricular zone","AGGGTGAAGAGACTTA",2629,6301,78,0.0123789874623076,"Unknown"
"AGGGTGAAGATCCGAG","SRA526435","SRS1915196","Mus musculus","10x chromium","Cortex, hippocampus and subventricular zone","AGGGTGAAGATCCGAG",1457,2617,61,0.0233091325945739,"Unknown"
"AGGGTGAAGCACAGGT","SRA526435","SRS1915196","Mus musculus","10x chromium","Cortex, hippocampus and subventricular zone","AGGGTGAAGCACAGGT",1858,3708,46,0.0124056094929881,"Unknown"
"AGGGTGAAGCCATCGC","SRA526435","SRS1915196","Mus musculus","10x chromium","Cortex, hippocampus and subventricular zone","AGGGTGAAGCCATCGC",1998,3660,47,0.0128415300546448,"Unknown"
"AGGGTGAAGGTTCCTA","SRA526435","SRS1915196","Mus musculus","10x chromium","Cortex, hippocampus and subventricular zone","AGGGTGAAGGTTCCTA",1664,2974,25,0.00840618695359785,"Unknown"
"AGGGTGAAGTACGATA","SRA526435","SRS1915196","Mus musculus","10x chromium","Cortex, hippocampus and subventricular zone","AGGGTGAAGTACGATA",2277,4764,20,0.00419815281276238,"Unknown"
"AGGGTGAAGTCGTTTG","SRA526435","SRS1915196","Mus musculus","10x chromium","Cortex, hippocampus and subventricular zone","AGGGTGAAGTCGTTTG",2800,6929,117,0.0168855534709193,"Unknown"
"AGGGTGACAACAACCT","SRA526435","SRS1915196","Mus musculus","10x chromium","Cortex, hippocampus and subventricular zone","AGGGTGACAACAACCT",915,1304,59,0.0452453987730061,"Unknown"
"AGGGTGACAACCGCCA","SRA526435","SRS1915196","Mus musculus","10x chromium","Cortex, hippocampus and subventricular zone","AGGGTGACAACCGCCA",2390,4882,67,0.0137238836542401,"Unknown"
"AGGGTGACAGCAGTTT","SRA526435","SRS1915196","Mus musculus","10x chromium","Cortex, hippocampus and subventricular zone","AGGGTGACAGCAGTTT",2600,6155,93,0.0151096669374492,"Unknown"
"AGGGTGACAGCCTTTC","SRA526435","SRS1915196","Mus musculus","10x chromium","Cortex, hippocampus and subventricular zone","AGGGTGACAGCCTTTC",1693,2938,43,0.0146358066712049,"Unknown"
"AGGGTGACAGGCAGTA","SRA526435","SRS1915196","Mus musculus","10x chromium","Cortex, hippocampus and subventricular zone","AGGGTGACAGGCAGTA",1144,2006,116,0.0578265204386839,"Unknown"
"AGGGTGACATGCCTAA","SRA526435","SRS1915196","Mus musculus","10x chromium","Cortex, hippocampus and subventricular zone","AGGGTGACATGCCTAA",1831,3484,50,0.0143513203214696,"Unknown"
"AGGGTGAGTCAAACTC","SRA526435","SRS1915196","Mus musculus","10x chromium","Cortex, hippocampus and subventricular zone","AGGGTGAGTCAAACTC",765,1123,28,0.02493321460374,"Unknown"
"AGGGTGAGTCACAAGG","SRA526435","SRS1915196","Mus musculus","10x chromium","Cortex, hippocampus and subventricular zone","AGGGTGAGTCACAAGG",2266,4647,72,0.0154938670109748,"Unknown"
"AGGGTGAGTCGCTTCT","SRA526435","SRS1915196","Mus musculus","10x chromium","Cortex, hippocampus and subventricular zone","AGGGTGAGTCGCTTCT",3207,7603,101,0.0132842299092463,"Cajal-Retzius cells"
"AGGGTGAGTGATGTGG","SRA526435","SRS1915196","Mus musculus","10x chromium","Cortex, hippocampus and subventricular zone","AGGGTGAGTGATGTGG",2027,4038,65,0.016097077761268,"Unknown"
"AGGGTGAGTGTTTGGT","SRA526435","SRS1915196","Mus musculus","10x chromium","Cortex, hippocampus and subventricular zone","AGGGTGAGTGTTTGGT",1411,2624,41,0.015625,"Unknown"
"AGGGTGATCAGAAATG","SRA526435","SRS1915196","Mus musculus","10x chromium","Cortex, hippocampus and subventricular zone","AGGGTGATCAGAAATG",3770,11173,129,0.0115456905038933,"Unknown"
"AGGGTGATCAGTGTTG","SRA526435","SRS1915196","Mus musculus","10x chromium","Cortex, hippocampus and subventricular zone","AGGGTGATCAGTGTTG",2115,4409,58,0.0131549104105239,"Unknown"
"AGGGTGATCCAGTAGT","SRA526435","SRS1915196","Mus musculus","10x chromium","Cortex, hippocampus and subventricular zone","AGGGTGATCCAGTAGT",1566,2719,36,0.0132401618242001,"Unknown"
"AGGGTGATCCGAAGAG","SRA526435","SRS1915196","Mus musculus","10x chromium","Cortex, hippocampus and subventricular zone","AGGGTGATCCGAAGAG",1937,3677,32,0.00870274680446016,"Unknown"
"AGGGTGATCCGCTGTT","SRA526435","SRS1915196","Mus musculus","10x chromium","Cortex, hippocampus and subventricular zone","AGGGTGATCCGCTGTT",1310,1968,53,0.0269308943089431,"Unknown"
"AGGGTGATCTCAAACG","SRA526435","SRS1915196","Mus musculus","10x chromium","Cortex, hippocampus and subventricular zone","AGGGTGATCTCAAACG",1339,2456,62,0.0252442996742671,"Unknown"
"AGGGTGATCTCGCTTG","SRA526435","SRS1915196","Mus musculus","10x chromium","Cortex, hippocampus and subventricular zone","AGGGTGATCTCGCTTG",2502,5497,66,0.0120065490267419,"Unknown"
"AGGTCATAGAAGAAGC","SRA526435","SRS1915196","Mus musculus","10x chromium","Cortex, hippocampus and subventricular zone","AGGTCATAGAAGAAGC",2408,5062,59,0.0116554721453971,"Unknown"
"AGGTCATAGCAAATCA","SRA526435","SRS1915196","Mus musculus","10x chromium","Cortex, hippocampus and subventricular zone","AGGTCATAGCAAATCA",2050,4102,66,0.0160897123354461,"Unknown"
"AGGTCATCAAGTCTAC","SRA526435","SRS1915196","Mus musculus","10x chromium","Cortex, hippocampus and subventricular zone","AGGTCATCAAGTCTAC",3702,10200,95,0.00931372549019608,"Unknown"
"AGGTCATCATAGACTC","SRA526435","SRS1915196","Mus musculus","10x chromium","Cortex, hippocampus and subventricular zone","AGGTCATCATAGACTC",2636,5348,58,0.0108451757666417,"Unknown"
"AGGTCATCATCCGCGA","SRA526435","SRS1915196","Mus musculus","10x chromium","Cortex, hippocampus and subventricular zone","AGGTCATCATCCGCGA",959,1425,60,0.0421052631578947,"Unknown"
"AGGTCATCATTCTTAC","SRA526435","SRS1915196","Mus musculus","10x chromium","Cortex, hippocampus and subventricular zone","AGGTCATCATTCTTAC",950,1470,53,0.0360544217687075,"Unknown"
"AGGTCATGTACAGACG","SRA526435","SRS1915196","Mus musculus","10x chromium","Cortex, hippocampus and subventricular zone","AGGTCATGTACAGACG",1153,2179,48,0.0220284534189995,"Unknown"
"AGGTCATGTGTGGCTC","SRA526435","SRS1915196","Mus musculus","10x chromium","Cortex, hippocampus and subventricular zone","AGGTCATGTGTGGCTC",3622,9354,122,0.0130425486422921,"Unknown"
"AGGTCATGTTGGTTTG","SRA526435","SRS1915196","Mus musculus","10x chromium","Cortex, hippocampus and subventricular zone","AGGTCATGTTGGTTTG",1720,3258,39,0.0119705340699816,"Unknown"
"AGGTCATTCCGAATGT","SRA526435","SRS1915196","Mus musculus","10x chromium","Cortex, hippocampus and subventricular zone","AGGTCATTCCGAATGT",1691,3181,31,0.00974536309336687,"Unknown"
"AGGTCATTCCGCGGTA","SRA526435","SRS1915196","Mus musculus","10x chromium","Cortex, hippocampus and subventricular zone","AGGTCATTCCGCGGTA",2970,6776,103,0.0152007083825266,"Unknown"
"AGGTCATTCGAGCCCA","SRA526435","SRS1915196","Mus musculus","10x chromium","Cortex, hippocampus and subventricular zone","AGGTCATTCGAGCCCA",1441,2793,37,0.0132474042248478,"Unknown"
"AGGTCATTCTACTATC","SRA526435","SRS1915196","Mus musculus","10x chromium","Cortex, hippocampus and subventricular zone","AGGTCATTCTACTATC",2259,5006,79,0.0157810627247303,"Unknown"
"AGGTCATTCTGTCCGT","SRA526435","SRS1915196","Mus musculus","10x chromium","Cortex, hippocampus and subventricular zone","AGGTCATTCTGTCCGT",3266,8153,98,0.0120201152949834,"Unknown"
"AGGTCATTCTTGGGTA","SRA526435","SRS1915196","Mus musculus","10x chromium","Cortex, hippocampus and subventricular zone","AGGTCATTCTTGGGTA",1463,2347,20,0.00852151682999574,"Unknown"
"AGGTCCGAGCGTCTAT","SRA526435","SRS1915196","Mus musculus","10x chromium","Cortex, hippocampus and subventricular zone","AGGTCCGAGCGTCTAT",3471,8774,59,0.00672441303852291,"Unknown"
"AGGTCCGAGCGTGAAC","SRA526435","SRS1915196","Mus musculus","10x chromium","Cortex, hippocampus and subventricular zone","AGGTCCGAGCGTGAAC",1323,2039,24,0.0117704757233938,"Unknown"
"AGGTCCGAGTGAAGTT","SRA526435","SRS1915196","Mus musculus","10x chromium","Cortex, hippocampus and subventricular zone","AGGTCCGAGTGAAGTT",2064,3829,123,0.0321232697832332,"Unknown"
"AGGTCCGAGTGTTGAA","SRA526435","SRS1915196","Mus musculus","10x chromium","Cortex, hippocampus and subventricular zone","AGGTCCGAGTGTTGAA",2667,6138,84,0.0136852394916911,"Unknown"
"AGGTCCGCAATACGCT","SRA526435","SRS1915196","Mus musculus","10x chromium","Cortex, hippocampus and subventricular zone","AGGTCCGCAATACGCT",1383,2103,10,0.00475511174512601,"Unknown"
"AGGTCCGCAATCCAAC","SRA526435","SRS1915196","Mus musculus","10x chromium","Cortex, hippocampus and subventricular zone","AGGTCCGCAATCCAAC",1098,1588,56,0.035264483627204,"Unknown"
"AGGTCCGCAGACTCGC","SRA526435","SRS1915196","Mus musculus","10x chromium","Cortex, hippocampus and subventricular zone","AGGTCCGCAGACTCGC",2903,7079,96,0.0135612374629185,"Unknown"
"AGGTCCGCATCCAACA","SRA526435","SRS1915196","Mus musculus","10x chromium","Cortex, hippocampus and subventricular zone","AGGTCCGCATCCAACA",2452,5402,54,0.00999629766753054,"Unknown"
"AGGTCCGGTACTCTCC","SRA526435","SRS1915196","Mus musculus","10x chromium","Cortex, hippocampus and subventricular zone","AGGTCCGGTACTCTCC",2950,8754,120,0.0137080191912269,"Unknown"
"AGGTCCGGTATTCTCT","SRA526435","SRS1915196","Mus musculus","10x chromium","Cortex, hippocampus and subventricular zone","AGGTCCGGTATTCTCT",1430,2511,33,0.013142174432497,"Unknown"
"AGGTCCGGTCCGTGAC","SRA526435","SRS1915196","Mus musculus","10x chromium","Cortex, hippocampus and subventricular zone","AGGTCCGGTCCGTGAC",2197,4537,112,0.0246859158033943,"Pericytes"
"AGGTCCGGTCTCTTAT","SRA526435","SRS1915196","Mus musculus","10x chromium","Cortex, hippocampus and subventricular zone","AGGTCCGGTCTCTTAT",1943,3822,58,0.0151753008895866,"Unknown"
"AGGTCCGGTGACTCAT","SRA526435","SRS1915196","Mus musculus","10x chromium","Cortex, hippocampus and subventricular zone","AGGTCCGGTGACTCAT",1971,4124,26,0.00630455868089234,"Unknown"
"AGGTCCGTCAGGCAAG","SRA526435","SRS1915196","Mus musculus","10x chromium","Cortex, hippocampus and subventricular zone","AGGTCCGTCAGGCAAG",1262,1956,18,0.00920245398773006,"Unknown"
"AGGTCCGTCCTCAATT","SRA526435","SRS1915196","Mus musculus","10x chromium","Cortex, hippocampus and subventricular zone","AGGTCCGTCCTCAATT",1335,2447,31,0.0126685737637924,"Unknown"
"AGGTCCGTCGGTCTAA","SRA526435","SRS1915196","Mus musculus","10x chromium","Cortex, hippocampus and subventricular zone","AGGTCCGTCGGTCTAA",1721,3210,51,0.0158878504672897,"Unknown"
"AGGTCCGTCGGTTCGG","SRA526435","SRS1915196","Mus musculus","10x chromium","Cortex, hippocampus and subventricular zone","AGGTCCGTCGGTTCGG",830,1275,38,0.0298039215686275,"Unknown"
"AGGTCCGTCTCTGAGA","SRA526435","SRS1915196","Mus musculus","10x chromium","Cortex, hippocampus and subventricular zone","AGGTCCGTCTCTGAGA",1247,2092,30,0.01434034416826,"Unknown"
"AGTAGTCAGACAAGCC","SRA526435","SRS1915196","Mus musculus","10x chromium","Cortex, hippocampus and subventricular zone","AGTAGTCAGACAAGCC",109,3712,2,0.000538793103448276,"Erythroid-like and erythroid precursor cells"
"AGTAGTCAGACACTAA","SRA526435","SRS1915196","Mus musculus","10x chromium","Cortex, hippocampus and subventricular zone","AGTAGTCAGACACTAA",1004,1705,61,0.0357771260997067,"Unknown"
"AGTAGTCAGATCCTGT","SRA526435","SRS1915196","Mus musculus","10x chromium","Cortex, hippocampus and subventricular zone","AGTAGTCAGATCCTGT",2316,4843,69,0.0142473673342969,"Unknown"
"AGTAGTCAGCCACCTG","SRA526435","SRS1915196","Mus musculus","10x chromium","Cortex, hippocampus and subventricular zone","AGTAGTCAGCCACCTG",1918,3387,35,0.0103336285798642,"Unknown"
"AGTAGTCAGCTCTCGG","SRA526435","SRS1915196","Mus musculus","10x chromium","Cortex, hippocampus and subventricular zone","AGTAGTCAGCTCTCGG",2609,5868,160,0.027266530334015,"Unknown"
"AGTAGTCAGCTGCCCA","SRA526435","SRS1915196","Mus musculus","10x chromium","Cortex, hippocampus and subventricular zone","AGTAGTCAGCTGCCCA",1470,2851,48,0.0168361978253244,"Unknown"
"AGTAGTCAGTAATCCC","SRA526435","SRS1915196","Mus musculus","10x chromium","Cortex, hippocampus and subventricular zone","AGTAGTCAGTAATCCC",2109,4715,54,0.0114528101802757,"Unknown"
"AGTAGTCAGTATTGGA","SRA526435","SRS1915196","Mus musculus","10x chromium","Cortex, hippocampus and subventricular zone","AGTAGTCAGTATTGGA",921,1459,48,0.0328992460589445,"Unknown"
"AGTAGTCCAAACCTAC","SRA526435","SRS1915196","Mus musculus","10x chromium","Cortex, hippocampus and subventricular zone","AGTAGTCCAAACCTAC",2479,5049,96,0.0190136660724896,"Unknown"
"AGTAGTCCAATCCAAC","SRA526435","SRS1915196","Mus musculus","10x chromium","Cortex, hippocampus and subventricular zone","AGTAGTCCAATCCAAC",1747,3566,47,0.0131800336511497,"Unknown"
"AGTAGTCCAATGCCAT","SRA526435","SRS1915196","Mus musculus","10x chromium","Cortex, hippocampus and subventricular zone","AGTAGTCCAATGCCAT",3250,8778,163,0.0185691501480975,"Unknown"
"AGTAGTCCAATGGATA","SRA526435","SRS1915196","Mus musculus","10x chromium","Cortex, hippocampus and subventricular zone","AGTAGTCCAATGGATA",1892,3768,57,0.0151273885350318,"Unknown"
"AGTAGTCCACATTAGC","SRA526435","SRS1915196","Mus musculus","10x chromium","Cortex, hippocampus and subventricular zone","AGTAGTCCACATTAGC",2016,4186,24,0.00573339703774486,"Unknown"
"AGTAGTCCACGGATAG","SRA526435","SRS1915196","Mus musculus","10x chromium","Cortex, hippocampus and subventricular zone","AGTAGTCCACGGATAG",1464,2828,85,0.0300565770862801,"Unknown"
"AGTAGTCCACTTAACG","SRA526435","SRS1915196","Mus musculus","10x chromium","Cortex, hippocampus and subventricular zone","AGTAGTCCACTTAACG",2485,5580,49,0.00878136200716846,"Unknown"
"AGTAGTCCACTTCTGC","SRA526435","SRS1915196","Mus musculus","10x chromium","Cortex, hippocampus and subventricular zone","AGTAGTCCACTTCTGC",2053,4407,31,0.00703426367143181,"Unknown"
"AGTAGTCCAGCTATTG","SRA526435","SRS1915196","Mus musculus","10x chromium","Cortex, hippocampus and subventricular zone","AGTAGTCCAGCTATTG",1786,3408,53,0.0155516431924883,"Unknown"
"AGTAGTCCAGGATTGG","SRA526435","SRS1915196","Mus musculus","10x chromium","Cortex, hippocampus and subventricular zone","AGTAGTCCAGGATTGG",2238,4730,38,0.0080338266384778,"Unknown"
"AGTAGTCCATCCCACT","SRA526435","SRS1915196","Mus musculus","10x chromium","Cortex, hippocampus and subventricular zone","AGTAGTCCATCCCACT",2434,5361,85,0.0158552508860287,"Unknown"
"AGTAGTCGTAGAGGAA","SRA526435","SRS1915196","Mus musculus","10x chromium","Cortex, hippocampus and subventricular zone","AGTAGTCGTAGAGGAA",1101,1503,41,0.0272787757817698,"Pericytes"
"AGTAGTCGTATGAATG","SRA526435","SRS1915196","Mus musculus","10x chromium","Cortex, hippocampus and subventricular zone","AGTAGTCGTATGAATG",2586,5798,48,0.00827871679889617,"Unknown"
"AGTAGTCGTCAACATC","SRA526435","SRS1915196","Mus musculus","10x chromium","Cortex, hippocampus and subventricular zone","AGTAGTCGTCAACATC",970,1902,27,0.0141955835962145,"Unknown"
"AGTAGTCGTCACAAGG","SRA526435","SRS1915196","Mus musculus","10x chromium","Cortex, hippocampus and subventricular zone","AGTAGTCGTCACAAGG",2561,6015,78,0.0129675810473815,"Unknown"
"AGTAGTCGTCTAGAGG","SRA526435","SRS1915196","Mus musculus","10x chromium","Cortex, hippocampus and subventricular zone","AGTAGTCGTCTAGAGG",2911,7275,94,0.0129209621993127,"Unknown"
"AGTAGTCGTTGTACAC","SRA526435","SRS1915196","Mus musculus","10x chromium","Cortex, hippocampus and subventricular zone","AGTAGTCGTTGTACAC",1970,3656,43,0.0117614879649891,"Unknown"
"AGTAGTCTCCCTTGTG","SRA526435","SRS1915196","Mus musculus","10x chromium","Cortex, hippocampus and subventricular zone","AGTAGTCTCCCTTGTG",1484,3022,35,0.0115817339510258,"Unknown"
"AGTAGTCTCCTCTAGC","SRA526435","SRS1915196","Mus musculus","10x chromium","Cortex, hippocampus and subventricular zone","AGTAGTCTCCTCTAGC",2692,6063,87,0.0143493320138545,"Endothelial cells"
"AGTAGTCTCGCCCTTA","SRA526435","SRS1915196","Mus musculus","10x chromium","Cortex, hippocampus and subventricular zone","AGTAGTCTCGCCCTTA",3129,8163,98,0.0120053901751807,"Unknown"
"AGTAGTCTCGTGTAGT","SRA526435","SRS1915196","Mus musculus","10x chromium","Cortex, hippocampus and subventricular zone","AGTAGTCTCGTGTAGT",1036,1603,11,0.00686213349968808,"Unknown"
"AGTAGTCTCTGAAAGA","SRA526435","SRS1915196","Mus musculus","10x chromium","Cortex, hippocampus and subventricular zone","AGTAGTCTCTGAAAGA",3132,8656,109,0.0125924214417745,"Unknown"
"AGTAGTCTCTGTCTCG","SRA526435","SRS1915196","Mus musculus","10x chromium","Cortex, hippocampus and subventricular zone","AGTAGTCTCTGTCTCG",818,1128,86,0.076241134751773,"Unknown"
"AGTAGTCTCTTGCCGT","SRA526435","SRS1915196","Mus musculus","10x chromium","Cortex, hippocampus and subventricular zone","AGTAGTCTCTTGCCGT",1994,3985,40,0.0100376411543287,"Unknown"
"AGTCTTTAGCCTTGAT","SRA526435","SRS1915196","Mus musculus","10x chromium","Cortex, hippocampus and subventricular zone","AGTCTTTAGCCTTGAT",1791,3257,33,0.0101320233343568,"Unknown"
"AGTCTTTCAACCGCCA","SRA526435","SRS1915196","Mus musculus","10x chromium","Cortex, hippocampus and subventricular zone","AGTCTTTCAACCGCCA",1603,2631,27,0.0102622576966933,"Unknown"
"AGTCTTTCACAACTGT","SRA526435","SRS1915196","Mus musculus","10x chromium","Cortex, hippocampus and subventricular zone","AGTCTTTCACAACTGT",2928,7332,65,0.00886524822695036,"Unknown"
"AGTCTTTCACCGATAT","SRA526435","SRS1915196","Mus musculus","10x chromium","Cortex, hippocampus and subventricular zone","AGTCTTTCACCGATAT",1382,2521,34,0.0134867116223721,"Unknown"
"AGTCTTTCAGTCGATT","SRA526435","SRS1915196","Mus musculus","10x chromium","Cortex, hippocampus and subventricular zone","AGTCTTTCAGTCGATT",3216,8588,109,0.0126921285514672,"Unknown"
"AGTCTTTCATAGGATA","SRA526435","SRS1915196","Mus musculus","10x chromium","Cortex, hippocampus and subventricular zone","AGTCTTTCATAGGATA",3247,8317,89,0.0107009739088614,"Unknown"
"AGTCTTTGTACAGCAG","SRA526435","SRS1915196","Mus musculus","10x chromium","Cortex, hippocampus and subventricular zone","AGTCTTTGTACAGCAG",2501,5658,68,0.0120183810533758,"Unknown"
"AGTCTTTGTACCGTTA","SRA526435","SRS1915196","Mus musculus","10x chromium","Cortex, hippocampus and subventricular zone","AGTCTTTGTACCGTTA",2373,5802,64,0.0110306790761806,"Unknown"
"AGTCTTTGTATAGGTA","SRA526435","SRS1915196","Mus musculus","10x chromium","Cortex, hippocampus and subventricular zone","AGTCTTTGTATAGGTA",658,1001,120,0.11988011988012,"Unknown"
"AGTCTTTGTCGCTTCT","SRA526435","SRS1915196","Mus musculus","10x chromium","Cortex, hippocampus and subventricular zone","AGTCTTTGTCGCTTCT",4191,15524,184,0.0118526153053337,"Endothelial cells"
"AGTCTTTGTCTCCATC","SRA526435","SRS1915196","Mus musculus","10x chromium","Cortex, hippocampus and subventricular zone","AGTCTTTGTCTCCATC",2301,4901,41,0.00836563966537441,"Unknown"
"AGTCTTTGTCTGGTCG","SRA526435","SRS1915196","Mus musculus","10x chromium","Cortex, hippocampus and subventricular zone","AGTCTTTGTCTGGTCG",2003,3824,42,0.0109832635983264,"Unknown"
"AGTCTTTGTGATAAGT","SRA526435","SRS1915196","Mus musculus","10x chromium","Cortex, hippocampus and subventricular zone","AGTCTTTGTGATAAGT",2051,3998,55,0.0137568784392196,"Unknown"
"AGTCTTTGTGATGATA","SRA526435","SRS1915196","Mus musculus","10x chromium","Cortex, hippocampus and subventricular zone","AGTCTTTGTGATGATA",1424,2561,50,0.0195236235845373,"Unknown"
"AGTCTTTGTGCACTTA","SRA526435","SRS1915196","Mus musculus","10x chromium","Cortex, hippocampus and subventricular zone","AGTCTTTGTGCACTTA",3737,10492,81,0.00772016774685475,"Unknown"
"AGTCTTTGTTGTCTTT","SRA526435","SRS1915196","Mus musculus","10x chromium","Cortex, hippocampus and subventricular zone","AGTCTTTGTTGTCTTT",90,2961,0,0,"Erythroid-like and erythroid precursor cells"
"AGTCTTTTCCTTTCGG","SRA526435","SRS1915196","Mus musculus","10x chromium","Cortex, hippocampus and subventricular zone","AGTCTTTTCCTTTCGG",2374,4797,84,0.0175109443402126,"Unknown"
"AGTGAGGAGATGCCAG","SRA526435","SRS1915196","Mus musculus","10x chromium","Cortex, hippocampus and subventricular zone","AGTGAGGAGATGCCAG",2545,5628,66,0.011727078891258,"Unknown"
"AGTGAGGAGGAGTTGC","SRA526435","SRS1915196","Mus musculus","10x chromium","Cortex, hippocampus and subventricular zone","AGTGAGGAGGAGTTGC",3470,9234,141,0.0152696556205328,"Unknown"
"AGTGAGGAGGCATGGT","SRA526435","SRS1915196","Mus musculus","10x chromium","Cortex, hippocampus and subventricular zone","AGTGAGGAGGCATGGT",1634,3011,56,0.0185984722683494,"Unknown"
"AGTGAGGCAAGTAGTA","SRA526435","SRS1915196","Mus musculus","10x chromium","Cortex, hippocampus and subventricular zone","AGTGAGGCAAGTAGTA",2399,5156,44,0.00853374709076804,"Unknown"
"AGTGAGGCAATCAGAA","SRA526435","SRS1915196","Mus musculus","10x chromium","Cortex, hippocampus and subventricular zone","AGTGAGGCAATCAGAA",900,1357,43,0.0316875460574797,"Unknown"
"AGTGAGGGTAAATGTG","SRA526435","SRS1915196","Mus musculus","10x chromium","Cortex, hippocampus and subventricular zone","AGTGAGGGTAAATGTG",1093,1646,39,0.0236938031591738,"Unknown"
"AGTGAGGGTACCGCTG","SRA526435","SRS1915196","Mus musculus","10x chromium","Cortex, hippocampus and subventricular zone","AGTGAGGGTACCGCTG",2307,4627,55,0.0118867516749514,"Unknown"
"AGTGAGGGTCATGCAT","SRA526435","SRS1915196","Mus musculus","10x chromium","Cortex, hippocampus and subventricular zone","AGTGAGGGTCATGCAT",3696,9481,83,0.00875435080687691,"Unknown"
"AGTGAGGGTGAGCGAT","SRA526435","SRS1915196","Mus musculus","10x chromium","Cortex, hippocampus and subventricular zone","AGTGAGGGTGAGCGAT",1579,2957,41,0.0138654041258032,"Unknown"
"AGTGAGGGTGCCTTGG","SRA526435","SRS1915196","Mus musculus","10x chromium","Cortex, hippocampus and subventricular zone","AGTGAGGGTGCCTTGG",2149,4492,71,0.0158058771148709,"Unknown"
"AGTGAGGTCAGCTTAG","SRA526435","SRS1915196","Mus musculus","10x chromium","Cortex, hippocampus and subventricular zone","AGTGAGGTCAGCTTAG",2505,5876,89,0.015146358066712,"Unknown"
"AGTGAGGTCCAGTATG","SRA526435","SRS1915196","Mus musculus","10x chromium","Cortex, hippocampus and subventricular zone","AGTGAGGTCCAGTATG",1955,4006,69,0.0172241637543684,"Unknown"
"AGTGAGGTCCTTGACC","SRA526435","SRS1915196","Mus musculus","10x chromium","Cortex, hippocampus and subventricular zone","AGTGAGGTCCTTGACC",3031,7377,70,0.00948895214856988,"Unknown"
"AGTGAGGTCGGGAGTA","SRA526435","SRS1915196","Mus musculus","10x chromium","Cortex, hippocampus and subventricular zone","AGTGAGGTCGGGAGTA",958,1367,7,0.00512070226773958,"Unknown"
"AGTGAGGTCGTCCGTT","SRA526435","SRS1915196","Mus musculus","10x chromium","Cortex, hippocampus and subventricular zone","AGTGAGGTCGTCCGTT",1092,1621,73,0.0450339296730413,"Unknown"
"AGTGAGGTCTGACCTC","SRA526435","SRS1915196","Mus musculus","10x chromium","Cortex, hippocampus and subventricular zone","AGTGAGGTCTGACCTC",1533,2692,35,0.013001485884101,"Unknown"
"AGTGAGGTCTGGTGTA","SRA526435","SRS1915196","Mus musculus","10x chromium","Cortex, hippocampus and subventricular zone","AGTGAGGTCTGGTGTA",1651,2865,28,0.00977312390924956,"Unknown"
"AGTGGGAAGAAGGCCT","SRA526435","SRS1915196","Mus musculus","10x chromium","Cortex, hippocampus and subventricular zone","AGTGGGAAGAAGGCCT",2399,4951,115,0.0232276307816603,"Unknown"
"AGTGGGAAGACCTTTG","SRA526435","SRS1915196","Mus musculus","10x chromium","Cortex, hippocampus and subventricular zone","AGTGGGAAGACCTTTG",2837,6184,48,0.00776196636481242,"Unknown"
"AGTGGGAAGATGTCGG","SRA526435","SRS1915196","Mus musculus","10x chromium","Cortex, hippocampus and subventricular zone","AGTGGGAAGATGTCGG",1547,2995,87,0.0290484140233723,"Unknown"
"AGTGGGAAGCTGAACG","SRA526435","SRS1915196","Mus musculus","10x chromium","Cortex, hippocampus and subventricular zone","AGTGGGAAGCTGAACG",2561,5673,68,0.0119866032081791,"Unknown"
"AGTGGGAAGGGAACGG","SRA526435","SRS1915196","Mus musculus","10x chromium","Cortex, hippocampus and subventricular zone","AGTGGGAAGGGAACGG",3398,9014,134,0.0148657643665409,"Unknown"
"AGTGGGAAGTCTTGCA","SRA526435","SRS1915196","Mus musculus","10x chromium","Cortex, hippocampus and subventricular zone","AGTGGGAAGTCTTGCA",819,1154,81,0.0701906412478336,"Unknown"
"AGTGGGACAAAGGAAG","SRA526435","SRS1915196","Mus musculus","10x chromium","Cortex, hippocampus and subventricular zone","AGTGGGACAAAGGAAG",1556,2921,51,0.0174597740499829,"Unknown"
"AGTGGGACAAGGACAC","SRA526435","SRS1915196","Mus musculus","10x chromium","Cortex, hippocampus and subventricular zone","AGTGGGACAAGGACAC",1454,2540,32,0.0125984251968504,"Unknown"
"AGTGGGACAAGGTGTG","SRA526435","SRS1915196","Mus musculus","10x chromium","Cortex, hippocampus and subventricular zone","AGTGGGACAAGGTGTG",2790,6078,69,0.0113524185587364,"Unknown"
"AGTGGGACACATCCAA","SRA526435","SRS1915196","Mus musculus","10x chromium","Cortex, hippocampus and subventricular zone","AGTGGGACACATCCAA",2408,4997,72,0.0144086451871123,"Unknown"
"AGTGGGACACCTCGGA","SRA526435","SRS1915196","Mus musculus","10x chromium","Cortex, hippocampus and subventricular zone","AGTGGGACACCTCGGA",1969,3857,35,0.00907441016333938,"Unknown"
"AGTGGGACACTGTGTA","SRA526435","SRS1915196","Mus musculus","10x chromium","Cortex, hippocampus and subventricular zone","AGTGGGACACTGTGTA",925,1375,42,0.0305454545454545,"Unknown"
"AGTGGGACAGACGCTC","SRA526435","SRS1915196","Mus musculus","10x chromium","Cortex, hippocampus and subventricular zone","AGTGGGACAGACGCTC",1415,2428,23,0.00947281713344316,"Unknown"
"AGTGGGACAGCGAACA","SRA526435","SRS1915196","Mus musculus","10x chromium","Cortex, hippocampus and subventricular zone","AGTGGGACAGCGAACA",2406,5726,120,0.0209570380719525,"Unknown"
"AGTGGGAGTAAATACG","SRA526435","SRS1915196","Mus musculus","10x chromium","Cortex, hippocampus and subventricular zone","AGTGGGAGTAAATACG",3576,8570,215,0.0250875145857643,"Cajal-Retzius cells"
"AGTGGGAGTACCGGCT","SRA526435","SRS1915196","Mus musculus","10x chromium","Cortex, hippocampus and subventricular zone","AGTGGGAGTACCGGCT",1113,1665,70,0.042042042042042,"Unknown"
"AGTGGGAGTCAGGACA","SRA526435","SRS1915196","Mus musculus","10x chromium","Cortex, hippocampus and subventricular zone","AGTGGGAGTCAGGACA",2302,5405,66,0.0122109158186864,"Unknown"
"AGTGGGAGTCCGAACC","SRA526435","SRS1915196","Mus musculus","10x chromium","Cortex, hippocampus and subventricular zone","AGTGGGAGTCCGAACC",3581,9783,117,0.0119595216191352,"Unknown"
"AGTGGGAGTCTCCCTA","SRA526435","SRS1915196","Mus musculus","10x chromium","Cortex, hippocampus and subventricular zone","AGTGGGAGTCTCCCTA",1544,3126,76,0.0243122200895713,"Unknown"
"AGTGGGAGTTGGTTTG","SRA526435","SRS1915196","Mus musculus","10x chromium","Cortex, hippocampus and subventricular zone","AGTGGGAGTTGGTTTG",1190,1940,41,0.0211340206185567,"Unknown"
"AGTGGGATCAAACGGG","SRA526435","SRS1915196","Mus musculus","10x chromium","Cortex, hippocampus and subventricular zone","AGTGGGATCAAACGGG",2253,4354,49,0.0112540192926045,"Unknown"
"AGTGGGATCCTTTACA","SRA526435","SRS1915196","Mus musculus","10x chromium","Cortex, hippocampus and subventricular zone","AGTGGGATCCTTTACA",2272,4989,53,0.0106233714171177,"Unknown"
"AGTGGGATCGCCGTGA","SRA526435","SRS1915196","Mus musculus","10x chromium","Cortex, hippocampus and subventricular zone","AGTGGGATCGCCGTGA",2119,4463,53,0.0118754201209948,"Unknown"
"AGTGGGATCTAGAGTC","SRA526435","SRS1915196","Mus musculus","10x chromium","Cortex, hippocampus and subventricular zone","AGTGGGATCTAGAGTC",1185,1759,10,0.00568504832291074,"Unknown"
"AGTGTCAAGAAGCCCA","SRA526435","SRS1915196","Mus musculus","10x chromium","Cortex, hippocampus and subventricular zone","AGTGTCAAGAAGCCCA",1445,2900,84,0.0289655172413793,"Oligodendrocyte progenitor cells"
"AGTGTCAAGATAGTCA","SRA526435","SRS1915196","Mus musculus","10x chromium","Cortex, hippocampus and subventricular zone","AGTGTCAAGATAGTCA",998,2023,10,0.00494315373208107,"Unknown"
"AGTGTCAAGCAGGTCA","SRA526435","SRS1915196","Mus musculus","10x chromium","Cortex, hippocampus and subventricular zone","AGTGTCAAGCAGGTCA",1453,2176,56,0.0257352941176471,"Unknown"
"AGTGTCAAGGCTAGAC","SRA526435","SRS1915196","Mus musculus","10x chromium","Cortex, hippocampus and subventricular zone","AGTGTCAAGGCTAGAC",822,1206,45,0.0373134328358209,"Unknown"
"AGTGTCAAGGGCTTGA","SRA526435","SRS1915196","Mus musculus","10x chromium","Cortex, hippocampus and subventricular zone","AGTGTCAAGGGCTTGA",1638,3518,69,0.0196134167140421,"Unknown"
"AGTGTCAAGTGATCGG","SRA526435","SRS1915196","Mus musculus","10x chromium","Cortex, hippocampus and subventricular zone","AGTGTCAAGTGATCGG",2146,4221,32,0.00758114190950012,"Unknown"
"AGTGTCACACGACGAA","SRA526435","SRS1915196","Mus musculus","10x chromium","Cortex, hippocampus and subventricular zone","AGTGTCACACGACGAA",2776,6345,74,0.0116627265563436,"Unknown"
"AGTGTCACATCCCATC","SRA526435","SRS1915196","Mus musculus","10x chromium","Cortex, hippocampus and subventricular zone","AGTGTCACATCCCATC",2634,6582,65,0.00987541780613795,"Unknown"
"AGTGTCAGTTAGAACA","SRA526435","SRS1915196","Mus musculus","10x chromium","Cortex, hippocampus and subventricular zone","AGTGTCAGTTAGAACA",2443,5322,50,0.00939496429913566,"Unknown"
"AGTGTCATCAATCACG","SRA526435","SRS1915196","Mus musculus","10x chromium","Cortex, hippocampus and subventricular zone","AGTGTCATCAATCACG",2245,4964,65,0.0130942788074134,"Unknown"
"AGTGTCATCCGCAAGC","SRA526435","SRS1915196","Mus musculus","10x chromium","Cortex, hippocampus and subventricular zone","AGTGTCATCCGCAAGC",1707,3279,38,0.0115888990545898,"Unknown"
"AGTGTCATCCTCATTA","SRA526435","SRS1915196","Mus musculus","10x chromium","Cortex, hippocampus and subventricular zone","AGTGTCATCCTCATTA",2607,6234,82,0.013153673403914,"Endothelial cells"
"AGTGTCATCCTTGACC","SRA526435","SRS1915196","Mus musculus","10x chromium","Cortex, hippocampus and subventricular zone","AGTGTCATCCTTGACC",1417,3186,82,0.0257376020087885,"Unknown"
"AGTGTCATCTACCAGA","SRA526435","SRS1915196","Mus musculus","10x chromium","Cortex, hippocampus and subventricular zone","AGTGTCATCTACCAGA",1754,3337,55,0.0164818699430626,"Unknown"
"AGTGTCATCTTCGGTC","SRA526435","SRS1915196","Mus musculus","10x chromium","Cortex, hippocampus and subventricular zone","AGTGTCATCTTCGGTC",1518,2883,38,0.0131807145334721,"Unknown"
"AGTTGGTAGAGAGCTC","SRA526435","SRS1915196","Mus musculus","10x chromium","Cortex, hippocampus and subventricular zone","AGTTGGTAGAGAGCTC",1929,3665,63,0.0171896316507503,"Unknown"
"AGTTGGTAGCCTCGTG","SRA526435","SRS1915196","Mus musculus","10x chromium","Cortex, hippocampus and subventricular zone","AGTTGGTAGCCTCGTG",1020,1635,69,0.0422018348623853,"Unknown"
"AGTTGGTAGGACATTA","SRA526435","SRS1915196","Mus musculus","10x chromium","Cortex, hippocampus and subventricular zone","AGTTGGTAGGACATTA",2496,5612,48,0.00855310049893086,"Unknown"
"AGTTGGTAGGATGGAA","SRA526435","SRS1915196","Mus musculus","10x chromium","Cortex, hippocampus and subventricular zone","AGTTGGTAGGATGGAA",1772,3610,63,0.0174515235457064,"Unknown"
"AGTTGGTAGGTGATAT","SRA526435","SRS1915196","Mus musculus","10x chromium","Cortex, hippocampus and subventricular zone","AGTTGGTAGGTGATAT",2345,4832,71,0.0146937086092715,"Unknown"
"AGTTGGTAGTGTGAAT","SRA526435","SRS1915196","Mus musculus","10x chromium","Cortex, hippocampus and subventricular zone","AGTTGGTAGTGTGAAT",2800,6458,72,0.0111489625270982,"Unknown"
"AGTTGGTAGTTCGCGC","SRA526435","SRS1915196","Mus musculus","10x chromium","Cortex, hippocampus and subventricular zone","AGTTGGTAGTTCGCGC",2485,5297,13,0.00245421936945441,"Unknown"
"AGTTGGTAGTTTCCTT","SRA526435","SRS1915196","Mus musculus","10x chromium","Cortex, hippocampus and subventricular zone","AGTTGGTAGTTTCCTT",3485,9044,46,0.00508624502432552,"Unknown"
"AGTTGGTCAAGTCTAC","SRA526435","SRS1915196","Mus musculus","10x chromium","Cortex, hippocampus and subventricular zone","AGTTGGTCAAGTCTAC",3217,8596,127,0.0147743136342485,"Unknown"
"AGTTGGTCACAAGCCC","SRA526435","SRS1915196","Mus musculus","10x chromium","Cortex, hippocampus and subventricular zone","AGTTGGTCACAAGCCC",2146,4606,35,0.00759878419452888,"Unknown"
"AGTTGGTCAGGACCCT","SRA526435","SRS1915196","Mus musculus","10x chromium","Cortex, hippocampus and subventricular zone","AGTTGGTCAGGACCCT",1583,2747,46,0.0167455405897343,"Unknown"
"AGTTGGTCATCCGGGT","SRA526435","SRS1915196","Mus musculus","10x chromium","Cortex, hippocampus and subventricular zone","AGTTGGTCATCCGGGT",2353,4906,87,0.0177333876885446,"Unknown"
"AGTTGGTCATTTGCTT","SRA526435","SRS1915196","Mus musculus","10x chromium","Cortex, hippocampus and subventricular zone","AGTTGGTCATTTGCTT",1899,3478,49,0.0140885566417481,"Unknown"
"AGTTGGTGTACAGACG","SRA526435","SRS1915196","Mus musculus","10x chromium","Cortex, hippocampus and subventricular zone","AGTTGGTGTACAGACG",2522,5598,63,0.0112540192926045,"Unknown"
"AGTTGGTGTAGCGCTC","SRA526435","SRS1915196","Mus musculus","10x chromium","Cortex, hippocampus and subventricular zone","AGTTGGTGTAGCGCTC",1446,2589,72,0.0278099652375435,"Unknown"
"AGTTGGTGTATAGTAG","SRA526435","SRS1915196","Mus musculus","10x chromium","Cortex, hippocampus and subventricular zone","AGTTGGTGTATAGTAG",2336,4958,23,0.00463896732553449,"Unknown"
"AGTTGGTGTCATTAGC","SRA526435","SRS1915196","Mus musculus","10x chromium","Cortex, hippocampus and subventricular zone","AGTTGGTGTCATTAGC",1368,2372,39,0.0164418212478921,"Unknown"
"AGTTGGTGTCGGCTCA","SRA526435","SRS1915196","Mus musculus","10x chromium","Cortex, hippocampus and subventricular zone","AGTTGGTGTCGGCTCA",1224,1891,50,0.0264410364886304,"Unknown"
"AGTTGGTGTCGGGTCT","SRA526435","SRS1915196","Mus musculus","10x chromium","Cortex, hippocampus and subventricular zone","AGTTGGTGTCGGGTCT",1275,2392,45,0.0188127090301003,"Unknown"
"AGTTGGTGTCTCCCTA","SRA526435","SRS1915196","Mus musculus","10x chromium","Cortex, hippocampus and subventricular zone","AGTTGGTGTCTCCCTA",1922,3800,55,0.0144736842105263,"Unknown"
"AGTTGGTGTGACAAAT","SRA526435","SRS1915196","Mus musculus","10x chromium","Cortex, hippocampus and subventricular zone","AGTTGGTGTGACAAAT",2164,4615,61,0.0132177681473456,"Unknown"
"AGTTGGTGTGCATCTA","SRA526435","SRS1915196","Mus musculus","10x chromium","Cortex, hippocampus and subventricular zone","AGTTGGTGTGCATCTA",2343,5034,41,0.00814461660707191,"Unknown"
"AGTTGGTGTGGCGAAT","SRA526435","SRS1915196","Mus musculus","10x chromium","Cortex, hippocampus and subventricular zone","AGTTGGTGTGGCGAAT",3501,9118,55,0.00603202456679096,"Unknown"
"AGTTGGTTCAGCGATT","SRA526435","SRS1915196","Mus musculus","10x chromium","Cortex, hippocampus and subventricular zone","AGTTGGTTCAGCGATT",2471,5329,66,0.0123850628635767,"Unknown"
"AGTTGGTTCCCAACGG","SRA526435","SRS1915196","Mus musculus","10x chromium","Cortex, hippocampus and subventricular zone","AGTTGGTTCCCAACGG",2029,4086,56,0.0137053352912384,"Unknown"
"AGTTGGTTCCCTAATT","SRA526435","SRS1915196","Mus musculus","10x chromium","Cortex, hippocampus and subventricular zone","AGTTGGTTCCCTAATT",1504,3528,71,0.020124716553288,"Microglia"
"AGTTGGTTCTTAGAGC","SRA526435","SRS1915196","Mus musculus","10x chromium","Cortex, hippocampus and subventricular zone","AGTTGGTTCTTAGAGC",1335,2359,71,0.0300974989402289,"Unknown"
"ATAACGCAGAGCAATT","SRA526435","SRS1915196","Mus musculus","10x chromium","Cortex, hippocampus and subventricular zone","ATAACGCAGAGCAATT",2793,6992,62,0.00886727688787185,"Unknown"
"ATAACGCAGCGAAGGG","SRA526435","SRS1915196","Mus musculus","10x chromium","Cortex, hippocampus and subventricular zone","ATAACGCAGCGAAGGG",2046,4010,43,0.0107231920199501,"Unknown"
"ATAACGCAGGACATTA","SRA526435","SRS1915196","Mus musculus","10x chromium","Cortex, hippocampus and subventricular zone","ATAACGCAGGACATTA",2683,6396,85,0.0132895559724828,"Unknown"
"ATAACGCAGTTCGCAT","SRA526435","SRS1915196","Mus musculus","10x chromium","Cortex, hippocampus and subventricular zone","ATAACGCAGTTCGCAT",1983,3939,47,0.0119319624270119,"Unknown"
"ATAACGCCAAGTTGTC","SRA526435","SRS1915196","Mus musculus","10x chromium","Cortex, hippocampus and subventricular zone","ATAACGCCAAGTTGTC",1957,3833,28,0.00730498304200365,"Unknown"
"ATAACGCCACAACGCC","SRA526435","SRS1915196","Mus musculus","10x chromium","Cortex, hippocampus and subventricular zone","ATAACGCCACAACGCC",2299,5024,40,0.00796178343949045,"Unknown"
"ATAACGCCACACCGCA","SRA526435","SRS1915196","Mus musculus","10x chromium","Cortex, hippocampus and subventricular zone","ATAACGCCACACCGCA",2306,4938,69,0.0139732685297691,"Unknown"
"ATAACGCCACGAAGCA","SRA526435","SRS1915196","Mus musculus","10x chromium","Cortex, hippocampus and subventricular zone","ATAACGCCACGAAGCA",4152,12819,182,0.0141976753256884,"Unknown"
"ATAACGCCACGGCTAC","SRA526435","SRS1915196","Mus musculus","10x chromium","Cortex, hippocampus and subventricular zone","ATAACGCCACGGCTAC",1224,1893,31,0.0163761225567882,"Unknown"
"ATAACGCCAGCGAACA","SRA526435","SRS1915196","Mus musculus","10x chromium","Cortex, hippocampus and subventricular zone","ATAACGCCAGCGAACA",1560,2850,34,0.0119298245614035,"Unknown"
"ATAACGCCATGTCTCC","SRA526435","SRS1915196","Mus musculus","10x chromium","Cortex, hippocampus and subventricular zone","ATAACGCCATGTCTCC",1476,2613,15,0.00574052812858783,"Unknown"
"ATAACGCCATTGCGGC","SRA526435","SRS1915196","Mus musculus","10x chromium","Cortex, hippocampus and subventricular zone","ATAACGCCATTGCGGC",2603,6115,85,0.0139002452984464,"Unknown"
"ATAACGCGTAGCCTAT","SRA526435","SRS1915196","Mus musculus","10x chromium","Cortex, hippocampus and subventricular zone","ATAACGCGTAGCCTAT",2072,4115,61,0.014823815309842,"Unknown"
"ATAACGCGTATTCGTG","SRA526435","SRS1915196","Mus musculus","10x chromium","Cortex, hippocampus and subventricular zone","ATAACGCGTATTCGTG",3879,11592,102,0.0087991718426501,"Unknown"
"ATAACGCGTCAATGTC","SRA526435","SRS1915196","Mus musculus","10x chromium","Cortex, hippocampus and subventricular zone","ATAACGCGTCAATGTC",2887,7056,63,0.00892857142857143,"Unknown"
"ATAACGCGTCTCAACA","SRA526435","SRS1915196","Mus musculus","10x chromium","Cortex, hippocampus and subventricular zone","ATAACGCGTCTCAACA",2017,3628,38,0.0104740904079383,"Unknown"
"ATAACGCGTTTGCATG","SRA526435","SRS1915196","Mus musculus","10x chromium","Cortex, hippocampus and subventricular zone","ATAACGCGTTTGCATG",2351,5527,56,0.0101320788854713,"Unknown"
"ATAACGCGTTTGTGTG","SRA526435","SRS1915196","Mus musculus","10x chromium","Cortex, hippocampus and subventricular zone","ATAACGCGTTTGTGTG",2877,7230,107,0.0147994467496542,"Endothelial cells"
"ATAACGCTCAACGGGA","SRA526435","SRS1915196","Mus musculus","10x chromium","Cortex, hippocampus and subventricular zone","ATAACGCTCAACGGGA",1937,3801,56,0.0147329650092081,"Unknown"
"ATAACGCTCCAGAGGA","SRA526435","SRS1915196","Mus musculus","10x chromium","Cortex, hippocampus and subventricular zone","ATAACGCTCCAGAGGA",2371,4656,89,0.0191151202749141,"Unknown"
"ATAACGCTCCTGTAGA","SRA526435","SRS1915196","Mus musculus","10x chromium","Cortex, hippocampus and subventricular zone","ATAACGCTCCTGTAGA",1883,3881,49,0.0126256119556815,"Unknown"
"ATAACGCTCGCTGATA","SRA526435","SRS1915196","Mus musculus","10x chromium","Cortex, hippocampus and subventricular zone","ATAACGCTCGCTGATA",5071,16607,234,0.0140904437887638,"Endothelial cells"
"ATAACGCTCTTACCGC","SRA526435","SRS1915196","Mus musculus","10x chromium","Cortex, hippocampus and subventricular zone","ATAACGCTCTTACCGC",1362,2225,34,0.0152808988764045,"Unknown"
"ATAACGCTCTTTAGGG","SRA526435","SRS1915196","Mus musculus","10x chromium","Cortex, hippocampus and subventricular zone","ATAACGCTCTTTAGGG",1331,2323,40,0.0172191132156694,"Unknown"
"ATAAGAGAGAAACGCC","SRA526435","SRS1915196","Mus musculus","10x chromium","Cortex, hippocampus and subventricular zone","ATAAGAGAGAAACGCC",837,1180,74,0.0627118644067797,"Cajal-Retzius cells"
"ATAAGAGAGCCAGTAG","SRA526435","SRS1915196","Mus musculus","10x chromium","Cortex, hippocampus and subventricular zone","ATAAGAGAGCCAGTAG",1039,1554,3,0.00193050193050193,"Unknown"
"ATAAGAGAGCTGTTCA","SRA526435","SRS1915196","Mus musculus","10x chromium","Cortex, hippocampus and subventricular zone","ATAAGAGAGCTGTTCA",2963,7316,95,0.0129852378348824,"Unknown"
"ATAAGAGAGGCGCTCT","SRA526435","SRS1915196","Mus musculus","10x chromium","Cortex, hippocampus and subventricular zone","ATAAGAGAGGCGCTCT",792,1194,61,0.0510887772194305,"Unknown"
"ATAAGAGAGGGAAACA","SRA526435","SRS1915196","Mus musculus","10x chromium","Cortex, hippocampus and subventricular zone","ATAAGAGAGGGAAACA",1515,2677,31,0.0115801270078446,"Unknown"
"ATAAGAGAGGGTATCG","SRA526435","SRS1915196","Mus musculus","10x chromium","Cortex, hippocampus and subventricular zone","ATAAGAGAGGGTATCG",3664,10447,96,0.00918924093041064,"Unknown"
"ATAAGAGAGTCCAGGA","SRA526435","SRS1915196","Mus musculus","10x chromium","Cortex, hippocampus and subventricular zone","ATAAGAGAGTCCAGGA",1055,1580,18,0.0113924050632911,"Unknown"
"ATAAGAGCAAGCGATG","SRA526435","SRS1915196","Mus musculus","10x chromium","Cortex, hippocampus and subventricular zone","ATAAGAGCAAGCGATG",2106,4324,93,0.0215078630897317,"Unknown"
"ATAAGAGCAGACAGGT","SRA526435","SRS1915196","Mus musculus","10x chromium","Cortex, hippocampus and subventricular zone","ATAAGAGCAGACAGGT",2663,6553,161,0.0245688997405768,"Pericytes"
"ATAAGAGCATAGGATA","SRA526435","SRS1915196","Mus musculus","10x chromium","Cortex, hippocampus and subventricular zone","ATAAGAGCATAGGATA",1753,3411,30,0.00879507475813544,"Unknown"
"ATAAGAGCATCCTAGA","SRA526435","SRS1915196","Mus musculus","10x chromium","Cortex, hippocampus and subventricular zone","ATAAGAGCATCCTAGA",1155,1883,116,0.0616038236856081,"Cajal-Retzius cells"
"ATAAGAGGTACCAGTT","SRA526435","SRS1915196","Mus musculus","10x chromium","Cortex, hippocampus and subventricular zone","ATAAGAGGTACCAGTT",107,3367,0,0,"Erythroid-like and erythroid precursor cells"
"ATAAGAGGTAGCTTGT","SRA526435","SRS1915196","Mus musculus","10x chromium","Cortex, hippocampus and subventricular zone","ATAAGAGGTAGCTTGT",1502,2800,42,0.015,"Unknown"
"ATAAGAGGTATGGTTC","SRA526435","SRS1915196","Mus musculus","10x chromium","Cortex, hippocampus and subventricular zone","ATAAGAGGTATGGTTC",2547,5916,74,0.0125084516565247,"Unknown"
"ATAAGAGGTGCACTTA","SRA526435","SRS1915196","Mus musculus","10x chromium","Cortex, hippocampus and subventricular zone","ATAAGAGGTGCACTTA",2437,5409,91,0.0168238121649103,"Unknown"
"ATAAGAGGTTGGGACA","SRA526435","SRS1915196","Mus musculus","10x chromium","Cortex, hippocampus and subventricular zone","ATAAGAGGTTGGGACA",3390,9355,159,0.0169962586851951,"Unknown"
"ATAAGAGTCAACGAAA","SRA526435","SRS1915196","Mus musculus","10x chromium","Cortex, hippocampus and subventricular zone","ATAAGAGTCAACGAAA",1979,4290,49,0.0114219114219114,"Unknown"
"ATAAGAGTCAGATAAG","SRA526435","SRS1915196","Mus musculus","10x chromium","Cortex, hippocampus and subventricular zone","ATAAGAGTCAGATAAG",3042,7377,89,0.0120645248746103,"Cajal-Retzius cells"
"ATAAGAGTCAGCGATT","SRA526435","SRS1915196","Mus musculus","10x chromium","Cortex, hippocampus and subventricular zone","ATAAGAGTCAGCGATT",4397,13435,121,0.00900632675846669,"Unknown"
"ATAAGAGTCAGCTTAG","SRA526435","SRS1915196","Mus musculus","10x chromium","Cortex, hippocampus and subventricular zone","ATAAGAGTCAGCTTAG",3383,10037,127,0.0126531832220783,"Microglia"
"ATAAGAGTCCAAATGC","SRA526435","SRS1915196","Mus musculus","10x chromium","Cortex, hippocampus and subventricular zone","ATAAGAGTCCAAATGC",2181,4448,51,0.0114658273381295,"Unknown"
"ATAAGAGTCCGTTGCT","SRA526435","SRS1915196","Mus musculus","10x chromium","Cortex, hippocampus and subventricular zone","ATAAGAGTCCGTTGCT",1379,2230,46,0.020627802690583,"Unknown"
"ATAAGAGTCGTTTAGG","SRA526435","SRS1915196","Mus musculus","10x chromium","Cortex, hippocampus and subventricular zone","ATAAGAGTCGTTTAGG",2631,5973,66,0.0110497237569061,"Unknown"
"ATAAGAGTCGTTTATC","SRA526435","SRS1915196","Mus musculus","10x chromium","Cortex, hippocampus and subventricular zone","ATAAGAGTCGTTTATC",3214,9171,130,0.0141751172173155,"Unknown"
"ATAAGAGTCTGTCTCG","SRA526435","SRS1915196","Mus musculus","10x chromium","Cortex, hippocampus and subventricular zone","ATAAGAGTCTGTCTCG",3131,7368,78,0.010586319218241,"Unknown"
"ATAAGAGTCTTTAGGG","SRA526435","SRS1915196","Mus musculus","10x chromium","Cortex, hippocampus and subventricular zone","ATAAGAGTCTTTAGGG",2270,4799,60,0.0125026047093144,"Unknown"
"ATAGACCAGACAGACC","SRA526435","SRS1915196","Mus musculus","10x chromium","Cortex, hippocampus and subventricular zone","ATAGACCAGACAGACC",1845,3342,107,0.0320167564332735,"Unknown"
"ATAGACCAGCTAGTGG","SRA526435","SRS1915196","Mus musculus","10x chromium","Cortex, hippocampus and subventricular zone","ATAGACCAGCTAGTGG",3178,7214,79,0.0109509287496535,"Unknown"
"ATAGACCAGTCTCGGC","SRA526435","SRS1915196","Mus musculus","10x chromium","Cortex, hippocampus and subventricular zone","ATAGACCAGTCTCGGC",2481,5671,77,0.0135778522306472,"Unknown"
"ATAGACCCACGCCAGT","SRA526435","SRS1915196","Mus musculus","10x chromium","Cortex, hippocampus and subventricular zone","ATAGACCCACGCCAGT",4453,12845,200,0.0155702608018684,"Unknown"
"ATAGACCCAGCTGCTG","SRA526435","SRS1915196","Mus musculus","10x chromium","Cortex, hippocampus and subventricular zone","ATAGACCCAGCTGCTG",2418,4911,16,0.00325799226226838,"Unknown"
"ATAGACCCAGTCCTTC","SRA526435","SRS1915196","Mus musculus","10x chromium","Cortex, hippocampus and subventricular zone","ATAGACCCAGTCCTTC",2097,4119,71,0.0172371934935664,"Unknown"
"ATAGACCGTAAACCTC","SRA526435","SRS1915196","Mus musculus","10x chromium","Cortex, hippocampus and subventricular zone","ATAGACCGTAAACCTC",1780,3712,37,0.0099676724137931,"Unknown"
"ATAGACCGTATCAGTC","SRA526435","SRS1915196","Mus musculus","10x chromium","Cortex, hippocampus and subventricular zone","ATAGACCGTATCAGTC",1472,2844,67,0.0235583684950774,"Unknown"
"ATAGACCGTCTTCTCG","SRA526435","SRS1915196","Mus musculus","10x chromium","Cortex, hippocampus and subventricular zone","ATAGACCGTCTTCTCG",3304,9292,112,0.0120533792509686,"Unknown"
"ATAGACCGTGTAATGA","SRA526435","SRS1915196","Mus musculus","10x chromium","Cortex, hippocampus and subventricular zone","ATAGACCGTGTAATGA",2075,4471,99,0.0221426973831358,"Unknown"
"ATAGACCGTGTATGGG","SRA526435","SRS1915196","Mus musculus","10x chromium","Cortex, hippocampus and subventricular zone","ATAGACCGTGTATGGG",1174,1827,19,0.0103995621237001,"Unknown"
"ATAGACCGTGTTGAGG","SRA526435","SRS1915196","Mus musculus","10x chromium","Cortex, hippocampus and subventricular zone","ATAGACCGTGTTGAGG",1034,1426,29,0.0203366058906031,"Pericytes"
"ATAGACCTCACAACGT","SRA526435","SRS1915196","Mus musculus","10x chromium","Cortex, hippocampus and subventricular zone","ATAGACCTCACAACGT",2538,5664,34,0.00600282485875706,"Unknown"
"ATAGACCTCACCGTAA","SRA526435","SRS1915196","Mus musculus","10x chromium","Cortex, hippocampus and subventricular zone","ATAGACCTCACCGTAA",2303,4725,127,0.0268783068783069,"Unknown"
"ATAGACCTCTGTCTCG","SRA526435","SRS1915196","Mus musculus","10x chromium","Cortex, hippocampus and subventricular zone","ATAGACCTCTGTCTCG",95,2779,8,0.00287873335732278,"Erythroid-like and erythroid precursor cells"
"ATAGACCTCTTATCTG","SRA526435","SRS1915196","Mus musculus","10x chromium","Cortex, hippocampus and subventricular zone","ATAGACCTCTTATCTG",1816,3509,62,0.0176688515246509,"Unknown"
"ATCACGAAGAAGGTTT","SRA526435","SRS1915196","Mus musculus","10x chromium","Cortex, hippocampus and subventricular zone","ATCACGAAGAAGGTTT",2427,4603,68,0.0147729741472952,"Unknown"
"ATCACGAAGACAAGCC","SRA526435","SRS1915196","Mus musculus","10x chromium","Cortex, hippocampus and subventricular zone","ATCACGAAGACAAGCC",771,1166,30,0.0257289879931389,"Unknown"
"ATCACGAAGAGTGAGA","SRA526435","SRS1915196","Mus musculus","10x chromium","Cortex, hippocampus and subventricular zone","ATCACGAAGAGTGAGA",2301,5025,44,0.00875621890547264,"Unknown"
"ATCACGAAGCGAAGGG","SRA526435","SRS1915196","Mus musculus","10x chromium","Cortex, hippocampus and subventricular zone","ATCACGAAGCGAAGGG",1988,3935,60,0.0152477763659466,"Unknown"
"ATCACGAAGGCGTACA","SRA526435","SRS1915196","Mus musculus","10x chromium","Cortex, hippocampus and subventricular zone","ATCACGAAGGCGTACA",1828,3239,49,0.015128125964804,"Unknown"
"ATCACGACACCTCGTT","SRA526435","SRS1915196","Mus musculus","10x chromium","Cortex, hippocampus and subventricular zone","ATCACGACACCTCGTT",4008,16870,104,0.00616478956727919,"Unknown"
"ATCACGACACTGAAGG","SRA526435","SRS1915196","Mus musculus","10x chromium","Cortex, hippocampus and subventricular zone","ATCACGACACTGAAGG",2252,4783,83,0.0173531256533556,"Unknown"
"ATCACGACAGACGCAA","SRA526435","SRS1915196","Mus musculus","10x chromium","Cortex, hippocampus and subventricular zone","ATCACGACAGACGCAA",1446,2567,34,0.0132450331125828,"Unknown"
"ATCACGACAGGGCATA","SRA526435","SRS1915196","Mus musculus","10x chromium","Cortex, hippocampus and subventricular zone","ATCACGACAGGGCATA",1696,2967,41,0.0138186720593192,"Unknown"
"ATCACGACATGAGCGA","SRA526435","SRS1915196","Mus musculus","10x chromium","Cortex, hippocampus and subventricular zone","ATCACGACATGAGCGA",2355,5221,149,0.0285385941390538,"Unknown"
"ATCACGACATGGTCTA","SRA526435","SRS1915196","Mus musculus","10x chromium","Cortex, hippocampus and subventricular zone","ATCACGACATGGTCTA",3176,7716,110,0.0142560912389839,"Unknown"
"ATCACGAGTAGGCATG","SRA526435","SRS1915196","Mus musculus","10x chromium","Cortex, hippocampus and subventricular zone","ATCACGAGTAGGCATG",1885,3419,29,0.00848201228429365,"Unknown"
"ATCACGAGTATAGGGC","SRA526435","SRS1915196","Mus musculus","10x chromium","Cortex, hippocampus and subventricular zone","ATCACGAGTATAGGGC",2242,4769,88,0.0184525057664081,"Unknown"
"ATCACGAGTGACGCCT","SRA526435","SRS1915196","Mus musculus","10x chromium","Cortex, hippocampus and subventricular zone","ATCACGAGTGACGCCT",2144,4374,57,0.0130315500685871,"Unknown"
"ATCACGAGTGATGTGG","SRA526435","SRS1915196","Mus musculus","10x chromium","Cortex, hippocampus and subventricular zone","ATCACGAGTGATGTGG",2258,4732,58,0.0122569737954353,"Unknown"
"ATCACGAGTGCACGAA","SRA526435","SRS1915196","Mus musculus","10x chromium","Cortex, hippocampus and subventricular zone","ATCACGAGTGCACGAA",860,1126,59,0.0523978685612789,"Unknown"
"ATCACGAGTGTGAAAT","SRA526435","SRS1915196","Mus musculus","10x chromium","Cortex, hippocampus and subventricular zone","ATCACGAGTGTGAAAT",1222,2221,43,0.0193606483565961,"Unknown"
"ATCACGAGTTACCAGT","SRA526435","SRS1915196","Mus musculus","10x chromium","Cortex, hippocampus and subventricular zone","ATCACGAGTTACCAGT",1415,2637,32,0.012135001896094,"Unknown"
"ATCACGAGTTTGTTTC","SRA526435","SRS1915196","Mus musculus","10x chromium","Cortex, hippocampus and subventricular zone","ATCACGAGTTTGTTTC",1002,1495,39,0.0260869565217391,"Unknown"
"ATCACGATCACTTATC","SRA526435","SRS1915196","Mus musculus","10x chromium","Cortex, hippocampus and subventricular zone","ATCACGATCACTTATC",2304,4698,68,0.0144742443593018,"Unknown"
"ATCACGATCCCTAACC","SRA526435","SRS1915196","Mus musculus","10x chromium","Cortex, hippocampus and subventricular zone","ATCACGATCCCTAACC",1962,3674,39,0.0106151333696244,"Unknown"
"ATCACGATCGGTGTTA","SRA526435","SRS1915196","Mus musculus","10x chromium","Cortex, hippocampus and subventricular zone","ATCACGATCGGTGTTA",950,1363,32,0.0234776228906823,"Unknown"
"ATCATCTAGACAAGCC","SRA526435","SRS1915196","Mus musculus","10x chromium","Cortex, hippocampus and subventricular zone","ATCATCTAGACAAGCC",2098,4090,62,0.015158924205379,"Unknown"
"ATCATCTAGACGCAAC","SRA526435","SRS1915196","Mus musculus","10x chromium","Cortex, hippocampus and subventricular zone","ATCATCTAGACGCAAC",2941,6873,87,0.0126582278481013,"Unknown"
"ATCATCTAGCGAGAAA","SRA526435","SRS1915196","Mus musculus","10x chromium","Cortex, hippocampus and subventricular zone","ATCATCTAGCGAGAAA",2858,7336,59,0.00804252998909488,"Unknown"
"ATCATCTAGGCATTGG","SRA526435","SRS1915196","Mus musculus","10x chromium","Cortex, hippocampus and subventricular zone","ATCATCTAGGCATTGG",2128,4439,38,0.0085604865960802,"Unknown"
"ATCATCTAGGCTAGGT","SRA526435","SRS1915196","Mus musculus","10x chromium","Cortex, hippocampus and subventricular zone","ATCATCTAGGCTAGGT",4031,10353,110,0.0106249396310248,"Unknown"
"ATCATCTAGGTCATCT","SRA526435","SRS1915196","Mus musculus","10x chromium","Cortex, hippocampus and subventricular zone","ATCATCTAGGTCATCT",2339,4993,43,0.00861205687963148,"Unknown"
"ATCATCTCAAGCCATT","SRA526435","SRS1915196","Mus musculus","10x chromium","Cortex, hippocampus and subventricular zone","ATCATCTCAAGCCATT",1376,2606,36,0.0138142747505756,"Unknown"
"ATCATCTCAATGGATA","SRA526435","SRS1915196","Mus musculus","10x chromium","Cortex, hippocampus and subventricular zone","ATCATCTCAATGGATA",946,1490,49,0.0328859060402685,"Unknown"
"ATCATCTCACCTGGTG","SRA526435","SRS1915196","Mus musculus","10x chromium","Cortex, hippocampus and subventricular zone","ATCATCTCACCTGGTG",1320,1936,14,0.00723140495867769,"Unknown"
"ATCATCTCACGCTTTC","SRA526435","SRS1915196","Mus musculus","10x chromium","Cortex, hippocampus and subventricular zone","ATCATCTCACGCTTTC",2016,3896,48,0.0123203285420945,"Unknown"
"ATCATCTCACTTAACG","SRA526435","SRS1915196","Mus musculus","10x chromium","Cortex, hippocampus and subventricular zone","ATCATCTCACTTAACG",1762,3264,14,0.00428921568627451,"Unknown"
"ATCATCTCAGACGTAG","SRA526435","SRS1915196","Mus musculus","10x chromium","Cortex, hippocampus and subventricular zone","ATCATCTCAGACGTAG",1800,3583,50,0.0139547864917667,"Unknown"
"ATCATCTCATGACGGA","SRA526435","SRS1915196","Mus musculus","10x chromium","Cortex, hippocampus and subventricular zone","ATCATCTCATGACGGA",96,1407,0,0,"Erythroid-like and erythroid precursor cells"
"ATCATCTCATGCCTAA","SRA526435","SRS1915196","Mus musculus","10x chromium","Cortex, hippocampus and subventricular zone","ATCATCTCATGCCTAA",1511,2403,21,0.00873907615480649,"Unknown"
"ATCATCTGTCAATACC","SRA526435","SRS1915196","Mus musculus","10x chromium","Cortex, hippocampus and subventricular zone","ATCATCTGTCAATACC",819,1336,53,0.0396706586826347,"Endothelial cells"
"ATCATCTGTGGCGAAT","SRA526435","SRS1915196","Mus musculus","10x chromium","Cortex, hippocampus and subventricular zone","ATCATCTGTGGCGAAT",2117,4214,52,0.0123398196487897,"Unknown"
"ATCATCTGTTACGTCA","SRA526435","SRS1915196","Mus musculus","10x chromium","Cortex, hippocampus and subventricular zone","ATCATCTGTTACGTCA",3465,8235,104,0.012629022465088,"Oligodendrocyte progenitor cells"
"ATCATCTGTTAGAACA","SRA526435","SRS1915196","Mus musculus","10x chromium","Cortex, hippocampus and subventricular zone","ATCATCTGTTAGAACA",1480,2669,39,0.0146122143124766,"Unknown"
"ATCATCTGTTCATGGT","SRA526435","SRS1915196","Mus musculus","10x chromium","Cortex, hippocampus and subventricular zone","ATCATCTGTTCATGGT",2521,5674,73,0.0128657032076137,"Unknown"
"ATCATCTGTTCGAATC","SRA526435","SRS1915196","Mus musculus","10x chromium","Cortex, hippocampus and subventricular zone","ATCATCTGTTCGAATC",3473,10630,84,0.00790216368767639,"Unknown"
"ATCATCTTCAACACCA","SRA526435","SRS1915196","Mus musculus","10x chromium","Cortex, hippocampus and subventricular zone","ATCATCTTCAACACCA",1683,3274,45,0.0137446548564447,"Unknown"
"ATCATCTTCAGTTGAC","SRA526435","SRS1915196","Mus musculus","10x chromium","Cortex, hippocampus and subventricular zone","ATCATCTTCAGTTGAC",2488,5582,71,0.0127194553923325,"Pericytes"
"ATCATCTTCCCAAGAT","SRA526435","SRS1915196","Mus musculus","10x chromium","Cortex, hippocampus and subventricular zone","ATCATCTTCCCAAGAT",3976,10832,106,0.00978581979320532,"Unknown"
"ATCATCTTCCTTTCGG","SRA526435","SRS1915196","Mus musculus","10x chromium","Cortex, hippocampus and subventricular zone","ATCATCTTCCTTTCGG",1088,1767,16,0.00905489530277306,"Unknown"
"ATCATCTTCGATAGAA","SRA526435","SRS1915196","Mus musculus","10x chromium","Cortex, hippocampus and subventricular zone","ATCATCTTCGATAGAA",1692,2839,49,0.0172595984501585,"Unknown"
"ATCATCTTCTCGGACG","SRA526435","SRS1915196","Mus musculus","10x chromium","Cortex, hippocampus and subventricular zone","ATCATCTTCTCGGACG",3082,7621,108,0.0141713685867996,"Unknown"
"ATCATGGAGAAACCTA","SRA526435","SRS1915196","Mus musculus","10x chromium","Cortex, hippocampus and subventricular zone","ATCATGGAGAAACCTA",1842,3509,38,0.0108292960957538,"Unknown"
"ATCATGGAGATCACGG","SRA526435","SRS1915196","Mus musculus","10x chromium","Cortex, hippocampus and subventricular zone","ATCATGGAGATCACGG",1548,2756,70,0.0253991291727141,"Unknown"
"ATCATGGAGCACCGTC","SRA526435","SRS1915196","Mus musculus","10x chromium","Cortex, hippocampus and subventricular zone","ATCATGGAGCACCGTC",701,1103,13,0.0117860380779692,"Unknown"
"ATCATGGAGGACCACA","SRA526435","SRS1915196","Mus musculus","10x chromium","Cortex, hippocampus and subventricular zone","ATCATGGAGGACCACA",2151,4456,51,0.0114452423698384,"Unknown"
"ATCATGGCACCGATAT","SRA526435","SRS1915196","Mus musculus","10x chromium","Cortex, hippocampus and subventricular zone","ATCATGGCACCGATAT",877,1308,39,0.0298165137614679,"Unknown"
"ATCATGGCACGGACAA","SRA526435","SRS1915196","Mus musculus","10x chromium","Cortex, hippocampus and subventricular zone","ATCATGGCACGGACAA",1602,2791,18,0.00644930132568972,"Pericytes"
"ATCATGGCAGACTCGC","SRA526435","SRS1915196","Mus musculus","10x chromium","Cortex, hippocampus and subventricular zone","ATCATGGCAGACTCGC",2991,7927,56,0.00706446322694588,"Unknown"
"ATCATGGCAGCTGCAC","SRA526435","SRS1915196","Mus musculus","10x chromium","Cortex, hippocampus and subventricular zone","ATCATGGCAGCTGCAC",2378,4773,53,0.0111041273831972,"Unknown"
"ATCATGGCAGCTGTTA","SRA526435","SRS1915196","Mus musculus","10x chromium","Cortex, hippocampus and subventricular zone","ATCATGGCAGCTGTTA",767,1500,44,0.0293333333333333,"Microglia"
"ATCATGGCATATACCG","SRA526435","SRS1915196","Mus musculus","10x chromium","Cortex, hippocampus and subventricular zone","ATCATGGCATATACCG",1598,2914,49,0.01681537405628,"Unknown"
"ATCATGGCATCTCCCA","SRA526435","SRS1915196","Mus musculus","10x chromium","Cortex, hippocampus and subventricular zone","ATCATGGCATCTCCCA",3734,11959,71,0.00593695125010452,"Unknown"
"ATCATGGCATCTCGCT","SRA526435","SRS1915196","Mus musculus","10x chromium","Cortex, hippocampus and subventricular zone","ATCATGGCATCTCGCT",1344,2074,29,0.0139826422372228,"Unknown"
"ATCATGGCATGCAACT","SRA526435","SRS1915196","Mus musculus","10x chromium","Cortex, hippocampus and subventricular zone","ATCATGGCATGCAACT",3228,8405,112,0.0133254015466984,"Unknown"
"ATCATGGGTATAGGGC","SRA526435","SRS1915196","Mus musculus","10x chromium","Cortex, hippocampus and subventricular zone","ATCATGGGTATAGGGC",2405,5133,59,0.0114942528735632,"Unknown"
"ATCATGGGTCACTGGC","SRA526435","SRS1915196","Mus musculus","10x chromium","Cortex, hippocampus and subventricular zone","ATCATGGGTCACTGGC",2729,5696,52,0.00912921348314607,"Unknown"
"ATCATGGGTCCGAACC","SRA526435","SRS1915196","Mus musculus","10x chromium","Cortex, hippocampus and subventricular zone","ATCATGGGTCCGAACC",1322,2237,42,0.0187751452838623,"Unknown"
"ATCATGGGTCGGCATC","SRA526435","SRS1915196","Mus musculus","10x chromium","Cortex, hippocampus and subventricular zone","ATCATGGGTCGGCATC",1648,2897,33,0.0113910942354159,"Unknown"
"ATCATGGGTTAAGTAG","SRA526435","SRS1915196","Mus musculus","10x chromium","Cortex, hippocampus and subventricular zone","ATCATGGGTTAAGTAG",1543,2954,48,0.016249153689912,"Unknown"
"ATCATGGGTTGTCTTT","SRA526435","SRS1915196","Mus musculus","10x chromium","Cortex, hippocampus and subventricular zone","ATCATGGGTTGTCTTT",1709,2885,43,0.0149046793760832,"Unknown"
"ATCATGGTCATGCAAC","SRA526435","SRS1915196","Mus musculus","10x chromium","Cortex, hippocampus and subventricular zone","ATCATGGTCATGCAAC",3369,8330,79,0.00948379351740696,"Unknown"
"ATCATGGTCATGTAGC","SRA526435","SRS1915196","Mus musculus","10x chromium","Cortex, hippocampus and subventricular zone","ATCATGGTCATGTAGC",1449,2421,47,0.0194134655101198,"Unknown"
"ATCATGGTCCCAACGG","SRA526435","SRS1915196","Mus musculus","10x chromium","Cortex, hippocampus and subventricular zone","ATCATGGTCCCAACGG",2071,3892,51,0.013103802672148,"Unknown"
"ATCATGGTCCGCATAA","SRA526435","SRS1915196","Mus musculus","10x chromium","Cortex, hippocampus and subventricular zone","ATCATGGTCCGCATAA",1988,3693,49,0.0132683455185486,"Unknown"
"ATCATGGTCCGCGCAA","SRA526435","SRS1915196","Mus musculus","10x chromium","Cortex, hippocampus and subventricular zone","ATCATGGTCCGCGCAA",1273,1938,31,0.0159958720330237,"Unknown"
"ATCATGGTCTCCAGGG","SRA526435","SRS1915196","Mus musculus","10x chromium","Cortex, hippocampus and subventricular zone","ATCATGGTCTCCAGGG",1618,2777,56,0.0201656463809867,"Unknown"
"ATCATGGTCTTCTGGC","SRA526435","SRS1915196","Mus musculus","10x chromium","Cortex, hippocampus and subventricular zone","ATCATGGTCTTCTGGC",1880,3655,53,0.014500683994528,"Unknown"
"ATCCACCAGAGGTAGA","SRA526435","SRS1915196","Mus musculus","10x chromium","Cortex, hippocampus and subventricular zone","ATCCACCAGAGGTAGA",3580,9426,103,0.010927222575854,"Unknown"
"ATCCACCAGGACAGCT","SRA526435","SRS1915196","Mus musculus","10x chromium","Cortex, hippocampus and subventricular zone","ATCCACCAGGACAGCT",2299,4656,53,0.0113831615120275,"Unknown"
"ATCCACCAGTAATCCC","SRA526435","SRS1915196","Mus musculus","10x chromium","Cortex, hippocampus and subventricular zone","ATCCACCAGTAATCCC",1960,3986,50,0.0125439036628199,"Unknown"
"ATCCACCCAAGCTGAG","SRA526435","SRS1915196","Mus musculus","10x chromium","Cortex, hippocampus and subventricular zone","ATCCACCCAAGCTGAG",1342,2288,33,0.0144230769230769,"Unknown"
"ATCCACCCACTCTGTC","SRA526435","SRS1915196","Mus musculus","10x chromium","Cortex, hippocampus and subventricular zone","ATCCACCCACTCTGTC",698,1271,3,0.002360346184107,"Unknown"
"ATCCACCGTAACGCGA","SRA526435","SRS1915196","Mus musculus","10x chromium","Cortex, hippocampus and subventricular zone","ATCCACCGTAACGCGA",2928,7212,79,0.0109539656128674,"Unknown"
"ATCCACCGTGATAAGT","SRA526435","SRS1915196","Mus musculus","10x chromium","Cortex, hippocampus and subventricular zone","ATCCACCGTGATAAGT",1338,2357,42,0.0178192617734408,"Unknown"
"ATCCACCGTTCGTCTC","SRA526435","SRS1915196","Mus musculus","10x chromium","Cortex, hippocampus and subventricular zone","ATCCACCGTTCGTCTC",1935,3673,60,0.0163354206370814,"Unknown"
"ATCCACCTCTCAACTT","SRA526435","SRS1915196","Mus musculus","10x chromium","Cortex, hippocampus and subventricular zone","ATCCACCTCTCAACTT",1823,3292,61,0.0185297691373026,"Unknown"
"ATCCGAAAGACACGAC","SRA526435","SRS1915196","Mus musculus","10x chromium","Cortex, hippocampus and subventricular zone","ATCCGAAAGACACGAC",3133,8042,63,0.00783387217110172,"Unknown"
"ATCCGAAAGCAATATG","SRA526435","SRS1915196","Mus musculus","10x chromium","Cortex, hippocampus and subventricular zone","ATCCGAAAGCAATATG",3394,8057,46,0.00570932108725332,"Unknown"
"ATCCGAAAGCGATATA","SRA526435","SRS1915196","Mus musculus","10x chromium","Cortex, hippocampus and subventricular zone","ATCCGAAAGCGATATA",1070,1583,40,0.0252684775742262,"Unknown"
"ATCCGAAAGGACGAAA","SRA526435","SRS1915196","Mus musculus","10x chromium","Cortex, hippocampus and subventricular zone","ATCCGAAAGGACGAAA",1597,2991,58,0.019391507856904,"Unknown"
"ATCCGAAAGTAATCCC","SRA526435","SRS1915196","Mus musculus","10x chromium","Cortex, hippocampus and subventricular zone","ATCCGAAAGTAATCCC",2488,5579,53,0.00949991037820398,"Unknown"
"ATCCGAAAGTACGACG","SRA526435","SRS1915196","Mus musculus","10x chromium","Cortex, hippocampus and subventricular zone","ATCCGAAAGTACGACG",2386,5332,46,0.0086271567891973,"Unknown"
"ATCCGAAAGTGAAGTT","SRA526435","SRS1915196","Mus musculus","10x chromium","Cortex, hippocampus and subventricular zone","ATCCGAAAGTGAAGTT",998,1475,56,0.0379661016949153,"Unknown"
"ATCCGAAAGTGTTGAA","SRA526435","SRS1915196","Mus musculus","10x chromium","Cortex, hippocampus and subventricular zone","ATCCGAAAGTGTTGAA",2885,7226,77,0.0106559645723775,"Unknown"
"ATCCGAACAGATAATG","SRA526435","SRS1915196","Mus musculus","10x chromium","Cortex, hippocampus and subventricular zone","ATCCGAACAGATAATG",752,1173,8,0.00682011935208866,"Unknown"
"ATCCGAACAGCATACT","SRA526435","SRS1915196","Mus musculus","10x chromium","Cortex, hippocampus and subventricular zone","ATCCGAACAGCATACT",846,1205,20,0.016597510373444,"Unknown"
"ATCCGAACATGTAGTC","SRA526435","SRS1915196","Mus musculus","10x chromium","Cortex, hippocampus and subventricular zone","ATCCGAACATGTAGTC",2405,5367,105,0.019564002235886,"Unknown"
"ATCCGAAGTACAGCAG","SRA526435","SRS1915196","Mus musculus","10x chromium","Cortex, hippocampus and subventricular zone","ATCCGAAGTACAGCAG",2117,4467,57,0.012760241773002,"Unknown"
"ATCCGAAGTCTAACGT","SRA526435","SRS1915196","Mus musculus","10x chromium","Cortex, hippocampus and subventricular zone","ATCCGAAGTCTAACGT",2844,6258,42,0.00671140939597315,"Unknown"
"ATCCGAAGTCTCTTTA","SRA526435","SRS1915196","Mus musculus","10x chromium","Cortex, hippocampus and subventricular zone","ATCCGAAGTCTCTTTA",2539,6146,92,0.0149690855841198,"Unknown"
"ATCCGAAGTGCTTCTC","SRA526435","SRS1915196","Mus musculus","10x chromium","Cortex, hippocampus and subventricular zone","ATCCGAAGTGCTTCTC",2568,5613,69,0.0122928915018707,"Unknown"
"ATCCGAAGTTTGGCGC","SRA526435","SRS1915196","Mus musculus","10x chromium","Cortex, hippocampus and subventricular zone","ATCCGAAGTTTGGCGC",1412,2744,47,0.0171282798833819,"Unknown"
"ATCCGAATCAGTTGAC","SRA526435","SRS1915196","Mus musculus","10x chromium","Cortex, hippocampus and subventricular zone","ATCCGAATCAGTTGAC",681,1005,44,0.0437810945273632,"Unknown"
"ATCCGAATCATCTGCC","SRA526435","SRS1915196","Mus musculus","10x chromium","Cortex, hippocampus and subventricular zone","ATCCGAATCATCTGCC",2280,4584,80,0.0174520069808028,"Unknown"
"ATCCGAATCCCTTGTG","SRA526435","SRS1915196","Mus musculus","10x chromium","Cortex, hippocampus and subventricular zone","ATCCGAATCCCTTGTG",1292,2232,55,0.0246415770609319,"Unknown"
"ATCCGAATCCTTGACC","SRA526435","SRS1915196","Mus musculus","10x chromium","Cortex, hippocampus and subventricular zone","ATCCGAATCCTTGACC",3253,8205,126,0.0153564899451554,"Unknown"
"ATCCGAATCGGACAAG","SRA526435","SRS1915196","Mus musculus","10x chromium","Cortex, hippocampus and subventricular zone","ATCCGAATCGGACAAG",2120,5020,61,0.0121513944223108,"Unknown"
"ATCCGAATCGGATGGA","SRA526435","SRS1915196","Mus musculus","10x chromium","Cortex, hippocampus and subventricular zone","ATCCGAATCGGATGGA",979,1488,35,0.0235215053763441,"Unknown"
"ATCCGAATCGTAGATC","SRA526435","SRS1915196","Mus musculus","10x chromium","Cortex, hippocampus and subventricular zone","ATCCGAATCGTAGATC",1803,3314,27,0.00814725407362704,"Unknown"
"ATCGAGTAGATATACG","SRA526435","SRS1915196","Mus musculus","10x chromium","Cortex, hippocampus and subventricular zone","ATCGAGTAGATATACG",2058,4605,83,0.0180238870792617,"Unknown"
"ATCGAGTAGCTGATAA","SRA526435","SRS1915196","Mus musculus","10x chromium","Cortex, hippocampus and subventricular zone","ATCGAGTAGCTGATAA",2000,3963,50,0.0126167045167802,"Unknown"
"ATCGAGTAGGACGAAA","SRA526435","SRS1915196","Mus musculus","10x chromium","Cortex, hippocampus and subventricular zone","ATCGAGTAGGACGAAA",2713,6563,85,0.0129513941794911,"Unknown"
"ATCGAGTAGGTGCTTT","SRA526435","SRS1915196","Mus musculus","10x chromium","Cortex, hippocampus and subventricular zone","ATCGAGTAGGTGCTTT",2204,4459,41,0.00919488674590715,"Unknown"
"ATCGAGTAGTAACCCT","SRA526435","SRS1915196","Mus musculus","10x chromium","Cortex, hippocampus and subventricular zone","ATCGAGTAGTAACCCT",1759,3952,98,0.0247975708502024,"Unknown"
"ATCGAGTAGTGGGCTA","SRA526435","SRS1915196","Mus musculus","10x chromium","Cortex, hippocampus and subventricular zone","ATCGAGTAGTGGGCTA",2160,4537,47,0.0103592682389244,"Unknown"
"ATCGAGTAGTTCCACA","SRA526435","SRS1915196","Mus musculus","10x chromium","Cortex, hippocampus and subventricular zone","ATCGAGTAGTTCCACA",1280,2445,62,0.0253578732106339,"Unknown"
"ATCGAGTCAAACTGCT","SRA526435","SRS1915196","Mus musculus","10x chromium","Cortex, hippocampus and subventricular zone","ATCGAGTCAAACTGCT",1998,4082,37,0.00906418422341989,"Endothelial cells"
"ATCGAGTCACACTGCG","SRA526435","SRS1915196","Mus musculus","10x chromium","Cortex, hippocampus and subventricular zone","ATCGAGTCACACTGCG",2430,5103,60,0.0117577895355673,"Unknown"
"ATCGAGTCACCACGTG","SRA526435","SRS1915196","Mus musculus","10x chromium","Cortex, hippocampus and subventricular zone","ATCGAGTCACCACGTG",1680,3093,54,0.017458777885548,"Unknown"
"ATCGAGTCACCCATGG","SRA526435","SRS1915196","Mus musculus","10x chromium","Cortex, hippocampus and subventricular zone","ATCGAGTCACCCATGG",2308,4744,42,0.00885328836424958,"Unknown"
"ATCGAGTCAGGGATTG","SRA526435","SRS1915196","Mus musculus","10x chromium","Cortex, hippocampus and subventricular zone","ATCGAGTCAGGGATTG",1949,3793,72,0.0189823358818877,"Unknown"
"ATCGAGTCAGGGTTAG","SRA526435","SRS1915196","Mus musculus","10x chromium","Cortex, hippocampus and subventricular zone","ATCGAGTCAGGGTTAG",3598,9496,76,0.0080033698399326,"Unknown"
"ATCGAGTGTACTTCTT","SRA526435","SRS1915196","Mus musculus","10x chromium","Cortex, hippocampus and subventricular zone","ATCGAGTGTACTTCTT",1595,3278,28,0.00854179377669311,"Unknown"
"ATCGAGTGTCGACTAT","SRA526435","SRS1915196","Mus musculus","10x chromium","Cortex, hippocampus and subventricular zone","ATCGAGTGTCGACTAT",2522,5697,82,0.0143935404598912,"Endothelial cells"
"ATCGAGTGTGACAAAT","SRA526435","SRS1915196","Mus musculus","10x chromium","Cortex, hippocampus and subventricular zone","ATCGAGTGTGACAAAT",1368,2651,64,0.024141833270464,"Unknown"
"ATCGAGTGTGCACCAC","SRA526435","SRS1915196","Mus musculus","10x chromium","Cortex, hippocampus and subventricular zone","ATCGAGTGTGCACCAC",2007,3884,28,0.00720906282183316,"Unknown"
"ATCGAGTGTGCCTTGG","SRA526435","SRS1915196","Mus musculus","10x chromium","Cortex, hippocampus and subventricular zone","ATCGAGTGTGCCTTGG",2298,4699,38,0.00808682698446478,"Unknown"
"ATCGAGTTCAAACGGG","SRA526435","SRS1915196","Mus musculus","10x chromium","Cortex, hippocampus and subventricular zone","ATCGAGTTCAAACGGG",2031,3593,11,0.00306150848872808,"Unknown"
"ATCGAGTTCGGACAAG","SRA526435","SRS1915196","Mus musculus","10x chromium","Cortex, hippocampus and subventricular zone","ATCGAGTTCGGACAAG",1155,1818,29,0.015951595159516,"Unknown"
"ATCGAGTTCGTGGGAA","SRA526435","SRS1915196","Mus musculus","10x chromium","Cortex, hippocampus and subventricular zone","ATCGAGTTCGTGGGAA",1633,2956,33,0.0111637347767253,"Unknown"
"ATCGAGTTCTCGCATC","SRA526435","SRS1915196","Mus musculus","10x chromium","Cortex, hippocampus and subventricular zone","ATCGAGTTCTCGCATC",2001,3820,54,0.0141361256544503,"Unknown"
"ATCGAGTTCTGTACGA","SRA526435","SRS1915196","Mus musculus","10x chromium","Cortex, hippocampus and subventricular zone","ATCGAGTTCTGTACGA",3695,11145,142,0.0127411395244504,"Unknown"
"ATCTACTAGACGACGT","SRA526435","SRS1915196","Mus musculus","10x chromium","Cortex, hippocampus and subventricular zone","ATCTACTAGACGACGT",1217,2013,34,0.0168902136115251,"Unknown"
"ATCTACTAGATGTGTA","SRA526435","SRS1915196","Mus musculus","10x chromium","Cortex, hippocampus and subventricular zone","ATCTACTAGATGTGTA",1073,1713,79,0.0461179217746643,"Unknown"
"ATCTACTAGGAGCGTT","SRA526435","SRS1915196","Mus musculus","10x chromium","Cortex, hippocampus and subventricular zone","ATCTACTAGGAGCGTT",2219,4636,37,0.00798101811906816,"Unknown"
"ATCTACTAGGGTTCCC","SRA526435","SRS1915196","Mus musculus","10x chromium","Cortex, hippocampus and subventricular zone","ATCTACTAGGGTTCCC",1595,2771,38,0.0137134608444605,"Unknown"
"ATCTACTCAGTGGGAT","SRA526435","SRS1915196","Mus musculus","10x chromium","Cortex, hippocampus and subventricular zone","ATCTACTCAGTGGGAT",1499,2742,27,0.00984682713347921,"Unknown"
"ATCTACTCATCCGTGG","SRA526435","SRS1915196","Mus musculus","10x chromium","Cortex, hippocampus and subventricular zone","ATCTACTCATCCGTGG",2330,5283,55,0.0104107514669695,"Unknown"
"ATCTACTCATTTGCCC","SRA526435","SRS1915196","Mus musculus","10x chromium","Cortex, hippocampus and subventricular zone","ATCTACTCATTTGCCC",1475,2734,39,0.0142648134601317,"Unknown"
"ATCTACTGTATTACCG","SRA526435","SRS1915196","Mus musculus","10x chromium","Cortex, hippocampus and subventricular zone","ATCTACTGTATTACCG",2745,6071,66,0.0108713556251029,"Unknown"
"ATCTACTGTGCAGGTA","SRA526435","SRS1915196","Mus musculus","10x chromium","Cortex, hippocampus and subventricular zone","ATCTACTGTGCAGGTA",1023,2395,42,0.0175365344467641,"Microglia"
"ATCTACTGTTTCGCTC","SRA526435","SRS1915196","Mus musculus","10x chromium","Cortex, hippocampus and subventricular zone","ATCTACTGTTTCGCTC",123,4056,10,0.002465483234714,"Erythroid-like and erythroid precursor cells"
"ATCTACTTCATATCGG","SRA526435","SRS1915196","Mus musculus","10x chromium","Cortex, hippocampus and subventricular zone","ATCTACTTCATATCGG",919,1330,19,0.0142857142857143,"Unknown"
"ATCTACTTCATTTGGG","SRA526435","SRS1915196","Mus musculus","10x chromium","Cortex, hippocampus and subventricular zone","ATCTACTTCATTTGGG",2150,4798,76,0.015839933305544,"Pericytes"
"ATCTACTTCGAGGTAG","SRA526435","SRS1915196","Mus musculus","10x chromium","Cortex, hippocampus and subventricular zone","ATCTACTTCGAGGTAG",1116,2064,39,0.0188953488372093,"Unknown"
"ATCTACTTCGCGTAGC","SRA526435","SRS1915196","Mus musculus","10x chromium","Cortex, hippocampus and subventricular zone","ATCTACTTCGCGTAGC",2114,4842,101,0.0208591491119372,"Unknown"
"ATCTACTTCTTATCTG","SRA526435","SRS1915196","Mus musculus","10x chromium","Cortex, hippocampus and subventricular zone","ATCTACTTCTTATCTG",2030,3773,40,0.0106016432547045,"Unknown"
"ATCTGCCAGACAATAC","SRA526435","SRS1915196","Mus musculus","10x chromium","Cortex, hippocampus and subventricular zone","ATCTGCCAGACAATAC",1852,3758,39,0.0103778605641299,"Unknown"
"ATCTGCCAGCGTGAGT","SRA526435","SRS1915196","Mus musculus","10x chromium","Cortex, hippocampus and subventricular zone","ATCTGCCAGCGTGAGT",1956,4210,51,0.0121140142517815,"Unknown"
"ATCTGCCAGGCATGGT","SRA526435","SRS1915196","Mus musculus","10x chromium","Cortex, hippocampus and subventricular zone","ATCTGCCAGGCATGGT",1396,2221,23,0.0103556956325979,"Unknown"
"ATCTGCCAGGTTCCTA","SRA526435","SRS1915196","Mus musculus","10x chromium","Cortex, hippocampus and subventricular zone","ATCTGCCAGGTTCCTA",2032,4190,122,0.0291169451073986,"Pericytes"
"ATCTGCCCAACCGCCA","SRA526435","SRS1915196","Mus musculus","10x chromium","Cortex, hippocampus and subventricular zone","ATCTGCCCAACCGCCA",3707,8901,100,0.0112346927311538,"Unknown"
"ATCTGCCCATCGTCGG","SRA526435","SRS1915196","Mus musculus","10x chromium","Cortex, hippocampus and subventricular zone","ATCTGCCCATCGTCGG",3097,7606,97,0.0127530896660531,"Unknown"
"ATCTGCCGTACCGCTG","SRA526435","SRS1915196","Mus musculus","10x chromium","Cortex, hippocampus and subventricular zone","ATCTGCCGTACCGCTG",1768,3349,55,0.0164228127799343,"Unknown"
"ATCTGCCGTACTCAAC","SRA526435","SRS1915196","Mus musculus","10x chromium","Cortex, hippocampus and subventricular zone","ATCTGCCGTACTCAAC",2519,5836,71,0.0121658670322138,"Unknown"
"ATCTGCCGTATGAATG","SRA526435","SRS1915196","Mus musculus","10x chromium","Cortex, hippocampus and subventricular zone","ATCTGCCGTATGAATG",2577,6727,78,0.0115950646647837,"Unknown"
"ATCTGCCGTCGGGTCT","SRA526435","SRS1915196","Mus musculus","10x chromium","Cortex, hippocampus and subventricular zone","ATCTGCCGTCGGGTCT",2367,5049,50,0.00990295107942167,"Unknown"
"ATCTGCCGTTACTGAC","SRA526435","SRS1915196","Mus musculus","10x chromium","Cortex, hippocampus and subventricular zone","ATCTGCCGTTACTGAC",3073,8371,126,0.0150519651176681,"Unknown"
"ATCTGCCGTTAGATGA","SRA526435","SRS1915196","Mus musculus","10x chromium","Cortex, hippocampus and subventricular zone","ATCTGCCGTTAGATGA",1812,3406,26,0.00763358778625954,"Unknown"
"ATCTGCCGTTCCATGA","SRA526435","SRS1915196","Mus musculus","10x chromium","Cortex, hippocampus and subventricular zone","ATCTGCCGTTCCATGA",2142,4363,50,0.0114600045840018,"Unknown"
"ATCTGCCGTTCCGTCT","SRA526435","SRS1915196","Mus musculus","10x chromium","Cortex, hippocampus and subventricular zone","ATCTGCCGTTCCGTCT",1043,1513,10,0.00660938532716457,"Unknown"
"ATCTGCCTCCACTCCA","SRA526435","SRS1915196","Mus musculus","10x chromium","Cortex, hippocampus and subventricular zone","ATCTGCCTCCACTCCA",1933,4028,46,0.0114200595829196,"Unknown"
"ATCTGCCTCCCGACTT","SRA526435","SRS1915196","Mus musculus","10x chromium","Cortex, hippocampus and subventricular zone","ATCTGCCTCCCGACTT",2761,6131,80,0.0130484423421954,"Unknown"
"ATCTGCCTCGAATGGG","SRA526435","SRS1915196","Mus musculus","10x chromium","Cortex, hippocampus and subventricular zone","ATCTGCCTCGAATGGG",2355,5409,97,0.0179330745054539,"Unknown"
"ATCTGCCTCGCCAAAT","SRA526435","SRS1915196","Mus musculus","10x chromium","Cortex, hippocampus and subventricular zone","ATCTGCCTCGCCAAAT",3349,8222,122,0.0148382388713208,"Unknown"
"ATCTGCCTCTGACCTC","SRA526435","SRS1915196","Mus musculus","10x chromium","Cortex, hippocampus and subventricular zone","ATCTGCCTCTGACCTC",2291,4894,74,0.0151205557825909,"Unknown"
"ATCTGCCTCTTGTATC","SRA526435","SRS1915196","Mus musculus","10x chromium","Cortex, hippocampus and subventricular zone","ATCTGCCTCTTGTATC",2042,4020,85,0.0211442786069652,"Unknown"
"ATGAGGGAGAAACCAT","SRA526435","SRS1915196","Mus musculus","10x chromium","Cortex, hippocampus and subventricular zone","ATGAGGGAGAAACCAT",1326,2246,64,0.0284951024042743,"Unknown"
"ATGAGGGAGATATGCA","SRA526435","SRS1915196","Mus musculus","10x chromium","Cortex, hippocampus and subventricular zone","ATGAGGGAGATATGCA",2193,4462,65,0.0145674585387719,"Unknown"
"ATGAGGGAGCGTCTAT","SRA526435","SRS1915196","Mus musculus","10x chromium","Cortex, hippocampus and subventricular zone","ATGAGGGAGCGTCTAT",1373,2467,32,0.0129712201053912,"Unknown"
"ATGAGGGAGCTGCAAG","SRA526435","SRS1915196","Mus musculus","10x chromium","Cortex, hippocampus and subventricular zone","ATGAGGGAGCTGCAAG",1351,2543,90,0.0353912701533622,"Unknown"
"ATGAGGGAGCTGGAAC","SRA526435","SRS1915196","Mus musculus","10x chromium","Cortex, hippocampus and subventricular zone","ATGAGGGAGCTGGAAC",1843,3967,79,0.0199142929165616,"Unknown"
"ATGAGGGAGGGATACC","SRA526435","SRS1915196","Mus musculus","10x chromium","Cortex, hippocampus and subventricular zone","ATGAGGGAGGGATACC",1595,2634,37,0.0140470766894457,"Unknown"
"ATGAGGGCAAACAACA","SRA526435","SRS1915196","Mus musculus","10x chromium","Cortex, hippocampus and subventricular zone","ATGAGGGCAAACAACA",3136,7551,92,0.0121838167130181,"Unknown"
"ATGAGGGCAAATCCGT","SRA526435","SRS1915196","Mus musculus","10x chromium","Cortex, hippocampus and subventricular zone","ATGAGGGCAAATCCGT",1565,2724,14,0.00513950073421439,"Unknown"
"ATGAGGGCACAACGTT","SRA526435","SRS1915196","Mus musculus","10x chromium","Cortex, hippocampus and subventricular zone","ATGAGGGCACAACGTT",1746,3224,46,0.0142679900744417,"Unknown"
"ATGAGGGCACATTCGA","SRA526435","SRS1915196","Mus musculus","10x chromium","Cortex, hippocampus and subventricular zone","ATGAGGGCACATTCGA",2330,4732,26,0.00549450549450549,"Unknown"
"ATGAGGGCATCCAACA","SRA526435","SRS1915196","Mus musculus","10x chromium","Cortex, hippocampus and subventricular zone","ATGAGGGCATCCAACA",2933,7322,67,0.00915050532641355,"Unknown"
"ATGAGGGCATGTCCTC","SRA526435","SRS1915196","Mus musculus","10x chromium","Cortex, hippocampus and subventricular zone","ATGAGGGCATGTCCTC",2199,4323,45,0.0104094378903539,"Unknown"
"ATGAGGGCATGTTCCC","SRA526435","SRS1915196","Mus musculus","10x chromium","Cortex, hippocampus and subventricular zone","ATGAGGGCATGTTCCC",1811,3561,55,0.015445099691098,"Unknown"
"ATGAGGGCATTCACTT","SRA526435","SRS1915196","Mus musculus","10x chromium","Cortex, hippocampus and subventricular zone","ATGAGGGCATTCACTT",4028,11917,136,0.0114122681883024,"Unknown"
"ATGAGGGGTCGTGGCT","SRA526435","SRS1915196","Mus musculus","10x chromium","Cortex, hippocampus and subventricular zone","ATGAGGGGTCGTGGCT",2168,4259,29,0.00680911011974642,"Unknown"
"ATGAGGGGTTCCACTC","SRA526435","SRS1915196","Mus musculus","10x chromium","Cortex, hippocampus and subventricular zone","ATGAGGGGTTCCACTC",2120,4079,43,0.0105417994606521,"Unknown"
"ATGAGGGGTTTGGCGC","SRA526435","SRS1915196","Mus musculus","10x chromium","Cortex, hippocampus and subventricular zone","ATGAGGGGTTTGGCGC",3568,8838,58,0.00656257071735687,"Unknown"
"ATGAGGGTCACATAGC","SRA526435","SRS1915196","Mus musculus","10x chromium","Cortex, hippocampus and subventricular zone","ATGAGGGTCACATAGC",2246,4644,52,0.0111972437553833,"Unknown"
"ATGAGGGTCGAACTGT","SRA526435","SRS1915196","Mus musculus","10x chromium","Cortex, hippocampus and subventricular zone","ATGAGGGTCGAACTGT",1844,3476,64,0.0184119677790564,"Unknown"
"ATGAGGGTCGAGGTAG","SRA526435","SRS1915196","Mus musculus","10x chromium","Cortex, hippocampus and subventricular zone","ATGAGGGTCGAGGTAG",1150,2078,82,0.0394610202117421,"Unknown"
"ATGAGGGTCTAACTGG","SRA526435","SRS1915196","Mus musculus","10x chromium","Cortex, hippocampus and subventricular zone","ATGAGGGTCTAACTGG",1900,3984,38,0.00953815261044177,"Unknown"
"ATGAGGGTCTCGTTTA","SRA526435","SRS1915196","Mus musculus","10x chromium","Cortex, hippocampus and subventricular zone","ATGAGGGTCTCGTTTA",1889,3674,42,0.0114316820903647,"Unknown"
"ATGAGGGTCTGCTGTC","SRA526435","SRS1915196","Mus musculus","10x chromium","Cortex, hippocampus and subventricular zone","ATGAGGGTCTGCTGTC",1133,1859,46,0.0247444862829478,"Unknown"
"ATGAGGGTCTTGTACT","SRA526435","SRS1915196","Mus musculus","10x chromium","Cortex, hippocampus and subventricular zone","ATGAGGGTCTTGTACT",2413,4922,59,0.0119869971556278,"Unknown"
"ATGCGATAGAAGGTTT","SRA526435","SRS1915196","Mus musculus","10x chromium","Cortex, hippocampus and subventricular zone","ATGCGATAGAAGGTTT",1574,2654,9,0.00339110776186888,"Unknown"
"ATGCGATAGCGATATA","SRA526435","SRS1915196","Mus musculus","10x chromium","Cortex, hippocampus and subventricular zone","ATGCGATAGCGATATA",2176,4395,53,0.0120591581342435,"Unknown"
"ATGCGATAGGCAGTCA","SRA526435","SRS1915196","Mus musculus","10x chromium","Cortex, hippocampus and subventricular zone","ATGCGATAGGCAGTCA",3169,7526,179,0.023784214722296,"Unknown"
"ATGCGATAGGTCATCT","SRA526435","SRS1915196","Mus musculus","10x chromium","Cortex, hippocampus and subventricular zone","ATGCGATAGGTCATCT",2938,7193,120,0.0166828861393021,"Unknown"
"ATGCGATAGTCAATAG","SRA526435","SRS1915196","Mus musculus","10x chromium","Cortex, hippocampus and subventricular zone","ATGCGATAGTCAATAG",1783,3553,56,0.0157613284548269,"Unknown"
"ATGCGATAGTCGATAA","SRA526435","SRS1915196","Mus musculus","10x chromium","Cortex, hippocampus and subventricular zone","ATGCGATAGTCGATAA",953,1772,29,0.0163656884875846,"Unknown"
"ATGCGATAGTGGTCCC","SRA526435","SRS1915196","Mus musculus","10x chromium","Cortex, hippocampus and subventricular zone","ATGCGATAGTGGTCCC",2632,6099,107,0.0175438596491228,"Unknown"
"ATGCGATCAAATCCGT","SRA526435","SRS1915196","Mus musculus","10x chromium","Cortex, hippocampus and subventricular zone","ATGCGATCAAATCCGT",3829,10700,76,0.00710280373831776,"Unknown"
"ATGCGATCAATGAAAC","SRA526435","SRS1915196","Mus musculus","10x chromium","Cortex, hippocampus and subventricular zone","ATGCGATCAATGAAAC",1696,2937,34,0.0115764385427307,"Unknown"
"ATGCGATCAGTCGTGC","SRA526435","SRS1915196","Mus musculus","10x chromium","Cortex, hippocampus and subventricular zone","ATGCGATCAGTCGTGC",2538,5765,48,0.00832610581092801,"Cajal-Retzius cells"
"ATGCGATCAGTTCCCT","SRA526435","SRS1915196","Mus musculus","10x chromium","Cortex, hippocampus and subventricular zone","ATGCGATCAGTTCCCT",3562,11876,202,0.017009093971034,"Endothelial cells"
"ATGCGATCATATGAGA","SRA526435","SRS1915196","Mus musculus","10x chromium","Cortex, hippocampus and subventricular zone","ATGCGATCATATGAGA",2491,5382,95,0.017651430694909,"Unknown"
"ATGCGATCATTGGTAC","SRA526435","SRS1915196","Mus musculus","10x chromium","Cortex, hippocampus and subventricular zone","ATGCGATCATTGGTAC",2187,4509,59,0.0130849412286538,"Unknown"
"ATGCGATGTCCTCCAT","SRA526435","SRS1915196","Mus musculus","10x chromium","Cortex, hippocampus and subventricular zone","ATGCGATGTCCTCCAT",1371,2525,41,0.0162376237623762,"Unknown"
"ATGCGATGTCTCTCGT","SRA526435","SRS1915196","Mus musculus","10x chromium","Cortex, hippocampus and subventricular zone","ATGCGATGTCTCTCGT",2152,4198,52,0.0123868508813721,"Unknown"
"ATGCGATGTGGCTCCA","SRA526435","SRS1915196","Mus musculus","10x chromium","Cortex, hippocampus and subventricular zone","ATGCGATGTGGCTCCA",2584,6361,113,0.0177645024367238,"Unknown"
"ATGCGATGTTCGTTGA","SRA526435","SRS1915196","Mus musculus","10x chromium","Cortex, hippocampus and subventricular zone","ATGCGATGTTCGTTGA",3330,7898,126,0.0159534059255508,"Cajal-Retzius cells"
"ATGCGATTCACTGGGC","SRA526435","SRS1915196","Mus musculus","10x chromium","Cortex, hippocampus and subventricular zone","ATGCGATTCACTGGGC",1268,2137,71,0.0332241459990641,"Unknown"
"ATGGGAGAGTCCCACG","SRA526435","SRS1915196","Mus musculus","10x chromium","Cortex, hippocampus and subventricular zone","ATGGGAGAGTCCCACG",1920,3759,66,0.0175578611332801,"Unknown"
"ATGGGAGAGTCGATAA","SRA526435","SRS1915196","Mus musculus","10x chromium","Cortex, hippocampus and subventricular zone","ATGGGAGAGTCGATAA",2643,5302,70,0.013202565069785,"Unknown"
"ATGGGAGAGTCGCCGT","SRA526435","SRS1915196","Mus musculus","10x chromium","Cortex, hippocampus and subventricular zone","ATGGGAGAGTCGCCGT",1153,1845,39,0.0211382113821138,"Unknown"
"ATGGGAGAGTCTTGCA","SRA526435","SRS1915196","Mus musculus","10x chromium","Cortex, hippocampus and subventricular zone","ATGGGAGAGTCTTGCA",1206,1852,28,0.0151187904967603,"Unknown"
"ATGGGAGCAATTCCTT","SRA526435","SRS1915196","Mus musculus","10x chromium","Cortex, hippocampus and subventricular zone","ATGGGAGCAATTCCTT",1527,2607,37,0.014192558496356,"Unknown"
"ATGGGAGCACCCTATC","SRA526435","SRS1915196","Mus musculus","10x chromium","Cortex, hippocampus and subventricular zone","ATGGGAGCACCCTATC",939,1347,52,0.0386043058648849,"Unknown"
"ATGGGAGCATATACCG","SRA526435","SRS1915196","Mus musculus","10x chromium","Cortex, hippocampus and subventricular zone","ATGGGAGCATATACCG",1056,1536,26,0.0169270833333333,"Unknown"
"ATGGGAGGTAAACACA","SRA526435","SRS1915196","Mus musculus","10x chromium","Cortex, hippocampus and subventricular zone","ATGGGAGGTAAACACA",2780,7002,83,0.0118537560696944,"Unknown"
"ATGGGAGGTACAGTGG","SRA526435","SRS1915196","Mus musculus","10x chromium","Cortex, hippocampus and subventricular zone","ATGGGAGGTACAGTGG",1825,3445,47,0.0136429608127721,"Unknown"
"ATGGGAGGTAGGGTAC","SRA526435","SRS1915196","Mus musculus","10x chromium","Cortex, hippocampus and subventricular zone","ATGGGAGGTAGGGTAC",2491,5804,67,0.0115437629221227,"Unknown"
"ATGGGAGGTCGACTGC","SRA526435","SRS1915196","Mus musculus","10x chromium","Cortex, hippocampus and subventricular zone","ATGGGAGGTCGACTGC",1864,3858,23,0.00596163815448419,"Unknown"
"ATGGGAGGTCTCACCT","SRA526435","SRS1915196","Mus musculus","10x chromium","Cortex, hippocampus and subventricular zone","ATGGGAGGTCTCACCT",2482,5866,78,0.0132969655642687,"Unknown"
"ATGGGAGGTGGGTCAA","SRA526435","SRS1915196","Mus musculus","10x chromium","Cortex, hippocampus and subventricular zone","ATGGGAGGTGGGTCAA",1753,3066,58,0.0189171559034573,"Unknown"
"ATGGGAGGTGTTAAGA","SRA526435","SRS1915196","Mus musculus","10x chromium","Cortex, hippocampus and subventricular zone","ATGGGAGGTGTTAAGA",2512,5451,60,0.0110071546505228,"Unknown"
"ATGGGAGGTTACTGAC","SRA526435","SRS1915196","Mus musculus","10x chromium","Cortex, hippocampus and subventricular zone","ATGGGAGGTTACTGAC",2158,4528,57,0.0125883392226148,"Unknown"
"ATGGGAGGTTCGAATC","SRA526435","SRS1915196","Mus musculus","10x chromium","Cortex, hippocampus and subventricular zone","ATGGGAGGTTCGAATC",1786,2952,75,0.0254065040650406,"Unknown"
"ATGGGAGGTTCGCTAA","SRA526435","SRS1915196","Mus musculus","10x chromium","Cortex, hippocampus and subventricular zone","ATGGGAGGTTCGCTAA",2918,7669,94,0.0122571391315687,"Unknown"
"ATGGGAGGTTTGCATG","SRA526435","SRS1915196","Mus musculus","10x chromium","Cortex, hippocampus and subventricular zone","ATGGGAGGTTTGCATG",3543,9179,135,0.0147074844754331,"Unknown"
"ATGGGAGTCAACACGT","SRA526435","SRS1915196","Mus musculus","10x chromium","Cortex, hippocampus and subventricular zone","ATGGGAGTCAACACGT",1559,2800,37,0.0132142857142857,"Unknown"
"ATGGGAGTCACATAGC","SRA526435","SRS1915196","Mus musculus","10x chromium","Cortex, hippocampus and subventricular zone","ATGGGAGTCACATAGC",2365,4972,75,0.0150844730490748,"Unknown"
"ATGGGAGTCACGACTA","SRA526435","SRS1915196","Mus musculus","10x chromium","Cortex, hippocampus and subventricular zone","ATGGGAGTCACGACTA",2689,5509,71,0.0128880014521692,"Unknown"
"ATGGGAGTCCAGTATG","SRA526435","SRS1915196","Mus musculus","10x chromium","Cortex, hippocampus and subventricular zone","ATGGGAGTCCAGTATG",2488,5668,54,0.00952717007762879,"Unknown"
"ATGGGAGTCGCCTGAG","SRA526435","SRS1915196","Mus musculus","10x chromium","Cortex, hippocampus and subventricular zone","ATGGGAGTCGCCTGAG",1739,3219,32,0.00994097545821684,"Unknown"
"ATGGGAGTCGTAGATC","SRA526435","SRS1915196","Mus musculus","10x chromium","Cortex, hippocampus and subventricular zone","ATGGGAGTCGTAGATC",1588,3068,36,0.0117340286831812,"Unknown"
"ATGTGTGAGCCAGAAC","SRA526435","SRS1915196","Mus musculus","10x chromium","Cortex, hippocampus and subventricular zone","ATGTGTGAGCCAGAAC",1743,3446,54,0.0156703424260012,"Unknown"
"ATGTGTGAGCTGCCCA","SRA526435","SRS1915196","Mus musculus","10x chromium","Cortex, hippocampus and subventricular zone","ATGTGTGAGCTGCCCA",1106,1918,45,0.0234619395203337,"Unknown"
"ATGTGTGAGGATGGTC","SRA526435","SRS1915196","Mus musculus","10x chromium","Cortex, hippocampus and subventricular zone","ATGTGTGAGGATGGTC",3352,8467,162,0.0191331049958663,"Unknown"
"ATGTGTGAGGTGCTAG","SRA526435","SRS1915196","Mus musculus","10x chromium","Cortex, hippocampus and subventricular zone","ATGTGTGAGGTGCTAG",1675,3066,37,0.0120678408349641,"Unknown"
"ATGTGTGAGTGTCTCA","SRA526435","SRS1915196","Mus musculus","10x chromium","Cortex, hippocampus and subventricular zone","ATGTGTGAGTGTCTCA",1980,3785,55,0.0145310435931308,"Unknown"
"ATGTGTGCAAACTGCT","SRA526435","SRS1915196","Mus musculus","10x chromium","Cortex, hippocampus and subventricular zone","ATGTGTGCAAACTGCT",1596,2856,68,0.0238095238095238,"Unknown"
"ATGTGTGCACTAAGTC","SRA526435","SRS1915196","Mus musculus","10x chromium","Cortex, hippocampus and subventricular zone","ATGTGTGCACTAAGTC",2498,5621,69,0.0122753958370397,"Unknown"
"ATGTGTGCATACTACG","SRA526435","SRS1915196","Mus musculus","10x chromium","Cortex, hippocampus and subventricular zone","ATGTGTGCATACTACG",692,1133,32,0.028243601059135,"Unknown"
"ATGTGTGCATTGTGCA","SRA526435","SRS1915196","Mus musculus","10x chromium","Cortex, hippocampus and subventricular zone","ATGTGTGCATTGTGCA",2739,6427,65,0.0101135833203672,"Unknown"
"ATGTGTGGTACCGTTA","SRA526435","SRS1915196","Mus musculus","10x chromium","Cortex, hippocampus and subventricular zone","ATGTGTGGTACCGTTA",1947,3601,14,0.00388780894196057,"Unknown"
"ATGTGTGGTCCCTACT","SRA526435","SRS1915196","Mus musculus","10x chromium","Cortex, hippocampus and subventricular zone","ATGTGTGGTCCCTACT",3002,7027,67,0.00953465205635406,"Unknown"
"ATGTGTGGTCTTTCAT","SRA526435","SRS1915196","Mus musculus","10x chromium","Cortex, hippocampus and subventricular zone","ATGTGTGGTCTTTCAT",1827,3578,29,0.00810508664058133,"Unknown"
"ATGTGTGGTTATCACG","SRA526435","SRS1915196","Mus musculus","10x chromium","Cortex, hippocampus and subventricular zone","ATGTGTGGTTATCACG",2131,4387,42,0.00957374059721906,"Unknown"
"ATGTGTGTCAGCAACT","SRA526435","SRS1915196","Mus musculus","10x chromium","Cortex, hippocampus and subventricular zone","ATGTGTGTCAGCAACT",1906,3436,73,0.0212456344586729,"Unknown"
"ATGTGTGTCCCAAGAT","SRA526435","SRS1915196","Mus musculus","10x chromium","Cortex, hippocampus and subventricular zone","ATGTGTGTCCCAAGAT",741,1161,30,0.0258397932816537,"Cajal-Retzius cells"
"ATGTGTGTCCTAGAAC","SRA526435","SRS1915196","Mus musculus","10x chromium","Cortex, hippocampus and subventricular zone","ATGTGTGTCCTAGAAC",1103,1781,55,0.0308815272318922,"Unknown"
"ATGTGTGTCGGTCTAA","SRA526435","SRS1915196","Mus musculus","10x chromium","Cortex, hippocampus and subventricular zone","ATGTGTGTCGGTCTAA",1432,2671,26,0.00973418195432422,"Unknown"
"ATGTGTGTCTCTAAGG","SRA526435","SRS1915196","Mus musculus","10x chromium","Cortex, hippocampus and subventricular zone","ATGTGTGTCTCTAAGG",3450,8415,76,0.00903149138443256,"Cajal-Retzius cells"
"ATGTGTGTCTTCGGTC","SRA526435","SRS1915196","Mus musculus","10x chromium","Cortex, hippocampus and subventricular zone","ATGTGTGTCTTCGGTC",2185,4688,82,0.0174914675767918,"Unknown"
"ATTACTCAGAAAGTGG","SRA526435","SRS1915196","Mus musculus","10x chromium","Cortex, hippocampus and subventricular zone","ATTACTCAGAAAGTGG",1875,4052,55,0.013573543928924,"Unknown"
"ATTACTCAGCCCTAAT","SRA526435","SRS1915196","Mus musculus","10x chromium","Cortex, hippocampus and subventricular zone","ATTACTCAGCCCTAAT",710,1072,12,0.0111940298507463,"Unknown"
"ATTACTCAGCGATGAC","SRA526435","SRS1915196","Mus musculus","10x chromium","Cortex, hippocampus and subventricular zone","ATTACTCAGCGATGAC",969,1682,68,0.0404280618311534,"Unknown"
"ATTACTCAGTGGGATC","SRA526435","SRS1915196","Mus musculus","10x chromium","Cortex, hippocampus and subventricular zone","ATTACTCAGTGGGATC",1314,2261,57,0.0252100840336134,"Unknown"
"ATTACTCCACAACTGT","SRA526435","SRS1915196","Mus musculus","10x chromium","Cortex, hippocampus and subventricular zone","ATTACTCCACAACTGT",2815,6702,80,0.0119367353028947,"Unknown"
"ATTACTCCACGCCAGT","SRA526435","SRS1915196","Mus musculus","10x chromium","Cortex, hippocampus and subventricular zone","ATTACTCCACGCCAGT",1551,2940,31,0.0105442176870748,"Unknown"
"ATTACTCCAGTCACTA","SRA526435","SRS1915196","Mus musculus","10x chromium","Cortex, hippocampus and subventricular zone","ATTACTCCAGTCACTA",1329,2320,38,0.0163793103448276,"Unknown"
"ATTACTCCAGTGAGTG","SRA526435","SRS1915196","Mus musculus","10x chromium","Cortex, hippocampus and subventricular zone","ATTACTCCAGTGAGTG",2606,6015,96,0.0159600997506234,"Unknown"
"ATTACTCCATACGCCG","SRA526435","SRS1915196","Mus musculus","10x chromium","Cortex, hippocampus and subventricular zone","ATTACTCCATACGCCG",2322,4508,47,0.0104259094942325,"Unknown"
"ATTACTCGTAATAGCA","SRA526435","SRS1915196","Mus musculus","10x chromium","Cortex, hippocampus and subventricular zone","ATTACTCGTAATAGCA",1967,3834,37,0.00965049556598852,"Unknown"
"ATTACTCGTTACGGAG","SRA526435","SRS1915196","Mus musculus","10x chromium","Cortex, hippocampus and subventricular zone","ATTACTCGTTACGGAG",983,1576,57,0.0361675126903553,"Unknown"
"ATTACTCGTTCAGGCC","SRA526435","SRS1915196","Mus musculus","10x chromium","Cortex, hippocampus and subventricular zone","ATTACTCGTTCAGGCC",1730,3102,49,0.0157962604771115,"Unknown"
"ATTACTCTCACCGGGT","SRA526435","SRS1915196","Mus musculus","10x chromium","Cortex, hippocampus and subventricular zone","ATTACTCTCACCGGGT",2858,6442,46,0.00714063955293387,"Unknown"
"ATTACTCTCCGAACGC","SRA526435","SRS1915196","Mus musculus","10x chromium","Cortex, hippocampus and subventricular zone","ATTACTCTCCGAACGC",3648,11026,85,0.00770905133321241,"Unknown"
"ATTACTCTCCGCAAGC","SRA526435","SRS1915196","Mus musculus","10x chromium","Cortex, hippocampus and subventricular zone","ATTACTCTCCGCAAGC",1469,2441,30,0.0122900450634986,"Unknown"
"ATTACTCTCCGTCAAA","SRA526435","SRS1915196","Mus musculus","10x chromium","Cortex, hippocampus and subventricular zone","ATTACTCTCCGTCAAA",2343,4536,52,0.0114638447971781,"Unknown"
"ATTACTCTCGGCATCG","SRA526435","SRS1915196","Mus musculus","10x chromium","Cortex, hippocampus and subventricular zone","ATTACTCTCGGCATCG",2474,5616,86,0.0153133903133903,"Unknown"
"ATTACTCTCGGCGCTA","SRA526435","SRS1915196","Mus musculus","10x chromium","Cortex, hippocampus and subventricular zone","ATTACTCTCGGCGCTA",1858,3590,66,0.0183844011142061,"Unknown"
"ATTACTCTCTGCAGTA","SRA526435","SRS1915196","Mus musculus","10x chromium","Cortex, hippocampus and subventricular zone","ATTACTCTCTGCAGTA",2804,6627,58,0.00875207484532971,"Unknown"
"ATTACTCTCTGGCGTG","SRA526435","SRS1915196","Mus musculus","10x chromium","Cortex, hippocampus and subventricular zone","ATTACTCTCTGGCGTG",2813,7072,108,0.0152714932126697,"Unknown"
"ATTATCCAGATGGGTC","SRA526435","SRS1915196","Mus musculus","10x chromium","Cortex, hippocampus and subventricular zone","ATTATCCAGATGGGTC",2942,7406,81,0.0109370780448285,"Unknown"
"ATTATCCAGCTTTGGT","SRA526435","SRS1915196","Mus musculus","10x chromium","Cortex, hippocampus and subventricular zone","ATTATCCAGCTTTGGT",756,1003,47,0.0468594217347956,"Unknown"
"ATTATCCAGGGCTTCC","SRA526435","SRS1915196","Mus musculus","10x chromium","Cortex, hippocampus and subventricular zone","ATTATCCAGGGCTTCC",2252,5141,94,0.0182843804707255,"Unknown"
"ATTATCCAGTTCGCGC","SRA526435","SRS1915196","Mus musculus","10x chromium","Cortex, hippocampus and subventricular zone","ATTATCCAGTTCGCGC",2651,6607,63,0.00953534130467686,"Unknown"
"ATTATCCCAAGCCATT","SRA526435","SRS1915196","Mus musculus","10x chromium","Cortex, hippocampus and subventricular zone","ATTATCCCAAGCCATT",2181,4523,69,0.0152553614857396,"Unknown"
"ATTATCCCACGAAAGC","SRA526435","SRS1915196","Mus musculus","10x chromium","Cortex, hippocampus and subventricular zone","ATTATCCCACGAAAGC",186,7681,8,0.00104153105064445,"Erythroid-like and erythroid precursor cells"
"ATTATCCCATGGTTGT","SRA526435","SRS1915196","Mus musculus","10x chromium","Cortex, hippocampus and subventricular zone","ATTATCCCATGGTTGT",1846,3826,63,0.016466283324621,"Unknown"
"ATTATCCCATTAGGCT","SRA526435","SRS1915196","Mus musculus","10x chromium","Cortex, hippocampus and subventricular zone","ATTATCCCATTAGGCT",90,1306,0,0,"Erythroid-like and erythroid precursor cells"
"ATTATCCGTACAGACG","SRA526435","SRS1915196","Mus musculus","10x chromium","Cortex, hippocampus and subventricular zone","ATTATCCGTACAGACG",772,1162,46,0.0395869191049914,"Unknown"
"ATTATCCGTACCTACA","SRA526435","SRS1915196","Mus musculus","10x chromium","Cortex, hippocampus and subventricular zone","ATTATCCGTACCTACA",2228,4868,56,0.0115036976170912,"Unknown"
"ATTATCCGTCCGAATT","SRA526435","SRS1915196","Mus musculus","10x chromium","Cortex, hippocampus and subventricular zone","ATTATCCGTCCGAATT",2452,6009,79,0.0131469462472957,"Unknown"
"ATTATCCGTCGCTTCT","SRA526435","SRS1915196","Mus musculus","10x chromium","Cortex, hippocampus and subventricular zone","ATTATCCGTCGCTTCT",3659,11363,81,0.00712839919035466,"Unknown"
"ATTATCCGTCGGCTCA","SRA526435","SRS1915196","Mus musculus","10x chromium","Cortex, hippocampus and subventricular zone","ATTATCCGTCGGCTCA",1909,3669,54,0.0147179067865904,"Unknown"
"ATTATCCGTGGACGAT","SRA526435","SRS1915196","Mus musculus","10x chromium","Cortex, hippocampus and subventricular zone","ATTATCCGTGGACGAT",1611,3146,62,0.0197075651621106,"Unknown"
"ATTATCCGTTAGATGA","SRA526435","SRS1915196","Mus musculus","10x chromium","Cortex, hippocampus and subventricular zone","ATTATCCGTTAGATGA",3183,8003,85,0.0106210171185805,"Unknown"
"ATTATCCTCAATACCG","SRA526435","SRS1915196","Mus musculus","10x chromium","Cortex, hippocampus and subventricular zone","ATTATCCTCAATACCG",2296,4977,73,0.0146674703636729,"Unknown"
"ATTATCCTCACAATGC","SRA526435","SRS1915196","Mus musculus","10x chromium","Cortex, hippocampus and subventricular zone","ATTATCCTCACAATGC",2493,5606,32,0.00570816981805209,"Unknown"
"ATTATCCTCGGTTAAC","SRA526435","SRS1915196","Mus musculus","10x chromium","Cortex, hippocampus and subventricular zone","ATTATCCTCGGTTAAC",3105,8232,101,0.0122691933916424,"Unknown"
"ATTATCCTCTTAACCT","SRA526435","SRS1915196","Mus musculus","10x chromium","Cortex, hippocampus and subventricular zone","ATTATCCTCTTAACCT",2377,5091,65,0.0127676291494795,"Unknown"
"ATTCTACAGCATCATC","SRA526435","SRS1915196","Mus musculus","10x chromium","Cortex, hippocampus and subventricular zone","ATTCTACAGCATCATC",2428,5187,93,0.0179294389820706,"Unknown"
"ATTCTACCACCCTATC","SRA526435","SRS1915196","Mus musculus","10x chromium","Cortex, hippocampus and subventricular zone","ATTCTACCACCCTATC",2062,4005,31,0.00774032459425718,"Unknown"
"ATTCTACCAGCTGCAC","SRA526435","SRS1915196","Mus musculus","10x chromium","Cortex, hippocampus and subventricular zone","ATTCTACCAGCTGCAC",772,1005,46,0.045771144278607,"Unknown"
"ATTCTACCATGAGCGA","SRA526435","SRS1915196","Mus musculus","10x chromium","Cortex, hippocampus and subventricular zone","ATTCTACCATGAGCGA",1065,1636,28,0.0171149144254279,"Unknown"
"ATTCTACCATGCCCGA","SRA526435","SRS1915196","Mus musculus","10x chromium","Cortex, hippocampus and subventricular zone","ATTCTACCATGCCCGA",2513,5542,73,0.0131721400216528,"Unknown"
"ATTCTACGTACATGTC","SRA526435","SRS1915196","Mus musculus","10x chromium","Cortex, hippocampus and subventricular zone","ATTCTACGTACATGTC",2448,5485,67,0.0122151321786691,"Unknown"
"ATTCTACGTATAGTAG","SRA526435","SRS1915196","Mus musculus","10x chromium","Cortex, hippocampus and subventricular zone","ATTCTACGTATAGTAG",1018,1791,40,0.0223338916806253,"Unknown"
"ATTCTACGTATTCTCT","SRA526435","SRS1915196","Mus musculus","10x chromium","Cortex, hippocampus and subventricular zone","ATTCTACGTATTCTCT",1341,2302,37,0.0160729800173762,"Unknown"
"ATTCTACGTCAAGCGA","SRA526435","SRS1915196","Mus musculus","10x chromium","Cortex, hippocampus and subventricular zone","ATTCTACGTCAAGCGA",2173,4278,42,0.00981767180925666,"Unknown"
"ATTCTACGTCTCGTTC","SRA526435","SRS1915196","Mus musculus","10x chromium","Cortex, hippocampus and subventricular zone","ATTCTACGTCTCGTTC",1080,1908,44,0.0230607966457023,"Unknown"
"ATTCTACGTGCAGACA","SRA526435","SRS1915196","Mus musculus","10x chromium","Cortex, hippocampus and subventricular zone","ATTCTACGTGCAGACA",3206,8555,54,0.00631209818819404,"Unknown"
"ATTCTACGTTATTCTC","SRA526435","SRS1915196","Mus musculus","10x chromium","Cortex, hippocampus and subventricular zone","ATTCTACGTTATTCTC",1880,3664,60,0.0163755458515284,"Unknown"
"ATTCTACGTTCTGAAC","SRA526435","SRS1915196","Mus musculus","10x chromium","Cortex, hippocampus and subventricular zone","ATTCTACGTTCTGAAC",2684,6040,59,0.0097682119205298,"Unknown"
"ATTCTACTCAACTCTT","SRA526435","SRS1915196","Mus musculus","10x chromium","Cortex, hippocampus and subventricular zone","ATTCTACTCAACTCTT",2792,6448,65,0.0100806451612903,"Unknown"
"ATTCTACTCATGCAAC","SRA526435","SRS1915196","Mus musculus","10x chromium","Cortex, hippocampus and subventricular zone","ATTCTACTCATGCAAC",2406,5469,69,0.0126165660998354,"Unknown"
"ATTCTACTCATGCTCC","SRA526435","SRS1915196","Mus musculus","10x chromium","Cortex, hippocampus and subventricular zone","ATTCTACTCATGCTCC",2060,4157,68,0.0163579504450325,"Unknown"
"ATTCTACTCGCAGGCT","SRA526435","SRS1915196","Mus musculus","10x chromium","Cortex, hippocampus and subventricular zone","ATTCTACTCGCAGGCT",759,1094,58,0.0530164533820841,"Unknown"
"ATTCTACTCTGATTCT","SRA526435","SRS1915196","Mus musculus","10x chromium","Cortex, hippocampus and subventricular zone","ATTCTACTCTGATTCT",2103,5099,58,0.0113747793685036,"Unknown"
"ATTCTACTCTGTTGAG","SRA526435","SRS1915196","Mus musculus","10x chromium","Cortex, hippocampus and subventricular zone","ATTCTACTCTGTTGAG",2315,5163,95,0.0184001549486733,"Unknown"
"ATTCTACTCTTTACGT","SRA526435","SRS1915196","Mus musculus","10x chromium","Cortex, hippocampus and subventricular zone","ATTCTACTCTTTACGT",2395,6654,63,0.00946798917944094,"Unknown"
"ATTGGACAGACCTTTG","SRA526435","SRS1915196","Mus musculus","10x chromium","Cortex, hippocampus and subventricular zone","ATTGGACAGACCTTTG",1678,3229,43,0.0133168163518117,"Unknown"
"ATTGGACAGCATGGCA","SRA526435","SRS1915196","Mus musculus","10x chromium","Cortex, hippocampus and subventricular zone","ATTGGACAGCATGGCA",1939,3959,22,0.00555695882798687,"Unknown"
"ATTGGACAGCCCAGCT","SRA526435","SRS1915196","Mus musculus","10x chromium","Cortex, hippocampus and subventricular zone","ATTGGACAGCCCAGCT",4117,12246,150,0.0122488975992161,"Unknown"
"ATTGGACAGGCTAGCA","SRA526435","SRS1915196","Mus musculus","10x chromium","Cortex, hippocampus and subventricular zone","ATTGGACAGGCTAGCA",1553,2635,52,0.0197343453510436,"Unknown"
"ATTGGACAGTACATGA","SRA526435","SRS1915196","Mus musculus","10x chromium","Cortex, hippocampus and subventricular zone","ATTGGACAGTACATGA",2132,4594,76,0.0165433173704832,"Unknown"
"ATTGGACAGTACGCCC","SRA526435","SRS1915196","Mus musculus","10x chromium","Cortex, hippocampus and subventricular zone","ATTGGACAGTACGCCC",2128,4358,71,0.0162918770078017,"Unknown"
"ATTGGACAGTGGAGAA","SRA526435","SRS1915196","Mus musculus","10x chromium","Cortex, hippocampus and subventricular zone","ATTGGACAGTGGAGAA",1085,1828,24,0.0131291028446389,"Unknown"
"ATTGGACCAGATCTGT","SRA526435","SRS1915196","Mus musculus","10x chromium","Cortex, hippocampus and subventricular zone","ATTGGACCAGATCTGT",133,3303,11,0.00333030578262186,"Erythroid-like and erythroid precursor cells"
"ATTGGACCAGTAAGCG","SRA526435","SRS1915196","Mus musculus","10x chromium","Cortex, hippocampus and subventricular zone","ATTGGACCAGTAAGCG",2714,6041,63,0.0104287369640788,"Unknown"
"ATTGGACCATGCTGGC","SRA526435","SRS1915196","Mus musculus","10x chromium","Cortex, hippocampus and subventricular zone","ATTGGACCATGCTGGC",2945,7267,87,0.0119719278932159,"Unknown"
"ATTGGACGTAAACCTC","SRA526435","SRS1915196","Mus musculus","10x chromium","Cortex, hippocampus and subventricular zone","ATTGGACGTAAACCTC",1967,3933,61,0.0155097889651665,"Unknown"
"ATTGGACGTAGGAGTC","SRA526435","SRS1915196","Mus musculus","10x chromium","Cortex, hippocampus and subventricular zone","ATTGGACGTAGGAGTC",3964,11261,95,0.0084361957197407,"Unknown"
"ATTGGACGTCAACATC","SRA526435","SRS1915196","Mus musculus","10x chromium","Cortex, hippocampus and subventricular zone","ATTGGACGTCAACATC",2719,6779,74,0.0109160643162708,"Endothelial cells"
"ATTGGACGTGCCTGTG","SRA526435","SRS1915196","Mus musculus","10x chromium","Cortex, hippocampus and subventricular zone","ATTGGACGTGCCTGTG",2035,4265,79,0.0185228604923798,"Unknown"
"ATTGGACGTGCGAAAC","SRA526435","SRS1915196","Mus musculus","10x chromium","Cortex, hippocampus and subventricular zone","ATTGGACGTGCGAAAC",1301,2176,37,0.0170036764705882,"Unknown"
"ATTGGACGTTCCTCCA","SRA526435","SRS1915196","Mus musculus","10x chromium","Cortex, hippocampus and subventricular zone","ATTGGACGTTCCTCCA",2908,6565,44,0.0067022086824067,"Unknown"
"ATTGGACGTTGCCTCT","SRA526435","SRS1915196","Mus musculus","10x chromium","Cortex, hippocampus and subventricular zone","ATTGGACGTTGCCTCT",2823,6847,81,0.0118299985395064,"Unknown"
"ATTGGACGTTGCGTTA","SRA526435","SRS1915196","Mus musculus","10x chromium","Cortex, hippocampus and subventricular zone","ATTGGACGTTGCGTTA",3265,8492,49,0.00577013659915214,"Unknown"
"ATTGGACTCACGACTA","SRA526435","SRS1915196","Mus musculus","10x chromium","Cortex, hippocampus and subventricular zone","ATTGGACTCACGACTA",1551,2658,25,0.00940556809631302,"Unknown"
"ATTGGACTCTATCCCG","SRA526435","SRS1915196","Mus musculus","10x chromium","Cortex, hippocampus and subventricular zone","ATTGGACTCTATCCCG",2364,5047,70,0.013869625520111,"Unknown"
"ATTGGTGAGATGTAAC","SRA526435","SRS1915196","Mus musculus","10x chromium","Cortex, hippocampus and subventricular zone","ATTGGTGAGATGTAAC",57,1131,4,0.00353669319186561,"Erythroid-like and erythroid precursor cells"
"ATTGGTGAGGGAGTAA","SRA526435","SRS1915196","Mus musculus","10x chromium","Cortex, hippocampus and subventricular zone","ATTGGTGAGGGAGTAA",192,1862,2,0.00107411385606874,"Erythroid-like and erythroid precursor cells"
"ATTGGTGCAAGCTGTT","SRA526435","SRS1915196","Mus musculus","10x chromium","Cortex, hippocampus and subventricular zone","ATTGGTGCAAGCTGTT",2854,6781,46,0.00678366022710515,"Unknown"
"ATTGGTGCACCAGGCT","SRA526435","SRS1915196","Mus musculus","10x chromium","Cortex, hippocampus and subventricular zone","ATTGGTGCACCAGGCT",2230,4345,59,0.0135788262370541,"Unknown"
"ATTGGTGCACCGAATT","SRA526435","SRS1915196","Mus musculus","10x chromium","Cortex, hippocampus and subventricular zone","ATTGGTGCACCGAATT",2683,5825,63,0.0108154506437768,"Unknown"
"ATTGGTGCAGATCTGT","SRA526435","SRS1915196","Mus musculus","10x chromium","Cortex, hippocampus and subventricular zone","ATTGGTGCAGATCTGT",1839,3495,54,0.015450643776824,"Unknown"
"ATTGGTGCATCCAACA","SRA526435","SRS1915196","Mus musculus","10x chromium","Cortex, hippocampus and subventricular zone","ATTGGTGCATCCAACA",2444,5552,47,0.00846541786743516,"Unknown"
"ATTGGTGGTAAATGAC","SRA526435","SRS1915196","Mus musculus","10x chromium","Cortex, hippocampus and subventricular zone","ATTGGTGGTAAATGAC",1331,2254,59,0.0261756876663709,"Unknown"
"ATTGGTGGTAACGTTC","SRA526435","SRS1915196","Mus musculus","10x chromium","Cortex, hippocampus and subventricular zone","ATTGGTGGTAACGTTC",1465,2565,31,0.0120857699805068,"Unknown"
"ATTGGTGGTATCACCA","SRA526435","SRS1915196","Mus musculus","10x chromium","Cortex, hippocampus and subventricular zone","ATTGGTGGTATCACCA",1458,2308,38,0.0164644714038128,"Unknown"
"ATTGGTGGTCGTGGCT","SRA526435","SRS1915196","Mus musculus","10x chromium","Cortex, hippocampus and subventricular zone","ATTGGTGGTCGTGGCT",1597,3125,40,0.0128,"Unknown"
"ATTGGTGGTCTAAAGA","SRA526435","SRS1915196","Mus musculus","10x chromium","Cortex, hippocampus and subventricular zone","ATTGGTGGTCTAAAGA",1388,2535,29,0.011439842209073,"Unknown"
"ATTGGTGGTCTGGTCG","SRA526435","SRS1915196","Mus musculus","10x chromium","Cortex, hippocampus and subventricular zone","ATTGGTGGTCTGGTCG",1043,1498,22,0.0146862483311081,"Unknown"
"ATTGGTGGTGCCTGTG","SRA526435","SRS1915196","Mus musculus","10x chromium","Cortex, hippocampus and subventricular zone","ATTGGTGGTGCCTGTG",2595,5522,62,0.0112278160086925,"Unknown"
"ATTGGTGGTGTTGGGA","SRA526435","SRS1915196","Mus musculus","10x chromium","Cortex, hippocampus and subventricular zone","ATTGGTGGTGTTGGGA",86,4737,9,0.00189993666877771,"Erythroid-like and erythroid precursor cells"
"ATTGGTGGTTATCACG","SRA526435","SRS1915196","Mus musculus","10x chromium","Cortex, hippocampus and subventricular zone","ATTGGTGGTTATCACG",1824,3615,51,0.0141078838174274,"Unknown"
"ATTGGTGGTTCACGGC","SRA526435","SRS1915196","Mus musculus","10x chromium","Cortex, hippocampus and subventricular zone","ATTGGTGGTTCACGGC",855,1302,53,0.0407066052227343,"Unknown"
"ATTGGTGTCAGTCCCT","SRA526435","SRS1915196","Mus musculus","10x chromium","Cortex, hippocampus and subventricular zone","ATTGGTGTCAGTCCCT",1730,3490,45,0.0128939828080229,"Unknown"
"ATTGGTGTCATCTGTT","SRA526435","SRS1915196","Mus musculus","10x chromium","Cortex, hippocampus and subventricular zone","ATTGGTGTCATCTGTT",2318,4788,52,0.0108604845446951,"Unknown"
"ATTGGTGTCCTGCTTG","SRA526435","SRS1915196","Mus musculus","10x chromium","Cortex, hippocampus and subventricular zone","ATTGGTGTCCTGCTTG",1485,2564,43,0.0167706708268331,"Unknown"
"ATTGGTGTCGATGAGG","SRA526435","SRS1915196","Mus musculus","10x chromium","Cortex, hippocampus and subventricular zone","ATTGGTGTCGATGAGG",1389,2576,31,0.0120341614906832,"Unknown"
"ATTGGTGTCGCAAACT","SRA526435","SRS1915196","Mus musculus","10x chromium","Cortex, hippocampus and subventricular zone","ATTGGTGTCGCAAACT",2284,4832,123,0.025455298013245,"Unknown"
"ATTGGTGTCGCCAGCA","SRA526435","SRS1915196","Mus musculus","10x chromium","Cortex, hippocampus and subventricular zone","ATTGGTGTCGCCAGCA",1028,1554,93,0.0598455598455598,"Cajal-Retzius cells"
"ATTGGTGTCGGAGGTA","SRA526435","SRS1915196","Mus musculus","10x chromium","Cortex, hippocampus and subventricular zone","ATTGGTGTCGGAGGTA",2093,4202,74,0.0176106615897192,"Unknown"
"ATTGGTGTCGTTTGCC","SRA526435","SRS1915196","Mus musculus","10x chromium","Cortex, hippocampus and subventricular zone","ATTGGTGTCGTTTGCC",598,1158,22,0.0189982728842832,"Microglia"
"ATTTCTGAGAAGGCCT","SRA526435","SRS1915196","Mus musculus","10x chromium","Cortex, hippocampus and subventricular zone","ATTTCTGAGAAGGCCT",3616,9448,176,0.0186282811176969,"Unknown"
"ATTTCTGAGACAATAC","SRA526435","SRS1915196","Mus musculus","10x chromium","Cortex, hippocampus and subventricular zone","ATTTCTGAGACAATAC",1066,1736,66,0.0380184331797235,"Unknown"
"ATTTCTGAGCACCGCT","SRA526435","SRS1915196","Mus musculus","10x chromium","Cortex, hippocampus and subventricular zone","ATTTCTGAGCACCGCT",2106,4100,45,0.0109756097560976,"Unknown"
"ATTTCTGAGTGTACTC","SRA526435","SRS1915196","Mus musculus","10x chromium","Cortex, hippocampus and subventricular zone","ATTTCTGAGTGTACTC",3154,7925,57,0.00719242902208202,"Unknown"
"ATTTCTGCAATCGGTT","SRA526435","SRS1915196","Mus musculus","10x chromium","Cortex, hippocampus and subventricular zone","ATTTCTGCAATCGGTT",1982,3745,40,0.0106809078771696,"Unknown"
"ATTTCTGCACGGTAGA","SRA526435","SRS1915196","Mus musculus","10x chromium","Cortex, hippocampus and subventricular zone","ATTTCTGCACGGTAGA",1600,2975,44,0.0147899159663866,"Unknown"
"ATTTCTGCAGCCTTTC","SRA526435","SRS1915196","Mus musculus","10x chromium","Cortex, hippocampus and subventricular zone","ATTTCTGCAGCCTTTC",2815,7390,67,0.00906630581867388,"Unknown"
"ATTTCTGCATCTATGG","SRA526435","SRS1915196","Mus musculus","10x chromium","Cortex, hippocampus and subventricular zone","ATTTCTGCATCTATGG",2143,4247,50,0.0117730162467624,"Unknown"
"ATTTCTGCATGCCTAA","SRA526435","SRS1915196","Mus musculus","10x chromium","Cortex, hippocampus and subventricular zone","ATTTCTGCATGCCTAA",1446,2761,59,0.0213690691778341,"Unknown"
"ATTTCTGCATGGTTGT","SRA526435","SRS1915196","Mus musculus","10x chromium","Cortex, hippocampus and subventricular zone","ATTTCTGCATGGTTGT",1965,3788,35,0.00923970432946146,"Unknown"
"ATTTCTGGTAGCCTCG","SRA526435","SRS1915196","Mus musculus","10x chromium","Cortex, hippocampus and subventricular zone","ATTTCTGGTAGCCTCG",2710,6582,68,0.0103312063202674,"Unknown"
"ATTTCTGGTCTGGTCG","SRA526435","SRS1915196","Mus musculus","10x chromium","Cortex, hippocampus and subventricular zone","ATTTCTGGTCTGGTCG",2130,4168,134,0.0321497120921305,"Cajal-Retzius cells"
"ATTTCTGGTCTTGTCC","SRA526435","SRS1915196","Mus musculus","10x chromium","Cortex, hippocampus and subventricular zone","ATTTCTGGTCTTGTCC",2302,4579,62,0.0135400742520201,"Unknown"
"ATTTCTGGTGAAAGAG","SRA526435","SRS1915196","Mus musculus","10x chromium","Cortex, hippocampus and subventricular zone","ATTTCTGGTGAAAGAG",2245,4419,40,0.00905182167911292,"Unknown"
"ATTTCTGGTGATAAAC","SRA526435","SRS1915196","Mus musculus","10x chromium","Cortex, hippocampus and subventricular zone","ATTTCTGGTGATAAAC",2145,4299,51,0.0118632240055827,"Unknown"
"ATTTCTGGTGCACGAA","SRA526435","SRS1915196","Mus musculus","10x chromium","Cortex, hippocampus and subventricular zone","ATTTCTGGTGCACGAA",1241,2221,31,0.0139576767221972,"Unknown"
"ATTTCTGGTGTGAAAT","SRA526435","SRS1915196","Mus musculus","10x chromium","Cortex, hippocampus and subventricular zone","ATTTCTGGTGTGAAAT",900,1316,45,0.0341945288753799,"Unknown"
"ATTTCTGTCACAGTAC","SRA526435","SRS1915196","Mus musculus","10x chromium","Cortex, hippocampus and subventricular zone","ATTTCTGTCACAGTAC",98,4254,1,0.000235072872590503,"Erythroid-like and erythroid precursor cells"
"ATTTCTGTCACTGGGC","SRA526435","SRS1915196","Mus musculus","10x chromium","Cortex, hippocampus and subventricular zone","ATTTCTGTCACTGGGC",1797,2938,24,0.00816882232811436,"Unknown"
"ATTTCTGTCAGGATCT","SRA526435","SRS1915196","Mus musculus","10x chromium","Cortex, hippocampus and subventricular zone","ATTTCTGTCAGGATCT",1787,3697,72,0.0194752502028672,"Unknown"
"ATTTCTGTCAGGTAAA","SRA526435","SRS1915196","Mus musculus","10x chromium","Cortex, hippocampus and subventricular zone","ATTTCTGTCAGGTAAA",2140,4282,54,0.0126109294722092,"Unknown"
"ATTTCTGTCCTGCAGG","SRA526435","SRS1915196","Mus musculus","10x chromium","Cortex, hippocampus and subventricular zone","ATTTCTGTCCTGCAGG",3080,7551,56,0.007416236260098,"Unknown"
"ATTTCTGTCGGTGTTA","SRA526435","SRS1915196","Mus musculus","10x chromium","Cortex, hippocampus and subventricular zone","ATTTCTGTCGGTGTTA",1868,3566,58,0.0162647223780146,"Unknown"
"CAACCAAAGACTCGGA","SRA526435","SRS1915196","Mus musculus","10x chromium","Cortex, hippocampus and subventricular zone","CAACCAAAGACTCGGA",729,1008,28,0.0277777777777778,"Unknown"
"CAACCAAAGATCCCAT","SRA526435","SRS1915196","Mus musculus","10x chromium","Cortex, hippocampus and subventricular zone","CAACCAAAGATCCCAT",2133,5112,48,0.00938967136150235,"Unknown"
"CAACCAAAGTGTACGG","SRA526435","SRS1915196","Mus musculus","10x chromium","Cortex, hippocampus and subventricular zone","CAACCAAAGTGTACGG",1614,2701,27,0.00999629766753054,"Unknown"
"CAACCAACAAACTGTC","SRA526435","SRS1915196","Mus musculus","10x chromium","Cortex, hippocampus and subventricular zone","CAACCAACAAACTGTC",1540,2541,28,0.0110192837465565,"Unknown"
"CAACCAACAATCAGAA","SRA526435","SRS1915196","Mus musculus","10x chromium","Cortex, hippocampus and subventricular zone","CAACCAACAATCAGAA",3322,8451,58,0.00686309312507396,"Unknown"
"CAACCAACACCTATCC","SRA526435","SRS1915196","Mus musculus","10x chromium","Cortex, hippocampus and subventricular zone","CAACCAACACCTATCC",2432,5263,57,0.0108303249097473,"Unknown"
"CAACCAACAGATTGCT","SRA526435","SRS1915196","Mus musculus","10x chromium","Cortex, hippocampus and subventricular zone","CAACCAACAGATTGCT",1072,1627,89,0.0547019053472649,"Unknown"
"CAACCAACAGGGTTAG","SRA526435","SRS1915196","Mus musculus","10x chromium","Cortex, hippocampus and subventricular zone","CAACCAACAGGGTTAG",1370,2494,34,0.0136327185244587,"Unknown"
"CAACCAACATTTCAGG","SRA526435","SRS1915196","Mus musculus","10x chromium","Cortex, hippocampus and subventricular zone","CAACCAACATTTCAGG",1231,2060,56,0.0271844660194175,"Unknown"
"CAACCAAGTACAAGTA","SRA526435","SRS1915196","Mus musculus","10x chromium","Cortex, hippocampus and subventricular zone","CAACCAAGTACAAGTA",101,2790,4,0.0014336917562724,"Erythroid-like and erythroid precursor cells"
"CAACCAAGTAGTACCT","SRA526435","SRS1915196","Mus musculus","10x chromium","Cortex, hippocampus and subventricular zone","CAACCAAGTAGTACCT",2651,6617,58,0.00876530149614629,"Unknown"
"CAACCAAGTATAGGTA","SRA526435","SRS1915196","Mus musculus","10x chromium","Cortex, hippocampus and subventricular zone","CAACCAAGTATAGGTA",2354,5555,50,0.009000900090009,"Unknown"
"CAACCAAGTCAATGTC","SRA526435","SRS1915196","Mus musculus","10x chromium","Cortex, hippocampus and subventricular zone","CAACCAAGTCAATGTC",1990,3673,38,0.0103457664034849,"Unknown"
"CAACCAAGTCAGTGGA","SRA526435","SRS1915196","Mus musculus","10x chromium","Cortex, hippocampus and subventricular zone","CAACCAAGTCAGTGGA",1664,3196,36,0.0112640801001252,"Unknown"
"CAACCAAGTCATGCAT","SRA526435","SRS1915196","Mus musculus","10x chromium","Cortex, hippocampus and subventricular zone","CAACCAAGTCATGCAT",1479,2358,40,0.0169635284139101,"Unknown"
"CAACCAAGTCGGCATC","SRA526435","SRS1915196","Mus musculus","10x chromium","Cortex, hippocampus and subventricular zone","CAACCAAGTCGGCATC",1929,3535,61,0.0172560113154173,"Unknown"
"CAACCAAGTCTAGCCG","SRA526435","SRS1915196","Mus musculus","10x chromium","Cortex, hippocampus and subventricular zone","CAACCAAGTCTAGCCG",1697,3276,69,0.0210622710622711,"Unknown"
"CAACCAAGTCTGCCAG","SRA526435","SRS1915196","Mus musculus","10x chromium","Cortex, hippocampus and subventricular zone","CAACCAAGTCTGCCAG",2089,4360,55,0.0126146788990826,"Unknown"
"CAACCAAGTGCCTGCA","SRA526435","SRS1915196","Mus musculus","10x chromium","Cortex, hippocampus and subventricular zone","CAACCAAGTGCCTGCA",3970,11987,93,0.00775840493868357,"Unknown"
"CAACCAAGTTCCGGCA","SRA526435","SRS1915196","Mus musculus","10x chromium","Cortex, hippocampus and subventricular zone","CAACCAAGTTCCGGCA",2205,4507,42,0.00931883736410029,"Unknown"
"CAACCAAGTTTGGGCC","SRA526435","SRS1915196","Mus musculus","10x chromium","Cortex, hippocampus and subventricular zone","CAACCAAGTTTGGGCC",2034,3880,63,0.0162371134020619,"Unknown"
"CAACCAATCAATAAGG","SRA526435","SRS1915196","Mus musculus","10x chromium","Cortex, hippocampus and subventricular zone","CAACCAATCAATAAGG",2665,6642,75,0.0112917795844625,"Unknown"
"CAACCAATCACATAGC","SRA526435","SRS1915196","Mus musculus","10x chromium","Cortex, hippocampus and subventricular zone","CAACCAATCACATAGC",4032,12191,157,0.0128783528832745,"Unknown"
"CAACCAATCAGTCCCT","SRA526435","SRS1915196","Mus musculus","10x chromium","Cortex, hippocampus and subventricular zone","CAACCAATCAGTCCCT",2608,5880,46,0.00782312925170068,"Unknown"
"CAACCAATCGGTCCGA","SRA526435","SRS1915196","Mus musculus","10x chromium","Cortex, hippocampus and subventricular zone","CAACCAATCGGTCCGA",1747,3427,41,0.0119638167493434,"Unknown"
"CAACCAATCTCAACTT","SRA526435","SRS1915196","Mus musculus","10x chromium","Cortex, hippocampus and subventricular zone","CAACCAATCTCAACTT",2140,4326,46,0.0106333795654184,"Unknown"
"CAACCAATCTCCAACC","SRA526435","SRS1915196","Mus musculus","10x chromium","Cortex, hippocampus and subventricular zone","CAACCAATCTCCAACC",3593,9776,117,0.011968085106383,"Unknown"
"CAACCAATCTCGGACG","SRA526435","SRS1915196","Mus musculus","10x chromium","Cortex, hippocampus and subventricular zone","CAACCAATCTCGGACG",2288,5014,46,0.00917431192660551,"Unknown"
"CAACCAATCTTAACCT","SRA526435","SRS1915196","Mus musculus","10x chromium","Cortex, hippocampus and subventricular zone","CAACCAATCTTAACCT",2755,6263,116,0.0185214753313109,"Unknown"
"CAACCTCAGAGTAATC","SRA526435","SRS1915196","Mus musculus","10x chromium","Cortex, hippocampus and subventricular zone","CAACCTCAGAGTAATC",1758,3486,36,0.0103270223752151,"Unknown"
"CAACCTCAGAGTACAT","SRA526435","SRS1915196","Mus musculus","10x chromium","Cortex, hippocampus and subventricular zone","CAACCTCAGAGTACAT",2957,7416,53,0.00714670981661273,"Unknown"
"CAACCTCAGATCACGG","SRA526435","SRS1915196","Mus musculus","10x chromium","Cortex, hippocampus and subventricular zone","CAACCTCAGATCACGG",1993,3869,65,0.0168002067717757,"Unknown"
"CAACCTCAGATGGCGT","SRA526435","SRS1915196","Mus musculus","10x chromium","Cortex, hippocampus and subventricular zone","CAACCTCAGATGGCGT",2737,7341,101,0.0137583435499251,"Unknown"
"CAACCTCAGGCCCGTT","SRA526435","SRS1915196","Mus musculus","10x chromium","Cortex, hippocampus and subventricular zone","CAACCTCAGGCCCGTT",1144,2088,37,0.01772030651341,"Unknown"
"CAACCTCAGGCCCTTG","SRA526435","SRS1915196","Mus musculus","10x chromium","Cortex, hippocampus and subventricular zone","CAACCTCAGGCCCTTG",1116,1870,105,0.0561497326203209,"Endothelial cells"
"CAACCTCAGTCAAGCG","SRA526435","SRS1915196","Mus musculus","10x chromium","Cortex, hippocampus and subventricular zone","CAACCTCAGTCAAGCG",1151,1813,28,0.0154440154440154,"Unknown"
"CAACCTCAGTGGGTTG","SRA526435","SRS1915196","Mus musculus","10x chromium","Cortex, hippocampus and subventricular zone","CAACCTCAGTGGGTTG",2672,6519,70,0.0107378432274889,"Unknown"
"CAACCTCAGTGTGAAT","SRA526435","SRS1915196","Mus musculus","10x chromium","Cortex, hippocampus and subventricular zone","CAACCTCAGTGTGAAT",2332,5022,89,0.0177220230983672,"Unknown"
"CAACCTCCAACGATGG","SRA526435","SRS1915196","Mus musculus","10x chromium","Cortex, hippocampus and subventricular zone","CAACCTCCAACGATGG",1946,3604,29,0.00804661487236404,"Unknown"
"CAACCTCCAAGTCTGT","SRA526435","SRS1915196","Mus musculus","10x chromium","Cortex, hippocampus and subventricular zone","CAACCTCCAAGTCTGT",2423,5388,62,0.0115070527097253,"Unknown"
"CAACCTCCAATACGCT","SRA526435","SRS1915196","Mus musculus","10x chromium","Cortex, hippocampus and subventricular zone","CAACCTCCAATACGCT",2699,6883,66,0.00958884207467674,"Unknown"
"CAACCTCCAATAGCAA","SRA526435","SRS1915196","Mus musculus","10x chromium","Cortex, hippocampus and subventricular zone","CAACCTCCAATAGCAA",1255,2066,18,0.00871248789932236,"Unknown"
"CAACCTCCACTGCCAG","SRA526435","SRS1915196","Mus musculus","10x chromium","Cortex, hippocampus and subventricular zone","CAACCTCCACTGCCAG",1812,3303,36,0.0108991825613079,"Unknown"
"CAACCTCCATGAAGTA","SRA526435","SRS1915196","Mus musculus","10x chromium","Cortex, hippocampus and subventricular zone","CAACCTCCATGAAGTA",3873,11324,83,0.00732956552454963,"Unknown"
"CAACCTCCATGAGCGA","SRA526435","SRS1915196","Mus musculus","10x chromium","Cortex, hippocampus and subventricular zone","CAACCTCCATGAGCGA",2028,3965,73,0.0184110970996217,"Unknown"
"CAACCTCGTAAGAGGA","SRA526435","SRS1915196","Mus musculus","10x chromium","Cortex, hippocampus and subventricular zone","CAACCTCGTAAGAGGA",2552,5523,76,0.0137606373347818,"Unknown"
"CAACCTCGTAAGTTCC","SRA526435","SRS1915196","Mus musculus","10x chromium","Cortex, hippocampus and subventricular zone","CAACCTCGTAAGTTCC",1754,3039,9,0.00296150049358342,"Unknown"
"CAACCTCGTACAGACG","SRA526435","SRS1915196","Mus musculus","10x chromium","Cortex, hippocampus and subventricular zone","CAACCTCGTACAGACG",1410,2563,69,0.0269215762777995,"Unknown"
"CAACCTCGTACCTACA","SRA526435","SRS1915196","Mus musculus","10x chromium","Cortex, hippocampus and subventricular zone","CAACCTCGTACCTACA",2142,4178,38,0.00909526089037817,"Unknown"
"CAACCTCGTAGCACGA","SRA526435","SRS1915196","Mus musculus","10x chromium","Cortex, hippocampus and subventricular zone","CAACCTCGTAGCACGA",1646,3108,59,0.018983268983269,"Unknown"
"CAACCTCGTCCATCCT","SRA526435","SRS1915196","Mus musculus","10x chromium","Cortex, hippocampus and subventricular zone","CAACCTCGTCCATCCT",2353,5014,46,0.00917431192660551,"Unknown"
"CAACCTCGTCCGAAGA","SRA526435","SRS1915196","Mus musculus","10x chromium","Cortex, hippocampus and subventricular zone","CAACCTCGTCCGAAGA",130,5351,3,0.000560642870491497,"Erythroid-like and erythroid precursor cells"
"CAACCTCGTCTAAACC","SRA526435","SRS1915196","Mus musculus","10x chromium","Cortex, hippocampus and subventricular zone","CAACCTCGTCTAAACC",1852,3367,56,0.0166320166320166,"Unknown"
"CAACCTCTCACAGTAC","SRA526435","SRS1915196","Mus musculus","10x chromium","Cortex, hippocampus and subventricular zone","CAACCTCTCACAGTAC",2216,4551,58,0.012744451768842,"Unknown"
"CAACCTCTCATCGCTC","SRA526435","SRS1915196","Mus musculus","10x chromium","Cortex, hippocampus and subventricular zone","CAACCTCTCATCGCTC",1851,3622,56,0.0154610712313639,"Unknown"
"CAACCTCTCCCAAGTA","SRA526435","SRS1915196","Mus musculus","10x chromium","Cortex, hippocampus and subventricular zone","CAACCTCTCCCAAGTA",2618,5843,96,0.0164299161389697,"Pericytes"
"CAACCTCTCCTAGTGA","SRA526435","SRS1915196","Mus musculus","10x chromium","Cortex, hippocampus and subventricular zone","CAACCTCTCCTAGTGA",1120,1878,47,0.0250266240681576,"Unknown"
"CAACCTCTCGCGATCG","SRA526435","SRS1915196","Mus musculus","10x chromium","Cortex, hippocampus and subventricular zone","CAACCTCTCGCGATCG",1604,2481,20,0.00806126561870214,"Unknown"
"CAACCTCTCGGACAAG","SRA526435","SRS1915196","Mus musculus","10x chromium","Cortex, hippocampus and subventricular zone","CAACCTCTCGGACAAG",2092,4371,73,0.0167009837565774,"Unknown"
"CAACCTCTCGGTTAAC","SRA526435","SRS1915196","Mus musculus","10x chromium","Cortex, hippocampus and subventricular zone","CAACCTCTCGGTTAAC",2499,5157,61,0.0118285825092108,"Unknown"
"CAACTAGAGAGACTTA","SRA526435","SRS1915196","Mus musculus","10x chromium","Cortex, hippocampus and subventricular zone","CAACTAGAGAGACTTA",90,2216,7,0.00315884476534296,"Erythroid-like and erythroid precursor cells"
"CAACTAGAGGATGGTC","SRA526435","SRS1915196","Mus musculus","10x chromium","Cortex, hippocampus and subventricular zone","CAACTAGAGGATGGTC",3731,11003,57,0.00518040534399709,"Unknown"
"CAACTAGAGGCCCGTT","SRA526435","SRS1915196","Mus musculus","10x chromium","Cortex, hippocampus and subventricular zone","CAACTAGAGGCCCGTT",845,1267,42,0.0331491712707182,"Unknown"
"CAACTAGAGTTCCACA","SRA526435","SRS1915196","Mus musculus","10x chromium","Cortex, hippocampus and subventricular zone","CAACTAGAGTTCCACA",980,1669,56,0.0335530257639305,"Unknown"
"CAACTAGCACTGTCGG","SRA526435","SRS1915196","Mus musculus","10x chromium","Cortex, hippocampus and subventricular zone","CAACTAGCACTGTCGG",2056,3860,95,0.0246113989637306,"Unknown"
"CAACTAGCAGAGCCAA","SRA526435","SRS1915196","Mus musculus","10x chromium","Cortex, hippocampus and subventricular zone","CAACTAGCAGAGCCAA",2378,5121,72,0.0140597539543058,"Unknown"
"CAACTAGCAGGAATCG","SRA526435","SRS1915196","Mus musculus","10x chromium","Cortex, hippocampus and subventricular zone","CAACTAGCAGGAATCG",1987,3815,42,0.0110091743119266,"Unknown"
"CAACTAGCAGTATCTG","SRA526435","SRS1915196","Mus musculus","10x chromium","Cortex, hippocampus and subventricular zone","CAACTAGCAGTATCTG",2419,4939,60,0.0121482081392995,"Unknown"
"CAACTAGCATTACGAC","SRA526435","SRS1915196","Mus musculus","10x chromium","Cortex, hippocampus and subventricular zone","CAACTAGCATTACGAC",2191,4446,55,0.0123706702654071,"Unknown"
"CAACTAGCATTCCTGC","SRA526435","SRS1915196","Mus musculus","10x chromium","Cortex, hippocampus and subventricular zone","CAACTAGCATTCCTGC",1616,2976,36,0.0120967741935484,"Unknown"
"CAACTAGGTAGCCTCG","SRA526435","SRS1915196","Mus musculus","10x chromium","Cortex, hippocampus and subventricular zone","CAACTAGGTAGCCTCG",2852,6586,94,0.0142726996659581,"Unknown"
"CAACTAGGTCAAAGCG","SRA526435","SRS1915196","Mus musculus","10x chromium","Cortex, hippocampus and subventricular zone","CAACTAGGTCAAAGCG",2892,7949,108,0.0135866146685118,"Endothelial cells"
"CAACTAGGTCACCTAA","SRA526435","SRS1915196","Mus musculus","10x chromium","Cortex, hippocampus and subventricular zone","CAACTAGGTCACCTAA",3610,9513,154,0.0161883738042678,"Cajal-Retzius cells"
"CAACTAGGTTAGATGA","SRA526435","SRS1915196","Mus musculus","10x chromium","Cortex, hippocampus and subventricular zone","CAACTAGGTTAGATGA",1710,3319,43,0.0129557095510696,"Unknown"
"CAACTAGTCAAACGGG","SRA526435","SRS1915196","Mus musculus","10x chromium","Cortex, hippocampus and subventricular zone","CAACTAGTCAAACGGG",1960,3866,44,0.0113812726332126,"Unknown"
"CAACTAGTCACCCTCA","SRA526435","SRS1915196","Mus musculus","10x chromium","Cortex, hippocampus and subventricular zone","CAACTAGTCACCCTCA",2105,4612,52,0.0112749349522984,"Unknown"
"CAACTAGTCAGGCAAG","SRA526435","SRS1915196","Mus musculus","10x chromium","Cortex, hippocampus and subventricular zone","CAACTAGTCAGGCAAG",2239,4558,42,0.00921456779289162,"Unknown"
"CAACTAGTCCTACAGA","SRA526435","SRS1915196","Mus musculus","10x chromium","Cortex, hippocampus and subventricular zone","CAACTAGTCCTACAGA",1086,1691,28,0.0165582495564755,"Unknown"
"CAAGAAAAGACGCTTT","SRA526435","SRS1915196","Mus musculus","10x chromium","Cortex, hippocampus and subventricular zone","CAAGAAAAGACGCTTT",2642,6196,69,0.0111362169141382,"Unknown"
"CAAGAAAAGAGTCTGG","SRA526435","SRS1915196","Mus musculus","10x chromium","Cortex, hippocampus and subventricular zone","CAAGAAAAGAGTCTGG",2705,6240,73,0.0116987179487179,"Unknown"
"CAAGAAAAGCCCAACC","SRA526435","SRS1915196","Mus musculus","10x chromium","Cortex, hippocampus and subventricular zone","CAAGAAAAGCCCAACC",2502,5373,64,0.0119114088963335,"Unknown"
"CAAGAAAAGCGAAGGG","SRA526435","SRS1915196","Mus musculus","10x chromium","Cortex, hippocampus and subventricular zone","CAAGAAAAGCGAAGGG",1507,2254,58,0.0257320319432121,"Unknown"
"CAAGAAAAGCTTTGGT","SRA526435","SRS1915196","Mus musculus","10x chromium","Cortex, hippocampus and subventricular zone","CAAGAAAAGCTTTGGT",1446,2410,25,0.0103734439834025,"Unknown"
"CAAGAAAAGGAATGGA","SRA526435","SRS1915196","Mus musculus","10x chromium","Cortex, hippocampus and subventricular zone","CAAGAAAAGGAATGGA",2124,4231,111,0.0262349326400378,"Unknown"
"CAAGAAAAGGCAATTA","SRA526435","SRS1915196","Mus musculus","10x chromium","Cortex, hippocampus and subventricular zone","CAAGAAAAGGCAATTA",1695,3185,36,0.0113029827315542,"Unknown"
"CAAGAAAAGGCGCTCT","SRA526435","SRS1915196","Mus musculus","10x chromium","Cortex, hippocampus and subventricular zone","CAAGAAAAGGCGCTCT",2878,6485,86,0.0132613723978412,"Unknown"
"CAAGAAAAGTACGCGA","SRA526435","SRS1915196","Mus musculus","10x chromium","Cortex, hippocampus and subventricular zone","CAAGAAAAGTACGCGA",2396,5166,66,0.0127758420441347,"Unknown"
"CAAGAAAAGTTTGCGT","SRA526435","SRS1915196","Mus musculus","10x chromium","Cortex, hippocampus and subventricular zone","CAAGAAAAGTTTGCGT",2459,6051,89,0.0147083126755908,"Unknown"
"CAAGAAACAACTGGCC","SRA526435","SRS1915196","Mus musculus","10x chromium","Cortex, hippocampus and subventricular zone","CAAGAAACAACTGGCC",2465,5819,70,0.012029558343358,"Unknown"
"CAAGAAACAATAGAGT","SRA526435","SRS1915196","Mus musculus","10x chromium","Cortex, hippocampus and subventricular zone","CAAGAAACAATAGAGT",2034,4603,66,0.0143384749076689,"Unknown"
"CAAGAAACACCATGTA","SRA526435","SRS1915196","Mus musculus","10x chromium","Cortex, hippocampus and subventricular zone","CAAGAAACACCATGTA",2247,4776,53,0.0110971524288107,"Unknown"
"CAAGAAACACCCAGTG","SRA526435","SRS1915196","Mus musculus","10x chromium","Cortex, hippocampus and subventricular zone","CAAGAAACACCCAGTG",2284,4576,36,0.00786713286713287,"Unknown"
"CAAGAAACATATACCG","SRA526435","SRS1915196","Mus musculus","10x chromium","Cortex, hippocampus and subventricular zone","CAAGAAACATATACCG",1553,2930,31,0.010580204778157,"Unknown"
"CAAGAAACATATGCTG","SRA526435","SRS1915196","Mus musculus","10x chromium","Cortex, hippocampus and subventricular zone","CAAGAAACATATGCTG",1790,5231,106,0.0202638118906519,"Microglia"
"CAAGAAAGTCGACTGC","SRA526435","SRS1915196","Mus musculus","10x chromium","Cortex, hippocampus and subventricular zone","CAAGAAAGTCGACTGC",1730,3111,51,0.0163934426229508,"Unknown"
"CAAGAAAGTCGCTTTC","SRA526435","SRS1915196","Mus musculus","10x chromium","Cortex, hippocampus and subventricular zone","CAAGAAAGTCGCTTTC",2655,5503,94,0.017081591858986,"Unknown"
"CAAGAAAGTCTGCAAT","SRA526435","SRS1915196","Mus musculus","10x chromium","Cortex, hippocampus and subventricular zone","CAAGAAAGTCTGCAAT",803,1167,33,0.0282776349614396,"Unknown"
"CAAGAAAGTGTGCGTC","SRA526435","SRS1915196","Mus musculus","10x chromium","Cortex, hippocampus and subventricular zone","CAAGAAAGTGTGCGTC",1455,2398,6,0.00250208507089241,"Unknown"
"CAAGAAAGTTTAGGAA","SRA526435","SRS1915196","Mus musculus","10x chromium","Cortex, hippocampus and subventricular zone","CAAGAAAGTTTAGGAA",1606,2954,15,0.00507786052809749,"Unknown"
"CAAGAAAGTTTGGGCC","SRA526435","SRS1915196","Mus musculus","10x chromium","Cortex, hippocampus and subventricular zone","CAAGAAAGTTTGGGCC",985,1545,37,0.0239482200647249,"Unknown"
"CAAGAAATCAACACCA","SRA526435","SRS1915196","Mus musculus","10x chromium","Cortex, hippocampus and subventricular zone","CAAGAAATCAACACCA",1599,2872,48,0.0167130919220056,"Unknown"
"CAAGAAATCAATACCG","SRA526435","SRS1915196","Mus musculus","10x chromium","Cortex, hippocampus and subventricular zone","CAAGAAATCAATACCG",3231,8564,88,0.0102755721625409,"Unknown"
"CAAGAAATCCTCATTA","SRA526435","SRS1915196","Mus musculus","10x chromium","Cortex, hippocampus and subventricular zone","CAAGAAATCCTCATTA",2806,6123,37,0.00604278948227993,"Unknown"
"CAAGAAATCCTGCCAT","SRA526435","SRS1915196","Mus musculus","10x chromium","Cortex, hippocampus and subventricular zone","CAAGAAATCCTGCCAT",1549,3034,56,0.018457481872116,"Unknown"
"CAAGAAATCTCCTATA","SRA526435","SRS1915196","Mus musculus","10x chromium","Cortex, hippocampus and subventricular zone","CAAGAAATCTCCTATA",2877,7602,108,0.0142067876874507,"Unknown"
"CAAGATCAGACCTTTG","SRA526435","SRS1915196","Mus musculus","10x chromium","Cortex, hippocampus and subventricular zone","CAAGATCAGACCTTTG",1913,3775,39,0.0103311258278146,"Unknown"
"CAAGATCAGAGCTGCA","SRA526435","SRS1915196","Mus musculus","10x chromium","Cortex, hippocampus and subventricular zone","CAAGATCAGAGCTGCA",2603,6008,73,0.012150466045273,"Unknown"
"CAAGATCAGATATGGT","SRA526435","SRS1915196","Mus musculus","10x chromium","Cortex, hippocampus and subventricular zone","CAAGATCAGATATGGT",2580,6008,42,0.00699067909454061,"Unknown"
"CAAGATCAGCGCTCCA","SRA526435","SRS1915196","Mus musculus","10x chromium","Cortex, hippocampus and subventricular zone","CAAGATCAGCGCTCCA",2219,4529,33,0.00728637668359461,"Unknown"
"CAAGATCAGGGTCGAT","SRA526435","SRS1915196","Mus musculus","10x chromium","Cortex, hippocampus and subventricular zone","CAAGATCAGGGTCGAT",3028,7921,63,0.00795354121954299,"Unknown"
"CAAGATCAGTAATCCC","SRA526435","SRS1915196","Mus musculus","10x chromium","Cortex, hippocampus and subventricular zone","CAAGATCAGTAATCCC",967,1692,115,0.0679669030732861,"Unknown"
"CAAGATCAGTCGTTTG","SRA526435","SRS1915196","Mus musculus","10x chromium","Cortex, hippocampus and subventricular zone","CAAGATCAGTCGTTTG",809,1312,18,0.013719512195122,"Unknown"
"CAAGATCCAAGCCTAT","SRA526435","SRS1915196","Mus musculus","10x chromium","Cortex, hippocampus and subventricular zone","CAAGATCCAAGCCTAT",2646,5524,84,0.0152063721940623,"Unknown"
"CAAGATCCAAGCTGAG","SRA526435","SRS1915196","Mus musculus","10x chromium","Cortex, hippocampus and subventricular zone","CAAGATCCAAGCTGAG",1814,3372,61,0.0180901542111507,"Unknown"
"CAAGATCCAAGTAATG","SRA526435","SRS1915196","Mus musculus","10x chromium","Cortex, hippocampus and subventricular zone","CAAGATCCAAGTAATG",1699,3230,78,0.0241486068111455,"Unknown"
"CAAGATCCAATGTAAG","SRA526435","SRS1915196","Mus musculus","10x chromium","Cortex, hippocampus and subventricular zone","CAAGATCCAATGTAAG",1382,2664,30,0.0112612612612613,"Unknown"
"CAAGATCCATACAGCT","SRA526435","SRS1915196","Mus musculus","10x chromium","Cortex, hippocampus and subventricular zone","CAAGATCCATACAGCT",2181,4587,83,0.0180946152169174,"Unknown"
"CAAGATCGTCCGAATT","SRA526435","SRS1915196","Mus musculus","10x chromium","Cortex, hippocampus and subventricular zone","CAAGATCGTCCGAATT",2221,4701,54,0.01148691767709,"Unknown"
"CAAGATCGTCTGATTG","SRA526435","SRS1915196","Mus musculus","10x chromium","Cortex, hippocampus and subventricular zone","CAAGATCGTCTGATTG",1541,2967,47,0.0158409167509269,"Unknown"
"CAAGATCTCATCGCTC","SRA526435","SRS1915196","Mus musculus","10x chromium","Cortex, hippocampus and subventricular zone","CAAGATCTCATCGCTC",1743,3095,37,0.0119547657512116,"Unknown"
"CAAGATCTCGCTGATA","SRA526435","SRS1915196","Mus musculus","10x chromium","Cortex, hippocampus and subventricular zone","CAAGATCTCGCTGATA",4752,14912,147,0.00985783261802575,"Unknown"
"CAAGATCTCGGATGGA","SRA526435","SRS1915196","Mus musculus","10x chromium","Cortex, hippocampus and subventricular zone","CAAGATCTCGGATGGA",268,12879,24,0.00186349871884463,"Erythroid-like and erythroid precursor cells"
"CAAGATCTCGTTGACA","SRA526435","SRS1915196","Mus musculus","10x chromium","Cortex, hippocampus and subventricular zone","CAAGATCTCGTTGACA",3017,6099,52,0.00852598786686342,"Unknown"
"CAAGATCTCTTGACGA","SRA526435","SRS1915196","Mus musculus","10x chromium","Cortex, hippocampus and subventricular zone","CAAGATCTCTTGACGA",2519,5839,63,0.0107895187532112,"Unknown"
"CAAGGCCAGCCAGTTT","SRA526435","SRS1915196","Mus musculus","10x chromium","Cortex, hippocampus and subventricular zone","CAAGGCCAGCCAGTTT",1645,3112,54,0.0173521850899743,"Unknown"
"CAAGGCCAGCTATGCT","SRA526435","SRS1915196","Mus musculus","10x chromium","Cortex, hippocampus and subventricular zone","CAAGGCCAGCTATGCT",1268,1962,43,0.0219164118246687,"Unknown"
"CAAGGCCCAAACTGTC","SRA526435","SRS1915196","Mus musculus","10x chromium","Cortex, hippocampus and subventricular zone","CAAGGCCCAAACTGTC",2279,4655,55,0.0118152524167562,"Unknown"
"CAAGGCCCAAGCGCTC","SRA526435","SRS1915196","Mus musculus","10x chromium","Cortex, hippocampus and subventricular zone","CAAGGCCCAAGCGCTC",1153,1875,35,0.0186666666666667,"Unknown"
"CAAGGCCCACAGAGGT","SRA526435","SRS1915196","Mus musculus","10x chromium","Cortex, hippocampus and subventricular zone","CAAGGCCCACAGAGGT",1727,3297,57,0.0172884440400364,"Unknown"
"CAAGGCCCACGAAACG","SRA526435","SRS1915196","Mus musculus","10x chromium","Cortex, hippocampus and subventricular zone","CAAGGCCCACGAAACG",2362,4980,62,0.0124497991967871,"Unknown"
"CAAGGCCCAGCATACT","SRA526435","SRS1915196","Mus musculus","10x chromium","Cortex, hippocampus and subventricular zone","CAAGGCCCAGCATACT",852,1072,3,0.00279850746268657,"Unknown"
"CAAGGCCCAGGTCCAC","SRA526435","SRS1915196","Mus musculus","10x chromium","Cortex, hippocampus and subventricular zone","CAAGGCCCAGGTCCAC",2960,7336,142,0.0193565976008724,"Unknown"
"CAAGGCCCATCGATGT","SRA526435","SRS1915196","Mus musculus","10x chromium","Cortex, hippocampus and subventricular zone","CAAGGCCCATCGATGT",3066,7125,59,0.00828070175438596,"Unknown"
"CAAGGCCCATCTATGG","SRA526435","SRS1915196","Mus musculus","10x chromium","Cortex, hippocampus and subventricular zone","CAAGGCCCATCTATGG",1465,3731,77,0.0206378986866792,"Microglia"
"CAAGGCCGTATGAAAC","SRA526435","SRS1915196","Mus musculus","10x chromium","Cortex, hippocampus and subventricular zone","CAAGGCCGTATGAAAC",2561,5879,65,0.0110563020921925,"Unknown"
"CAAGGCCGTCACTGGC","SRA526435","SRS1915196","Mus musculus","10x chromium","Cortex, hippocampus and subventricular zone","CAAGGCCGTCACTGGC",1802,3386,47,0.0138806851742469,"Unknown"
"CAAGGCCGTGTGTGCC","SRA526435","SRS1915196","Mus musculus","10x chromium","Cortex, hippocampus and subventricular zone","CAAGGCCGTGTGTGCC",3377,8146,88,0.0108028480235698,"Unknown"
"CAAGGCCGTTACTGAC","SRA526435","SRS1915196","Mus musculus","10x chromium","Cortex, hippocampus and subventricular zone","CAAGGCCGTTACTGAC",1297,2292,77,0.0335951134380454,"Unknown"
"CAAGGCCGTTGGGACA","SRA526435","SRS1915196","Mus musculus","10x chromium","Cortex, hippocampus and subventricular zone","CAAGGCCGTTGGGACA",3388,10484,59,0.00562762304463945,"Unknown"
"CAAGGCCTCACTCTTA","SRA526435","SRS1915196","Mus musculus","10x chromium","Cortex, hippocampus and subventricular zone","CAAGGCCTCACTCTTA",1822,3169,51,0.0160934048595772,"Unknown"
"CAAGGCCTCAGCAACT","SRA526435","SRS1915196","Mus musculus","10x chromium","Cortex, hippocampus and subventricular zone","CAAGGCCTCAGCAACT",2705,6291,74,0.0117628357971706,"Unknown"
"CAAGGCCTCCTCGCAT","SRA526435","SRS1915196","Mus musculus","10x chromium","Cortex, hippocampus and subventricular zone","CAAGGCCTCCTCGCAT",2296,4439,89,0.020049560711872,"Unknown"
"CAAGGCCTCGTACGGC","SRA526435","SRS1915196","Mus musculus","10x chromium","Cortex, hippocampus and subventricular zone","CAAGGCCTCGTACGGC",2438,5168,58,0.0112229102167183,"Unknown"
"CAAGGCCTCGTATCAG","SRA526435","SRS1915196","Mus musculus","10x chromium","Cortex, hippocampus and subventricular zone","CAAGGCCTCGTATCAG",1336,2119,34,0.0160453043888627,"Unknown"
"CAAGGCCTCGTCTGCT","SRA526435","SRS1915196","Mus musculus","10x chromium","Cortex, hippocampus and subventricular zone","CAAGGCCTCGTCTGCT",1721,3333,28,0.0084008400840084,"Unknown"
"CAAGGCCTCTAACTCT","SRA526435","SRS1915196","Mus musculus","10x chromium","Cortex, hippocampus and subventricular zone","CAAGGCCTCTAACTCT",1428,2560,32,0.0125,"Unknown"
"CAAGTTGAGACAAAGG","SRA526435","SRS1915196","Mus musculus","10x chromium","Cortex, hippocampus and subventricular zone","CAAGTTGAGACAAAGG",1198,2831,43,0.0151889791593077,"Unknown"
"CAAGTTGAGACATAAC","SRA526435","SRS1915196","Mus musculus","10x chromium","Cortex, hippocampus and subventricular zone","CAAGTTGAGACATAAC",1940,3778,52,0.0137638962413976,"Unknown"
"CAAGTTGAGACCTAGG","SRA526435","SRS1915196","Mus musculus","10x chromium","Cortex, hippocampus and subventricular zone","CAAGTTGAGACCTAGG",808,1083,21,0.0193905817174515,"Unknown"
"CAAGTTGAGACTGTAA","SRA526435","SRS1915196","Mus musculus","10x chromium","Cortex, hippocampus and subventricular zone","CAAGTTGAGACTGTAA",2282,4792,38,0.00792988313856427,"Unknown"
"CAAGTTGAGATCCTGT","SRA526435","SRS1915196","Mus musculus","10x chromium","Cortex, hippocampus and subventricular zone","CAAGTTGAGATCCTGT",2886,7209,96,0.0133166874739908,"Unknown"
"CAAGTTGAGATCGGGT","SRA526435","SRS1915196","Mus musculus","10x chromium","Cortex, hippocampus and subventricular zone","CAAGTTGAGATCGGGT",1254,2197,47,0.0213928083750569,"Unknown"
"CAAGTTGAGCTCCCAG","SRA526435","SRS1915196","Mus musculus","10x chromium","Cortex, hippocampus and subventricular zone","CAAGTTGAGCTCCCAG",2162,4860,56,0.011522633744856,"Unknown"
"CAAGTTGAGGAATCGC","SRA526435","SRS1915196","Mus musculus","10x chromium","Cortex, hippocampus and subventricular zone","CAAGTTGAGGAATCGC",2042,4060,68,0.0167487684729064,"Unknown"
"CAAGTTGAGGTGACCA","SRA526435","SRS1915196","Mus musculus","10x chromium","Cortex, hippocampus and subventricular zone","CAAGTTGAGGTGACCA",1693,3558,42,0.0118043844856661,"Unknown"
"CAAGTTGCAAGCGAGT","SRA526435","SRS1915196","Mus musculus","10x chromium","Cortex, hippocampus and subventricular zone","CAAGTTGCAAGCGAGT",2471,5009,58,0.0115791575164704,"Unknown"
"CAAGTTGCATCCGCGA","SRA526435","SRS1915196","Mus musculus","10x chromium","Cortex, hippocampus and subventricular zone","CAAGTTGCATCCGCGA",2024,4126,57,0.0138148327678139,"Unknown"
"CAAGTTGCATTGGCGC","SRA526435","SRS1915196","Mus musculus","10x chromium","Cortex, hippocampus and subventricular zone","CAAGTTGCATTGGCGC",2091,4306,69,0.0160241523455643,"Unknown"
"CAAGTTGGTCTCCCTA","SRA526435","SRS1915196","Mus musculus","10x chromium","Cortex, hippocampus and subventricular zone","CAAGTTGGTCTCCCTA",90,1154,3,0.00259965337954939,"Erythroid-like and erythroid precursor cells"
"CAAGTTGGTTCCACTC","SRA526435","SRS1915196","Mus musculus","10x chromium","Cortex, hippocampus and subventricular zone","CAAGTTGGTTCCACTC",2224,4956,86,0.0173527037933818,"Unknown"
"CAAGTTGGTTCGTCTC","SRA526435","SRS1915196","Mus musculus","10x chromium","Cortex, hippocampus and subventricular zone","CAAGTTGGTTCGTCTC",808,1039,15,0.014436958614052,"Unknown"
"CAAGTTGGTTGTCGCG","SRA526435","SRS1915196","Mus musculus","10x chromium","Cortex, hippocampus and subventricular zone","CAAGTTGGTTGTCGCG",3181,8221,37,0.0045006690183676,"Unknown"
"CAAGTTGTCCGCGCAA","SRA526435","SRS1915196","Mus musculus","10x chromium","Cortex, hippocampus and subventricular zone","CAAGTTGTCCGCGCAA",1966,3637,58,0.0159472092383833,"Unknown"
"CAAGTTGTCGTGGACC","SRA526435","SRS1915196","Mus musculus","10x chromium","Cortex, hippocampus and subventricular zone","CAAGTTGTCGTGGACC",969,1404,54,0.0384615384615385,"Oligodendrocyte progenitor cells"
"CAAGTTGTCTGCTGTC","SRA526435","SRS1915196","Mus musculus","10x chromium","Cortex, hippocampus and subventricular zone","CAAGTTGTCTGCTGTC",2185,4722,61,0.0129182549767048,"Pericytes"
"CACAAACAGAATGTGT","SRA526435","SRS1915196","Mus musculus","10x chromium","Cortex, hippocampus and subventricular zone","CACAAACAGAATGTGT",1184,1931,12,0.0062143966856551,"Unknown"
"CACAAACAGATACACA","SRA526435","SRS1915196","Mus musculus","10x chromium","Cortex, hippocampus and subventricular zone","CACAAACAGATACACA",714,1027,74,0.0720545277507303,"Unknown"
"CACAAACAGCTGTCTA","SRA526435","SRS1915196","Mus musculus","10x chromium","Cortex, hippocampus and subventricular zone","CACAAACAGCTGTCTA",1877,3410,19,0.00557184750733138,"Unknown"
"CACAAACAGGTAGCTG","SRA526435","SRS1915196","Mus musculus","10x chromium","Cortex, hippocampus and subventricular zone","CACAAACAGGTAGCTG",2627,5895,107,0.0181509754028838,"Unknown"
"CACAAACAGTGCAAGC","SRA526435","SRS1915196","Mus musculus","10x chromium","Cortex, hippocampus and subventricular zone","CACAAACAGTGCAAGC",2167,4486,41,0.00913954525189478,"Unknown"
"CACAAACCAAGCGCTC","SRA526435","SRS1915196","Mus musculus","10x chromium","Cortex, hippocampus and subventricular zone","CACAAACCAAGCGCTC",1564,2857,65,0.0227511375568778,"Unknown"
"CACAAACCACGCGAAA","SRA526435","SRS1915196","Mus musculus","10x chromium","Cortex, hippocampus and subventricular zone","CACAAACCACGCGAAA",1933,3681,67,0.0182015756587884,"Unknown"
"CACAAACGTAAGTGTA","SRA526435","SRS1915196","Mus musculus","10x chromium","Cortex, hippocampus and subventricular zone","CACAAACGTAAGTGTA",2248,4435,69,0.0155580608793687,"Unknown"
"CACAAACGTACCGTTA","SRA526435","SRS1915196","Mus musculus","10x chromium","Cortex, hippocampus and subventricular zone","CACAAACGTACCGTTA",1753,3060,46,0.0150326797385621,"Unknown"
"CACAAACGTCAGATAA","SRA526435","SRS1915196","Mus musculus","10x chromium","Cortex, hippocampus and subventricular zone","CACAAACGTCAGATAA",2658,6309,54,0.00855920114122682,"Unknown"
"CACAAACGTCTCTTTA","SRA526435","SRS1915196","Mus musculus","10x chromium","Cortex, hippocampus and subventricular zone","CACAAACGTCTCTTTA",1504,3031,31,0.0102276476410426,"Unknown"
"CACAAACGTGTAAGTA","SRA526435","SRS1915196","Mus musculus","10x chromium","Cortex, hippocampus and subventricular zone","CACAAACGTGTAAGTA",2829,6931,66,0.00952243543500216,"Unknown"
"CACAAACGTTTAGGAA","SRA526435","SRS1915196","Mus musculus","10x chromium","Cortex, hippocampus and subventricular zone","CACAAACGTTTAGGAA",2295,5018,56,0.0111598246313272,"Unknown"
"CACAAACTCATTCACT","SRA526435","SRS1915196","Mus musculus","10x chromium","Cortex, hippocampus and subventricular zone","CACAAACTCATTCACT",1040,1765,23,0.0130311614730878,"Unknown"
"CACAAACTCCAGTAGT","SRA526435","SRS1915196","Mus musculus","10x chromium","Cortex, hippocampus and subventricular zone","CACAAACTCCAGTAGT",1724,3080,51,0.0165584415584416,"Unknown"
"CACAAACTCGGCGCAT","SRA526435","SRS1915196","Mus musculus","10x chromium","Cortex, hippocampus and subventricular zone","CACAAACTCGGCGCAT",1269,2260,99,0.0438053097345133,"Unknown"
"CACAAACTCGTGGACC","SRA526435","SRS1915196","Mus musculus","10x chromium","Cortex, hippocampus and subventricular zone","CACAAACTCGTGGACC",1936,3739,30,0.00802353570473389,"Unknown"
"CACAAACTCTGTCCGT","SRA526435","SRS1915196","Mus musculus","10x chromium","Cortex, hippocampus and subventricular zone","CACAAACTCTGTCCGT",1329,2183,51,0.0233623453962437,"Unknown"
"CACACAAAGATATACG","SRA526435","SRS1915196","Mus musculus","10x chromium","Cortex, hippocampus and subventricular zone","CACACAAAGATATACG",2539,5985,64,0.0106934001670844,"Unknown"
"CACACAAAGATCCCGC","SRA526435","SRS1915196","Mus musculus","10x chromium","Cortex, hippocampus and subventricular zone","CACACAAAGATCCCGC",2017,4070,74,0.0181818181818182,"Unknown"
"CACACAAAGATGGCGT","SRA526435","SRS1915196","Mus musculus","10x chromium","Cortex, hippocampus and subventricular zone","CACACAAAGATGGCGT",2004,3885,67,0.0172458172458172,"Unknown"
"CACACAAAGGCTCAGA","SRA526435","SRS1915196","Mus musculus","10x chromium","Cortex, hippocampus and subventricular zone","CACACAAAGGCTCAGA",3838,10808,76,0.00703182827535159,"Unknown"
"CACACAAAGGTCATCT","SRA526435","SRS1915196","Mus musculus","10x chromium","Cortex, hippocampus and subventricular zone","CACACAAAGGTCATCT",113,2916,1,0.000342935528120713,"Erythroid-like and erythroid precursor cells"
"CACACAAAGTGAACAT","SRA526435","SRS1915196","Mus musculus","10x chromium","Cortex, hippocampus and subventricular zone","CACACAAAGTGAACAT",1944,4007,64,0.0159720489143998,"Unknown"
"CACACAACACCCTATC","SRA526435","SRS1915196","Mus musculus","10x chromium","Cortex, hippocampus and subventricular zone","CACACAACACCCTATC",2290,4377,34,0.00776787754169523,"Unknown"
"CACACAACACGCTTTC","SRA526435","SRS1915196","Mus musculus","10x chromium","Cortex, hippocampus and subventricular zone","CACACAACACGCTTTC",1302,2092,19,0.00908221797323136,"Unknown"
"CACACAACAGACAAAT","SRA526435","SRS1915196","Mus musculus","10x chromium","Cortex, hippocampus and subventricular zone","CACACAACAGACAAAT",2225,5391,78,0.0144685587089594,"Unknown"
"CACACAACAGACAGGT","SRA526435","SRS1915196","Mus musculus","10x chromium","Cortex, hippocampus and subventricular zone","CACACAACAGACAGGT",3952,12706,99,0.00779159452227294,"Unknown"
"CACACAACAGTGGAGT","SRA526435","SRS1915196","Mus musculus","10x chromium","Cortex, hippocampus and subventricular zone","CACACAACAGTGGAGT",1908,3626,47,0.0129619415333701,"Unknown"
"CACACAAGTACTTGAC","SRA526435","SRS1915196","Mus musculus","10x chromium","Cortex, hippocampus and subventricular zone","CACACAAGTACTTGAC",757,1064,49,0.0460526315789474,"Unknown"
"CACACAAGTAGCTGCC","SRA526435","SRS1915196","Mus musculus","10x chromium","Cortex, hippocampus and subventricular zone","CACACAAGTAGCTGCC",2860,7052,127,0.0180090754395916,"Unknown"
"CACACAAGTCCAGTGC","SRA526435","SRS1915196","Mus musculus","10x chromium","Cortex, hippocampus and subventricular zone","CACACAAGTCCAGTGC",2336,4784,46,0.00961538461538462,"Unknown"
"CACACAAGTTAAGGGC","SRA526435","SRS1915196","Mus musculus","10x chromium","Cortex, hippocampus and subventricular zone","CACACAAGTTAAGGGC",2221,4714,60,0.0127280441238863,"Unknown"
"CACACAAGTTATCGGT","SRA526435","SRS1915196","Mus musculus","10x chromium","Cortex, hippocampus and subventricular zone","CACACAAGTTATCGGT",1723,3092,54,0.0174644243208279,"Unknown"
"CACACAATCAACACGT","SRA526435","SRS1915196","Mus musculus","10x chromium","Cortex, hippocampus and subventricular zone","CACACAATCAACACGT",3475,9970,146,0.0146439317953862,"Unknown"
"CACACAATCACAACGT","SRA526435","SRS1915196","Mus musculus","10x chromium","Cortex, hippocampus and subventricular zone","CACACAATCACAACGT",1412,2533,90,0.0355309909198579,"Unknown"
"CACACAATCATACGGT","SRA526435","SRS1915196","Mus musculus","10x chromium","Cortex, hippocampus and subventricular zone","CACACAATCATACGGT",2040,3912,44,0.0112474437627812,"Unknown"
"CACACAATCGATGAGG","SRA526435","SRS1915196","Mus musculus","10x chromium","Cortex, hippocampus and subventricular zone","CACACAATCGATGAGG",2382,5188,60,0.0115651503469545,"Unknown"
"CACACAATCGGAGGTA","SRA526435","SRS1915196","Mus musculus","10x chromium","Cortex, hippocampus and subventricular zone","CACACAATCGGAGGTA",2386,4920,67,0.0136178861788618,"Unknown"
"CACACAATCTCGCATC","SRA526435","SRS1915196","Mus musculus","10x chromium","Cortex, hippocampus and subventricular zone","CACACAATCTCGCATC",2455,5159,99,0.0191897654584222,"Unknown"
"CACACCTAGACCTTTG","SRA526435","SRS1915196","Mus musculus","10x chromium","Cortex, hippocampus and subventricular zone","CACACCTAGACCTTTG",1456,2464,45,0.018262987012987,"Unknown"
"CACACCTAGCAGGTCA","SRA526435","SRS1915196","Mus musculus","10x chromium","Cortex, hippocampus and subventricular zone","CACACCTAGCAGGTCA",1307,2164,34,0.0157116451016636,"Unknown"
"CACACCTAGCGAGAAA","SRA526435","SRS1915196","Mus musculus","10x chromium","Cortex, hippocampus and subventricular zone","CACACCTAGCGAGAAA",2246,4792,50,0.0104340567612688,"Unknown"
"CACACCTAGCGATGAC","SRA526435","SRS1915196","Mus musculus","10x chromium","Cortex, hippocampus and subventricular zone","CACACCTAGCGATGAC",2101,3863,36,0.00931918198291483,"Unknown"
"CACACCTAGTTACCCA","SRA526435","SRS1915196","Mus musculus","10x chromium","Cortex, hippocampus and subventricular zone","CACACCTAGTTACCCA",1172,1887,58,0.0307366189719131,"Unknown"
"CACACCTCACAAGTAA","SRA526435","SRS1915196","Mus musculus","10x chromium","Cortex, hippocampus and subventricular zone","CACACCTCACAAGTAA",2126,4388,63,0.0143573381950775,"Unknown"
"CACACCTCACATTAGC","SRA526435","SRS1915196","Mus musculus","10x chromium","Cortex, hippocampus and subventricular zone","CACACCTCACATTAGC",2418,5268,36,0.00683371298405467,"Unknown"
"CACACCTCACCAGCAC","SRA526435","SRS1915196","Mus musculus","10x chromium","Cortex, hippocampus and subventricular zone","CACACCTCACCAGCAC",2256,5243,37,0.00705702841884417,"Unknown"
"CACACCTCAGACAAAT","SRA526435","SRS1915196","Mus musculus","10x chromium","Cortex, hippocampus and subventricular zone","CACACCTCAGACAAAT",2200,4943,65,0.0131499089621687,"Unknown"
"CACACCTCAGCTTAAC","SRA526435","SRS1915196","Mus musculus","10x chromium","Cortex, hippocampus and subventricular zone","CACACCTCAGCTTAAC",2226,4222,80,0.0189483657034581,"Unknown"
"CACACCTCAGGCGATA","SRA526435","SRS1915196","Mus musculus","10x chromium","Cortex, hippocampus and subventricular zone","CACACCTCAGGCGATA",1623,3002,48,0.0159893404397069,"Unknown"
"CACACCTCAGGTGCCT","SRA526435","SRS1915196","Mus musculus","10x chromium","Cortex, hippocampus and subventricular zone","CACACCTCAGGTGCCT",2362,5016,44,0.0087719298245614,"Unknown"
"CACACCTCATCCTTGC","SRA526435","SRS1915196","Mus musculus","10x chromium","Cortex, hippocampus and subventricular zone","CACACCTCATCCTTGC",1413,2390,86,0.0359832635983264,"Unknown"
"CACACCTGTATGAATG","SRA526435","SRS1915196","Mus musculus","10x chromium","Cortex, hippocampus and subventricular zone","CACACCTGTATGAATG",2447,5489,52,0.0094734924394243,"Unknown"
"CACACCTGTCAAACTC","SRA526435","SRS1915196","Mus musculus","10x chromium","Cortex, hippocampus and subventricular zone","CACACCTGTCAAACTC",1796,3642,23,0.00631521142229544,"Unknown"
"CACACCTGTCGCTTCT","SRA526435","SRS1915196","Mus musculus","10x chromium","Cortex, hippocampus and subventricular zone","CACACCTGTCGCTTCT",2159,4068,56,0.0137659783677483,"Unknown"
"CACACCTGTCTGCAAT","SRA526435","SRS1915196","Mus musculus","10x chromium","Cortex, hippocampus and subventricular zone","CACACCTGTCTGCAAT",2715,5673,59,0.0104001410188613,"Unknown"
"CACACCTGTGAGGCTA","SRA526435","SRS1915196","Mus musculus","10x chromium","Cortex, hippocampus and subventricular zone","CACACCTGTGAGGCTA",960,1477,50,0.03385240352065,"Unknown"
"CACACCTTCAGAGCTT","SRA526435","SRS1915196","Mus musculus","10x chromium","Cortex, hippocampus and subventricular zone","CACACCTTCAGAGCTT",1327,2291,58,0.0253164556962025,"Unknown"
"CACACCTTCAGGCCCA","SRA526435","SRS1915196","Mus musculus","10x chromium","Cortex, hippocampus and subventricular zone","CACACCTTCAGGCCCA",2810,6689,136,0.020331888174615,"Unknown"
"CACACCTTCAGTTCGA","SRA526435","SRS1915196","Mus musculus","10x chromium","Cortex, hippocampus and subventricular zone","CACACCTTCAGTTCGA",1780,3391,100,0.0294898260100265,"Unknown"
"CACACCTTCATGCTCC","SRA526435","SRS1915196","Mus musculus","10x chromium","Cortex, hippocampus and subventricular zone","CACACCTTCATGCTCC",2829,6574,132,0.0200790994828111,"Unknown"
"CACACCTTCCGCGCAA","SRA526435","SRS1915196","Mus musculus","10x chromium","Cortex, hippocampus and subventricular zone","CACACCTTCCGCGCAA",2607,5418,79,0.0145810262089332,"Unknown"
"CACACCTTCGAGAGCA","SRA526435","SRS1915196","Mus musculus","10x chromium","Cortex, hippocampus and subventricular zone","CACACCTTCGAGAGCA",2034,4084,66,0.0161606268364349,"Unknown"
"CACACCTTCGCCTGTT","SRA526435","SRS1915196","Mus musculus","10x chromium","Cortex, hippocampus and subventricular zone","CACACCTTCGCCTGTT",3390,8932,93,0.0104120017913121,"Unknown"
"CACACTCAGGCACATG","SRA526435","SRS1915196","Mus musculus","10x chromium","Cortex, hippocampus and subventricular zone","CACACTCAGGCACATG",2262,4468,67,0.0149955237242614,"Unknown"
"CACACTCAGGCATTGG","SRA526435","SRS1915196","Mus musculus","10x chromium","Cortex, hippocampus and subventricular zone","CACACTCAGGCATTGG",3029,6715,61,0.00908413998510797,"Unknown"
"CACACTCAGTGGGTTG","SRA526435","SRS1915196","Mus musculus","10x chromium","Cortex, hippocampus and subventricular zone","CACACTCAGTGGGTTG",2443,5424,44,0.00811209439528024,"Unknown"
"CACACTCCAAGACGTG","SRA526435","SRS1915196","Mus musculus","10x chromium","Cortex, hippocampus and subventricular zone","CACACTCCAAGACGTG",2927,6632,73,0.0110072376357057,"Unknown"
"CACACTCCAGTGACAG","SRA526435","SRS1915196","Mus musculus","10x chromium","Cortex, hippocampus and subventricular zone","CACACTCCAGTGACAG",2541,5804,65,0.0111991729841489,"Unknown"
"CACACTCCATCGATTG","SRA526435","SRS1915196","Mus musculus","10x chromium","Cortex, hippocampus and subventricular zone","CACACTCCATCGATTG",994,1780,6,0.00337078651685393,"Unknown"
"CACACTCGTAAGTAGT","SRA526435","SRS1915196","Mus musculus","10x chromium","Cortex, hippocampus and subventricular zone","CACACTCGTAAGTAGT",1911,3825,45,0.0117647058823529,"Unknown"
"CACACTCGTACCGCTG","SRA526435","SRS1915196","Mus musculus","10x chromium","Cortex, hippocampus and subventricular zone","CACACTCGTACCGCTG",2356,4725,62,0.0131216931216931,"Cajal-Retzius cells"
"CACACTCGTCTCATCC","SRA526435","SRS1915196","Mus musculus","10x chromium","Cortex, hippocampus and subventricular zone","CACACTCGTCTCATCC",2724,5993,74,0.012347739028867,"Unknown"
"CACACTCGTGCAACGA","SRA526435","SRS1915196","Mus musculus","10x chromium","Cortex, hippocampus and subventricular zone","CACACTCGTGCAACGA",3198,8428,86,0.0102040816326531,"Unknown"
"CACACTCTCCTGCCAT","SRA526435","SRS1915196","Mus musculus","10x chromium","Cortex, hippocampus and subventricular zone","CACACTCTCCTGCCAT",1800,3235,43,0.0132921174652241,"Unknown"
"CACACTCTCGGCGGTT","SRA526435","SRS1915196","Mus musculus","10x chromium","Cortex, hippocampus and subventricular zone","CACACTCTCGGCGGTT",1410,9076,100,0.0110180696342001,"Erythroid-like and erythroid precursor cells"
"CACACTCTCTAACTTC","SRA526435","SRS1915196","Mus musculus","10x chromium","Cortex, hippocampus and subventricular zone","CACACTCTCTAACTTC",3402,8483,101,0.0119061652717199,"Unknown"
"CACACTCTCTATGTGG","SRA526435","SRS1915196","Mus musculus","10x chromium","Cortex, hippocampus and subventricular zone","CACACTCTCTATGTGG",2128,4095,17,0.00415140415140415,"Unknown"
"CACACTCTCTCTAGGA","SRA526435","SRS1915196","Mus musculus","10x chromium","Cortex, hippocampus and subventricular zone","CACACTCTCTCTAGGA",1727,3104,6,0.00193298969072165,"Unknown"
"CACACTCTCTCTGCTG","SRA526435","SRS1915196","Mus musculus","10x chromium","Cortex, hippocampus and subventricular zone","CACACTCTCTCTGCTG",1473,2241,11,0.00490852298081214,"Unknown"
"CACAGGCAGCGATTCT","SRA526435","SRS1915196","Mus musculus","10x chromium","Cortex, hippocampus and subventricular zone","CACAGGCAGCGATTCT",1821,3324,71,0.0213598074608905,"Unknown"
"CACAGGCAGCGTTTAC","SRA526435","SRS1915196","Mus musculus","10x chromium","Cortex, hippocampus and subventricular zone","CACAGGCAGCGTTTAC",313,15216,12,0.000788643533123028,"Erythroid-like and erythroid precursor cells"
"CACAGGCAGGACCACA","SRA526435","SRS1915196","Mus musculus","10x chromium","Cortex, hippocampus and subventricular zone","CACAGGCAGGACCACA",1569,2764,34,0.012301013024602,"Unknown"
"CACAGGCAGTGTCCAT","SRA526435","SRS1915196","Mus musculus","10x chromium","Cortex, hippocampus and subventricular zone","CACAGGCAGTGTCCAT",2446,5512,70,0.012699564586357,"Unknown"
"CACAGGCCACATCCGG","SRA526435","SRS1915196","Mus musculus","10x chromium","Cortex, hippocampus and subventricular zone","CACAGGCCACATCCGG",2433,5005,68,0.0135864135864136,"Unknown"
"CACAGGCCAGGGTACA","SRA526435","SRS1915196","Mus musculus","10x chromium","Cortex, hippocampus and subventricular zone","CACAGGCCAGGGTACA",1814,3235,43,0.0132921174652241,"Unknown"
"CACAGGCCAGTGGGAT","SRA526435","SRS1915196","Mus musculus","10x chromium","Cortex, hippocampus and subventricular zone","CACAGGCCAGTGGGAT",3116,7690,84,0.0109232769830949,"Unknown"
"CACAGGCGTCGAGATG","SRA526435","SRS1915196","Mus musculus","10x chromium","Cortex, hippocampus and subventricular zone","CACAGGCGTCGAGATG",1481,2906,37,0.0127322780454233,"Unknown"
"CACAGGCGTCTTCGTC","SRA526435","SRS1915196","Mus musculus","10x chromium","Cortex, hippocampus and subventricular zone","CACAGGCGTCTTCGTC",2191,4617,71,0.0153779510504657,"Unknown"
"CACAGGCGTCTTCTCG","SRA526435","SRS1915196","Mus musculus","10x chromium","Cortex, hippocampus and subventricular zone","CACAGGCGTCTTCTCG",1708,3012,36,0.0119521912350598,"Unknown"
"CACAGGCGTGTGACGA","SRA526435","SRS1915196","Mus musculus","10x chromium","Cortex, hippocampus and subventricular zone","CACAGGCGTGTGACGA",1979,3766,57,0.0151354221986192,"Unknown"
"CACAGGCGTTGGGACA","SRA526435","SRS1915196","Mus musculus","10x chromium","Cortex, hippocampus and subventricular zone","CACAGGCGTTGGGACA",1307,2151,23,0.0106927010692701,"Unknown"
"CACAGGCTCAGCCTAA","SRA526435","SRS1915196","Mus musculus","10x chromium","Cortex, hippocampus and subventricular zone","CACAGGCTCAGCCTAA",1185,1691,12,0.00709639266706091,"Unknown"
"CACAGGCTCCCGGATG","SRA526435","SRS1915196","Mus musculus","10x chromium","Cortex, hippocampus and subventricular zone","CACAGGCTCCCGGATG",1981,3608,57,0.0157982261640798,"Unknown"
"CACAGGCTCCTATGTT","SRA526435","SRS1915196","Mus musculus","10x chromium","Cortex, hippocampus and subventricular zone","CACAGGCTCCTATGTT",2197,4445,63,0.0141732283464567,"Unknown"
"CACAGGCTCGGACAAG","SRA526435","SRS1915196","Mus musculus","10x chromium","Cortex, hippocampus and subventricular zone","CACAGGCTCGGACAAG",2004,3620,59,0.0162983425414365,"Unknown"
"CACAGGCTCGTCGTTC","SRA526435","SRS1915196","Mus musculus","10x chromium","Cortex, hippocampus and subventricular zone","CACAGGCTCGTCGTTC",1934,3445,39,0.0113207547169811,"Unknown"
"CACAGGCTCTCCTATA","SRA526435","SRS1915196","Mus musculus","10x chromium","Cortex, hippocampus and subventricular zone","CACAGGCTCTCCTATA",2224,4470,41,0.00917225950782998,"Unknown"
"CACAGGCTCTGTGCAA","SRA526435","SRS1915196","Mus musculus","10x chromium","Cortex, hippocampus and subventricular zone","CACAGGCTCTGTGCAA",92,1438,8,0.00556328233657858,"Erythroid-like and erythroid precursor cells"
"CACAGTAAGAAACCTA","SRA526435","SRS1915196","Mus musculus","10x chromium","Cortex, hippocampus and subventricular zone","CACAGTAAGAAACCTA",1619,3089,23,0.0074457753318226,"Unknown"
"CACAGTAAGACACGAC","SRA526435","SRS1915196","Mus musculus","10x chromium","Cortex, hippocampus and subventricular zone","CACAGTAAGACACGAC",1689,3153,43,0.0136378052648271,"Unknown"
"CACAGTAAGCTAGCCC","SRA526435","SRS1915196","Mus musculus","10x chromium","Cortex, hippocampus and subventricular zone","CACAGTAAGCTAGCCC",2328,4825,49,0.0101554404145078,"Unknown"
"CACAGTAAGTATTGGA","SRA526435","SRS1915196","Mus musculus","10x chromium","Cortex, hippocampus and subventricular zone","CACAGTAAGTATTGGA",876,1733,109,0.0628967109059435,"Microglia"
"CACAGTAAGTCCAGGA","SRA526435","SRS1915196","Mus musculus","10x chromium","Cortex, hippocampus and subventricular zone","CACAGTAAGTCCAGGA",3078,7711,58,0.00752172221501751,"Unknown"
"CACAGTAAGTCCGGTC","SRA526435","SRS1915196","Mus musculus","10x chromium","Cortex, hippocampus and subventricular zone","CACAGTAAGTCCGGTC",1815,3455,48,0.0138929088277858,"Unknown"
"CACAGTAAGTGAAGAG","SRA526435","SRS1915196","Mus musculus","10x chromium","Cortex, hippocampus and subventricular zone","CACAGTAAGTGAAGAG",2287,4784,25,0.0052257525083612,"Unknown"
"CACAGTACAAGGACAC","SRA526435","SRS1915196","Mus musculus","10x chromium","Cortex, hippocampus and subventricular zone","CACAGTACAAGGACAC",2525,5584,55,0.00984957020057307,"Unknown"
"CACAGTACACCACGTG","SRA526435","SRS1915196","Mus musculus","10x chromium","Cortex, hippocampus and subventricular zone","CACAGTACACCACGTG",2596,5647,79,0.0139897290596777,"Unknown"
"CACAGTACAGCCACCA","SRA526435","SRS1915196","Mus musculus","10x chromium","Cortex, hippocampus and subventricular zone","CACAGTACAGCCACCA",1856,3171,33,0.010406811731315,"Unknown"
"CACAGTACATCGGTTA","SRA526435","SRS1915196","Mus musculus","10x chromium","Cortex, hippocampus and subventricular zone","CACAGTACATCGGTTA",2966,8031,65,0.00809363715602042,"Unknown"
"CACAGTAGTAAGCACG","SRA526435","SRS1915196","Mus musculus","10x chromium","Cortex, hippocampus and subventricular zone","CACAGTAGTAAGCACG",2064,4289,38,0.008859874096526,"Unknown"
"CACAGTAGTCCGACGT","SRA526435","SRS1915196","Mus musculus","10x chromium","Cortex, hippocampus and subventricular zone","CACAGTAGTCCGACGT",2070,4328,40,0.00924214417744917,"Unknown"
"CACAGTAGTCGACTGC","SRA526435","SRS1915196","Mus musculus","10x chromium","Cortex, hippocampus and subventricular zone","CACAGTAGTCGACTGC",4843,17338,123,0.007094243857423,"Unknown"
"CACAGTAGTGACTCAT","SRA526435","SRS1915196","Mus musculus","10x chromium","Cortex, hippocampus and subventricular zone","CACAGTAGTGACTCAT",870,1259,90,0.0714853057982526,"Unknown"
"CACAGTAGTGCAACGA","SRA526435","SRS1915196","Mus musculus","10x chromium","Cortex, hippocampus and subventricular zone","CACAGTAGTGCAACGA",1001,1480,88,0.0594594594594595,"Unknown"
"CACAGTAGTGCACTTA","SRA526435","SRS1915196","Mus musculus","10x chromium","Cortex, hippocampus and subventricular zone","CACAGTAGTGCACTTA",1911,3669,56,0.015263014445353,"Unknown"
"CACAGTAGTGCGATAG","SRA526435","SRS1915196","Mus musculus","10x chromium","Cortex, hippocampus and subventricular zone","CACAGTAGTGCGATAG",842,1165,7,0.00600858369098712,"Unknown"
"CACAGTAGTGGTCTCG","SRA526435","SRS1915196","Mus musculus","10x chromium","Cortex, hippocampus and subventricular zone","CACAGTAGTGGTCTCG",2959,6903,101,0.0146313197160655,"Unknown"
"CACAGTAGTTTGACAC","SRA526435","SRS1915196","Mus musculus","10x chromium","Cortex, hippocampus and subventricular zone","CACAGTAGTTTGACAC",2359,5213,48,0.00920774985612891,"Unknown"
"CACAGTATCAGCTGGC","SRA526435","SRS1915196","Mus musculus","10x chromium","Cortex, hippocampus and subventricular zone","CACAGTATCAGCTGGC",2005,3920,69,0.0176020408163265,"Unknown"
"CACAGTATCCGAACGC","SRA526435","SRS1915196","Mus musculus","10x chromium","Cortex, hippocampus and subventricular zone","CACAGTATCCGAACGC",2584,6342,125,0.0197098707032482,"Endothelial cells"
"CACAGTATCCTGTAGA","SRA526435","SRS1915196","Mus musculus","10x chromium","Cortex, hippocampus and subventricular zone","CACAGTATCCTGTAGA",1518,2694,55,0.0204157386785449,"Unknown"
"CACAGTATCGAATGGG","SRA526435","SRS1915196","Mus musculus","10x chromium","Cortex, hippocampus and subventricular zone","CACAGTATCGAATGGG",1473,2563,45,0.0175575497463909,"Unknown"
"CACAGTATCGTAGGTT","SRA526435","SRS1915196","Mus musculus","10x chromium","Cortex, hippocampus and subventricular zone","CACAGTATCGTAGGTT",2113,4075,32,0.00785276073619632,"Unknown"
"CACAGTATCTGATTCT","SRA526435","SRS1915196","Mus musculus","10x chromium","Cortex, hippocampus and subventricular zone","CACAGTATCTGATTCT",1455,2676,63,0.023542600896861,"Unknown"
"CACATAGAGAAACCAT","SRA526435","SRS1915196","Mus musculus","10x chromium","Cortex, hippocampus and subventricular zone","CACATAGAGAAACCAT",856,1276,53,0.0415360501567398,"Unknown"
"CACATAGAGAGGTTAT","SRA526435","SRS1915196","Mus musculus","10x chromium","Cortex, hippocampus and subventricular zone","CACATAGAGAGGTTAT",3084,8142,95,0.0116678948661263,"Unknown"
"CACATAGAGCCCGAAA","SRA526435","SRS1915196","Mus musculus","10x chromium","Cortex, hippocampus and subventricular zone","CACATAGAGCCCGAAA",1987,3562,52,0.0145985401459854,"Unknown"
"CACATAGAGCGATAGC","SRA526435","SRS1915196","Mus musculus","10x chromium","Cortex, hippocampus and subventricular zone","CACATAGAGCGATAGC",3048,7941,82,0.0103261553960458,"Unknown"
"CACATAGAGCTCAACT","SRA526435","SRS1915196","Mus musculus","10x chromium","Cortex, hippocampus and subventricular zone","CACATAGAGCTCAACT",2673,6232,65,0.0104300385109114,"Unknown"
"CACATAGAGCTGAAAT","SRA526435","SRS1915196","Mus musculus","10x chromium","Cortex, hippocampus and subventricular zone","CACATAGAGCTGAAAT",3048,8342,131,0.0157036681850875,"Unknown"
"CACATAGAGGCGATAC","SRA526435","SRS1915196","Mus musculus","10x chromium","Cortex, hippocampus and subventricular zone","CACATAGAGGCGATAC",2635,6015,65,0.0108063175394846,"Unknown"
"CACATAGAGGGAACGG","SRA526435","SRS1915196","Mus musculus","10x chromium","Cortex, hippocampus and subventricular zone","CACATAGAGGGAACGG",1329,2237,56,0.0250335270451498,"Unknown"
"CACATAGAGTGTACCT","SRA526435","SRS1915196","Mus musculus","10x chromium","Cortex, hippocampus and subventricular zone","CACATAGAGTGTACCT",2393,5247,13,0.00247760625119116,"Unknown"
"CACATAGAGTTACCCA","SRA526435","SRS1915196","Mus musculus","10x chromium","Cortex, hippocampus and subventricular zone","CACATAGAGTTACCCA",1236,2123,53,0.0249646726330664,"Unknown"
"CACATAGAGTTCGATC","SRA526435","SRS1915196","Mus musculus","10x chromium","Cortex, hippocampus and subventricular zone","CACATAGAGTTCGATC",2020,4573,55,0.0120271156789853,"Endothelial cells"
"CACATAGCAATGAAAC","SRA526435","SRS1915196","Mus musculus","10x chromium","Cortex, hippocampus and subventricular zone","CACATAGCAATGAAAC",1758,3527,34,0.00963992061241849,"Unknown"
"CACATAGCACCAACCG","SRA526435","SRS1915196","Mus musculus","10x chromium","Cortex, hippocampus and subventricular zone","CACATAGCACCAACCG",2980,7807,133,0.0170359933393109,"Unknown"
"CACATAGCAGGGTATG","SRA526435","SRS1915196","Mus musculus","10x chromium","Cortex, hippocampus and subventricular zone","CACATAGCAGGGTATG",2018,4321,107,0.0247627863920389,"Unknown"
"CACATAGCATTCGACA","SRA526435","SRS1915196","Mus musculus","10x chromium","Cortex, hippocampus and subventricular zone","CACATAGCATTCGACA",2538,6137,68,0.0110803324099723,"Unknown"
"CACATAGGTAAACGCG","SRA526435","SRS1915196","Mus musculus","10x chromium","Cortex, hippocampus and subventricular zone","CACATAGGTAAACGCG",2378,5502,46,0.00836059614685569,"Unknown"
"CACATAGGTACAGTTC","SRA526435","SRS1915196","Mus musculus","10x chromium","Cortex, hippocampus and subventricular zone","CACATAGGTACAGTTC",2354,5499,131,0.0238225131842153,"Unknown"
"CACATAGGTAGAGGAA","SRA526435","SRS1915196","Mus musculus","10x chromium","Cortex, hippocampus and subventricular zone","CACATAGGTAGAGGAA",2022,4356,38,0.00872359963269054,"Unknown"
"CACATAGGTATCGCAT","SRA526435","SRS1915196","Mus musculus","10x chromium","Cortex, hippocampus and subventricular zone","CACATAGGTATCGCAT",2279,11729,47,0.00400716173586836,"Erythroid-like and erythroid precursor cells"
"CACATAGGTCCGTGAC","SRA526435","SRS1915196","Mus musculus","10x chromium","Cortex, hippocampus and subventricular zone","CACATAGGTCCGTGAC",2046,3876,114,0.0294117647058824,"Unknown"
"CACATAGGTCGGCACT","SRA526435","SRS1915196","Mus musculus","10x chromium","Cortex, hippocampus and subventricular zone","CACATAGGTCGGCACT",879,1480,32,0.0216216216216216,"Unknown"
"CACATAGGTGACGGTA","SRA526435","SRS1915196","Mus musculus","10x chromium","Cortex, hippocampus and subventricular zone","CACATAGGTGACGGTA",2018,3969,25,0.00629881582262535,"Unknown"
"CACATAGGTGATGCCC","SRA526435","SRS1915196","Mus musculus","10x chromium","Cortex, hippocampus and subventricular zone","CACATAGGTGATGCCC",2119,3696,30,0.00811688311688312,"Unknown"
"CACATAGGTTCCACGG","SRA526435","SRS1915196","Mus musculus","10x chromium","Cortex, hippocampus and subventricular zone","CACATAGGTTCCACGG",862,1262,11,0.00871632329635499,"Unknown"
"CACATAGTCAAAGTAG","SRA526435","SRS1915196","Mus musculus","10x chromium","Cortex, hippocampus and subventricular zone","CACATAGTCAAAGTAG",3389,8964,35,0.00390450691655511,"Unknown"
"CACATAGTCAGCGATT","SRA526435","SRS1915196","Mus musculus","10x chromium","Cortex, hippocampus and subventricular zone","CACATAGTCAGCGATT",1278,2528,33,0.0130537974683544,"Unknown"
"CACATAGTCATGTCTT","SRA526435","SRS1915196","Mus musculus","10x chromium","Cortex, hippocampus and subventricular zone","CACATAGTCATGTCTT",2254,4672,94,0.0201198630136986,"Unknown"
"CACATAGTCCTCAATT","SRA526435","SRS1915196","Mus musculus","10x chromium","Cortex, hippocampus and subventricular zone","CACATAGTCCTCAATT",2754,6848,46,0.00671728971962617,"Unknown"
"CACATAGTCTGGTTCC","SRA526435","SRS1915196","Mus musculus","10x chromium","Cortex, hippocampus and subventricular zone","CACATAGTCTGGTTCC",2831,6689,99,0.0148004185976977,"Unknown"
"CACATAGTCTTCATGT","SRA526435","SRS1915196","Mus musculus","10x chromium","Cortex, hippocampus and subventricular zone","CACATAGTCTTCATGT",1766,3503,42,0.0119897230944904,"Unknown"
"CACATTTAGAGACTAT","SRA526435","SRS1915196","Mus musculus","10x chromium","Cortex, hippocampus and subventricular zone","CACATTTAGAGACTAT",2364,5406,39,0.0072142064372919,"Unknown"
"CACATTTAGCAACGGT","SRA526435","SRS1915196","Mus musculus","10x chromium","Cortex, hippocampus and subventricular zone","CACATTTAGCAACGGT",2106,3951,19,0.00480890913692736,"Unknown"
"CACATTTAGCATCATC","SRA526435","SRS1915196","Mus musculus","10x chromium","Cortex, hippocampus and subventricular zone","CACATTTAGCATCATC",1456,2639,60,0.0227358848048503,"Unknown"
"CACATTTAGGATTCGG","SRA526435","SRS1915196","Mus musculus","10x chromium","Cortex, hippocampus and subventricular zone","CACATTTAGGATTCGG",1274,2016,36,0.0178571428571429,"Unknown"
"CACATTTCAAGACACG","SRA526435","SRS1915196","Mus musculus","10x chromium","Cortex, hippocampus and subventricular zone","CACATTTCAAGACACG",3120,8189,87,0.0106240078153621,"Unknown"
"CACATTTCAGCTTAAC","SRA526435","SRS1915196","Mus musculus","10x chromium","Cortex, hippocampus and subventricular zone","CACATTTCAGCTTAAC",2557,5424,66,0.0121681415929204,"Unknown"
"CACATTTCAGGTCGTC","SRA526435","SRS1915196","Mus musculus","10x chromium","Cortex, hippocampus and subventricular zone","CACATTTCAGGTCGTC",1242,2095,48,0.0229116945107399,"Unknown"
"CACATTTGTACCTACA","SRA526435","SRS1915196","Mus musculus","10x chromium","Cortex, hippocampus and subventricular zone","CACATTTGTACCTACA",801,1270,44,0.0346456692913386,"Unknown"
"CACATTTGTATAAACG","SRA526435","SRS1915196","Mus musculus","10x chromium","Cortex, hippocampus and subventricular zone","CACATTTGTATAAACG",2202,4764,40,0.00839630562552477,"Unknown"
"CACATTTTCAACGGGA","SRA526435","SRS1915196","Mus musculus","10x chromium","Cortex, hippocampus and subventricular zone","CACATTTTCAACGGGA",2246,4994,35,0.00700841009211053,"Unknown"
"CACATTTTCAGAGACG","SRA526435","SRS1915196","Mus musculus","10x chromium","Cortex, hippocampus and subventricular zone","CACATTTTCAGAGACG",3006,7848,70,0.00891946992864424,"Unknown"
"CACATTTTCCTAAGTG","SRA526435","SRS1915196","Mus musculus","10x chromium","Cortex, hippocampus and subventricular zone","CACATTTTCCTAAGTG",1816,3543,55,0.0155235675980807,"Unknown"
"CACCACTAGATACACA","SRA526435","SRS1915196","Mus musculus","10x chromium","Cortex, hippocampus and subventricular zone","CACCACTAGATACACA",1886,3700,43,0.0116216216216216,"Unknown"
"CACCACTAGGAATCGC","SRA526435","SRS1915196","Mus musculus","10x chromium","Cortex, hippocampus and subventricular zone","CACCACTAGGAATCGC",2308,4958,95,0.0191609519967729,"Unknown"
"CACCACTAGGCGACAT","SRA526435","SRS1915196","Mus musculus","10x chromium","Cortex, hippocampus and subventricular zone","CACCACTAGGCGACAT",1140,2308,107,0.0463604852686308,"Unknown"
"CACCACTAGGTGCTAG","SRA526435","SRS1915196","Mus musculus","10x chromium","Cortex, hippocampus and subventricular zone","CACCACTAGGTGCTAG",78,2258,4,0.00177147918511957,"Erythroid-like and erythroid precursor cells"
"CACCACTCAAACCCAT","SRA526435","SRS1915196","Mus musculus","10x chromium","Cortex, hippocampus and subventricular zone","CACCACTCAAACCCAT",1685,3003,50,0.0166500166500167,"Unknown"
"CACCACTCAAGGACAC","SRA526435","SRS1915196","Mus musculus","10x chromium","Cortex, hippocampus and subventricular zone","CACCACTCAAGGACAC",1112,2043,40,0.0195790504160548,"Endothelial cells"
"CACCACTCACAGGCCT","SRA526435","SRS1915196","Mus musculus","10x chromium","Cortex, hippocampus and subventricular zone","CACCACTCACAGGCCT",2244,4328,53,0.0122458410351201,"Unknown"
"CACCACTCACCAGATT","SRA526435","SRS1915196","Mus musculus","10x chromium","Cortex, hippocampus and subventricular zone","CACCACTCACCAGATT",2240,4713,58,0.0123063865902822,"Unknown"
"CACCACTCACCGCTAG","SRA526435","SRS1915196","Mus musculus","10x chromium","Cortex, hippocampus and subventricular zone","CACCACTCACCGCTAG",1962,4014,65,0.0161933233682113,"Unknown"
"CACCACTCACGGCTAC","SRA526435","SRS1915196","Mus musculus","10x chromium","Cortex, hippocampus and subventricular zone","CACCACTCACGGCTAC",2380,4961,45,0.00907075186454344,"Unknown"
"CACCACTCAGCTTCGG","SRA526435","SRS1915196","Mus musculus","10x chromium","Cortex, hippocampus and subventricular zone","CACCACTCAGCTTCGG",3638,10188,128,0.0125638005496663,"Unknown"
"CACCACTCATAAAGGT","SRA526435","SRS1915196","Mus musculus","10x chromium","Cortex, hippocampus and subventricular zone","CACCACTCATAAAGGT",3988,11525,151,0.0131019522776573,"Unknown"
"CACCACTCATATACGC","SRA526435","SRS1915196","Mus musculus","10x chromium","Cortex, hippocampus and subventricular zone","CACCACTCATATACGC",3211,7066,64,0.00905745825077837,"Unknown"
"CACCACTCATCCCACT","SRA526435","SRS1915196","Mus musculus","10x chromium","Cortex, hippocampus and subventricular zone","CACCACTCATCCCACT",2094,4030,69,0.01712158808933,"Unknown"
"CACCACTCATGAAGTA","SRA526435","SRS1915196","Mus musculus","10x chromium","Cortex, hippocampus and subventricular zone","CACCACTCATGAAGTA",3158,8110,67,0.00826140567200986,"Unknown"
"CACCACTCATTCTTAC","SRA526435","SRS1915196","Mus musculus","10x chromium","Cortex, hippocampus and subventricular zone","CACCACTCATTCTTAC",789,1150,46,0.04,"Unknown"
"CACCACTGTCGACTGC","SRA526435","SRS1915196","Mus musculus","10x chromium","Cortex, hippocampus and subventricular zone","CACCACTGTCGACTGC",2711,6752,52,0.00770142180094787,"Unknown"
"CACCACTGTCGAGTTT","SRA526435","SRS1915196","Mus musculus","10x chromium","Cortex, hippocampus and subventricular zone","CACCACTGTCGAGTTT",1296,2389,42,0.0175805776475513,"Unknown"
"CACCACTGTCTAGAGG","SRA526435","SRS1915196","Mus musculus","10x chromium","Cortex, hippocampus and subventricular zone","CACCACTGTCTAGAGG",2498,5577,64,0.0114757037833961,"Unknown"
"CACCACTGTGCTCTTC","SRA526435","SRS1915196","Mus musculus","10x chromium","Cortex, hippocampus and subventricular zone","CACCACTGTGCTCTTC",2094,4220,44,0.0104265402843602,"Unknown"
"CACCACTGTTCTGTTT","SRA526435","SRS1915196","Mus musculus","10x chromium","Cortex, hippocampus and subventricular zone","CACCACTGTTCTGTTT",1680,3409,63,0.0184804928131417,"Unknown"
"CACCACTGTTTGGGCC","SRA526435","SRS1915196","Mus musculus","10x chromium","Cortex, hippocampus and subventricular zone","CACCACTGTTTGGGCC",1808,3406,42,0.0123311802701116,"Unknown"
"CACCACTGTTTGTTGG","SRA526435","SRS1915196","Mus musculus","10x chromium","Cortex, hippocampus and subventricular zone","CACCACTGTTTGTTGG",908,1380,56,0.0405797101449275,"Unknown"
"CACCACTTCCAAGCCG","SRA526435","SRS1915196","Mus musculus","10x chromium","Cortex, hippocampus and subventricular zone","CACCACTTCCAAGCCG",2197,4217,72,0.0170737491107422,"Unknown"
"CACCACTTCCGAATGT","SRA526435","SRS1915196","Mus musculus","10x chromium","Cortex, hippocampus and subventricular zone","CACCACTTCCGAATGT",1602,2877,31,0.010775112964894,"Unknown"
"CACCACTTCCGCGCAA","SRA526435","SRS1915196","Mus musculus","10x chromium","Cortex, hippocampus and subventricular zone","CACCACTTCCGCGCAA",1084,1837,23,0.0125204137180185,"Unknown"
"CACCACTTCTCAAACG","SRA526435","SRS1915196","Mus musculus","10x chromium","Cortex, hippocampus and subventricular zone","CACCACTTCTCAAACG",5487,24107,255,0.0105778404612768,"Endothelial cells"
"CACCACTTCTTATCTG","SRA526435","SRS1915196","Mus musculus","10x chromium","Cortex, hippocampus and subventricular zone","CACCACTTCTTATCTG",4088,11550,126,0.0109090909090909,"Unknown"
"CACCACTTCTTTCCTC","SRA526435","SRS1915196","Mus musculus","10x chromium","Cortex, hippocampus and subventricular zone","CACCACTTCTTTCCTC",2173,4300,43,0.01,"Unknown"
"CACCAGGAGACCGGAT","SRA526435","SRS1915196","Mus musculus","10x chromium","Cortex, hippocampus and subventricular zone","CACCAGGAGACCGGAT",873,1293,38,0.0293890177880897,"Unknown"
"CACCAGGAGAGACTAT","SRA526435","SRS1915196","Mus musculus","10x chromium","Cortex, hippocampus and subventricular zone","CACCAGGAGAGACTAT",2349,5482,58,0.0105800802626779,"Unknown"
"CACCAGGAGCCTCGTG","SRA526435","SRS1915196","Mus musculus","10x chromium","Cortex, hippocampus and subventricular zone","CACCAGGAGCCTCGTG",1780,3092,59,0.0190815006468305,"Unknown"
"CACCAGGAGGCACATG","SRA526435","SRS1915196","Mus musculus","10x chromium","Cortex, hippocampus and subventricular zone","CACCAGGAGGCACATG",2894,7114,108,0.0151813325836379,"Unknown"
"CACCAGGAGGCTATCT","SRA526435","SRS1915196","Mus musculus","10x chromium","Cortex, hippocampus and subventricular zone","CACCAGGAGGCTATCT",1039,1751,29,0.0165619645916619,"Unknown"
"CACCAGGAGTACGCGA","SRA526435","SRS1915196","Mus musculus","10x chromium","Cortex, hippocampus and subventricular zone","CACCAGGAGTACGCGA",840,1123,21,0.018699910952805,"Unknown"
"CACCAGGAGTCCTCCT","SRA526435","SRS1915196","Mus musculus","10x chromium","Cortex, hippocampus and subventricular zone","CACCAGGAGTCCTCCT",1587,2807,26,0.00926255789098682,"Unknown"
"CACCAGGAGTGACATA","SRA526435","SRS1915196","Mus musculus","10x chromium","Cortex, hippocampus and subventricular zone","CACCAGGAGTGACATA",2394,4965,65,0.013091641490433,"Unknown"
"CACCAGGCAAATACAG","SRA526435","SRS1915196","Mus musculus","10x chromium","Cortex, hippocampus and subventricular zone","CACCAGGCAAATACAG",3104,8192,121,0.0147705078125,"Unknown"
"CACCAGGCACGAAGCA","SRA526435","SRS1915196","Mus musculus","10x chromium","Cortex, hippocampus and subventricular zone","CACCAGGCACGAAGCA",6498,34417,342,0.00993694976319842,"Endothelial cells"
"CACCAGGCAGGCAGTA","SRA526435","SRS1915196","Mus musculus","10x chromium","Cortex, hippocampus and subventricular zone","CACCAGGCAGGCAGTA",2659,5848,56,0.00957592339261286,"Unknown"
"CACCAGGCAGTGAGTG","SRA526435","SRS1915196","Mus musculus","10x chromium","Cortex, hippocampus and subventricular zone","CACCAGGCAGTGAGTG",1492,2682,52,0.0193885160328113,"Unknown"
"CACCAGGCATTCCTCG","SRA526435","SRS1915196","Mus musculus","10x chromium","Cortex, hippocampus and subventricular zone","CACCAGGCATTCCTCG",2128,4348,55,0.0126494940202392,"Unknown"
"CACCAGGCATTTCAGG","SRA526435","SRS1915196","Mus musculus","10x chromium","Cortex, hippocampus and subventricular zone","CACCAGGCATTTCAGG",2109,4003,61,0.0152385710716962,"Unknown"
"CACCAGGGTATCTGCA","SRA526435","SRS1915196","Mus musculus","10x chromium","Cortex, hippocampus and subventricular zone","CACCAGGGTATCTGCA",2310,5032,66,0.0131160572337043,"Unknown"
"CACCAGGGTCAAAGAT","SRA526435","SRS1915196","Mus musculus","10x chromium","Cortex, hippocampus and subventricular zone","CACCAGGGTCAAAGAT",1821,3544,97,0.0273702031602709,"Unknown"
"CACCAGGGTCAACTGT","SRA526435","SRS1915196","Mus musculus","10x chromium","Cortex, hippocampus and subventricular zone","CACCAGGGTCAACTGT",4069,11640,64,0.00549828178694158,"Unknown"
"CACCAGGGTCATGCCG","SRA526435","SRS1915196","Mus musculus","10x chromium","Cortex, hippocampus and subventricular zone","CACCAGGGTCATGCCG",1668,3095,50,0.0161550888529887,"Unknown"
"CACCAGGGTGTCTGAT","SRA526435","SRS1915196","Mus musculus","10x chromium","Cortex, hippocampus and subventricular zone","CACCAGGGTGTCTGAT",1988,3842,64,0.0166579906298803,"Unknown"
"CACCAGGGTGTTAAGA","SRA526435","SRS1915196","Mus musculus","10x chromium","Cortex, hippocampus and subventricular zone","CACCAGGGTGTTAAGA",3081,6976,88,0.0126146788990826,"Unknown"
"CACCAGGGTTCGTCTC","SRA526435","SRS1915196","Mus musculus","10x chromium","Cortex, hippocampus and subventricular zone","CACCAGGGTTCGTCTC",1409,2643,37,0.0139992432841468,"Unknown"
"CACCAGGTCACATGCA","SRA526435","SRS1915196","Mus musculus","10x chromium","Cortex, hippocampus and subventricular zone","CACCAGGTCACATGCA",938,1418,58,0.0409026798307475,"Unknown"
"CACCAGGTCATTGCCC","SRA526435","SRS1915196","Mus musculus","10x chromium","Cortex, hippocampus and subventricular zone","CACCAGGTCATTGCCC",3628,10061,65,0.00646059039856873,"Unknown"
"CACCAGGTCCCATTTA","SRA526435","SRS1915196","Mus musculus","10x chromium","Cortex, hippocampus and subventricular zone","CACCAGGTCCCATTTA",1668,3123,33,0.010566762728146,"Unknown"
"CACCAGGTCGAATCCA","SRA526435","SRS1915196","Mus musculus","10x chromium","Cortex, hippocampus and subventricular zone","CACCAGGTCGAATCCA",2107,4104,58,0.0141325536062378,"Unknown"
"CACCAGGTCTCCTATA","SRA526435","SRS1915196","Mus musculus","10x chromium","Cortex, hippocampus and subventricular zone","CACCAGGTCTCCTATA",1903,3587,58,0.0161695009757457,"Unknown"
"CACCAGGTCTTGCCGT","SRA526435","SRS1915196","Mus musculus","10x chromium","Cortex, hippocampus and subventricular zone","CACCAGGTCTTGCCGT",4966,18437,202,0.0109562293214731,"Endothelial cells"
"CACCTTGAGAATGTTG","SRA526435","SRS1915196","Mus musculus","10x chromium","Cortex, hippocampus and subventricular zone","CACCTTGAGAATGTTG",2048,4465,35,0.00783874580067189,"Unknown"
"CACCTTGAGCTAGTCT","SRA526435","SRS1915196","Mus musculus","10x chromium","Cortex, hippocampus and subventricular zone","CACCTTGAGCTAGTCT",2308,5108,69,0.0135082223962412,"Unknown"
"CACCTTGAGGAGTAGA","SRA526435","SRS1915196","Mus musculus","10x chromium","Cortex, hippocampus and subventricular zone","CACCTTGAGGAGTAGA",3884,11779,76,0.00645216062484082,"Unknown"
"CACCTTGCAAACTGCT","SRA526435","SRS1915196","Mus musculus","10x chromium","Cortex, hippocampus and subventricular zone","CACCTTGCAAACTGCT",3886,10317,48,0.00465251526606572,"Unknown"
"CACCTTGCACGTCTCT","SRA526435","SRS1915196","Mus musculus","10x chromium","Cortex, hippocampus and subventricular zone","CACCTTGCACGTCTCT",2355,4790,43,0.00897703549060543,"Unknown"
"CACCTTGCATACTCTT","SRA526435","SRS1915196","Mus musculus","10x chromium","Cortex, hippocampus and subventricular zone","CACCTTGCATACTCTT",2337,4898,84,0.0171498570845243,"Unknown"
"CACCTTGGTCATACTG","SRA526435","SRS1915196","Mus musculus","10x chromium","Cortex, hippocampus and subventricular zone","CACCTTGGTCATACTG",1977,3763,44,0.0116927982992293,"Unknown"
"CACCTTGGTCCAGTAT","SRA526435","SRS1915196","Mus musculus","10x chromium","Cortex, hippocampus and subventricular zone","CACCTTGGTCCAGTAT",2831,7477,89,0.0119031697204761,"Endothelial cells"
"CACCTTGGTCGCGGTT","SRA526435","SRS1915196","Mus musculus","10x chromium","Cortex, hippocampus and subventricular zone","CACCTTGGTCGCGGTT",2477,5553,104,0.018728615162975,"Unknown"
"CACCTTGGTCTCCATC","SRA526435","SRS1915196","Mus musculus","10x chromium","Cortex, hippocampus and subventricular zone","CACCTTGGTCTCCATC",2332,4943,25,0.00505765729314182,"Unknown"
"CACCTTGGTCTCTCGT","SRA526435","SRS1915196","Mus musculus","10x chromium","Cortex, hippocampus and subventricular zone","CACCTTGGTCTCTCGT",2178,4242,47,0.0110796793965111,"Unknown"
"CACCTTGGTTAAAGTG","SRA526435","SRS1915196","Mus musculus","10x chromium","Cortex, hippocampus and subventricular zone","CACCTTGGTTAAAGTG",2049,4229,36,0.00851265074485694,"Unknown"
"CACCTTGGTTCCACTC","SRA526435","SRS1915196","Mus musculus","10x chromium","Cortex, hippocampus and subventricular zone","CACCTTGGTTCCACTC",2274,4719,54,0.0114431023521933,"Unknown"
"CACCTTGTCACAGGCC","SRA526435","SRS1915196","Mus musculus","10x chromium","Cortex, hippocampus and subventricular zone","CACCTTGTCACAGGCC",724,1296,55,0.0424382716049383,"Unknown"
"CACCTTGTCCAAACTG","SRA526435","SRS1915196","Mus musculus","10x chromium","Cortex, hippocampus and subventricular zone","CACCTTGTCCAAACTG",1392,2273,29,0.012758468983722,"Unknown"
"CACCTTGTCCGGCACA","SRA526435","SRS1915196","Mus musculus","10x chromium","Cortex, hippocampus and subventricular zone","CACCTTGTCCGGCACA",2542,5657,77,0.013611454834718,"Unknown"
"CACCTTGTCCTTAATC","SRA526435","SRS1915196","Mus musculus","10x chromium","Cortex, hippocampus and subventricular zone","CACCTTGTCCTTAATC",3179,6976,81,0.0116112385321101,"Unknown"
"CACTCCAAGATATACG","SRA526435","SRS1915196","Mus musculus","10x chromium","Cortex, hippocampus and subventricular zone","CACTCCAAGATATACG",2008,4330,70,0.0161662817551963,"Unknown"
"CACTCCAAGCCCAGCT","SRA526435","SRS1915196","Mus musculus","10x chromium","Cortex, hippocampus and subventricular zone","CACTCCAAGCCCAGCT",102,3732,3,0.000803858520900322,"Erythroid-like and erythroid precursor cells"
"CACTCCAAGGCGATAC","SRA526435","SRS1915196","Mus musculus","10x chromium","Cortex, hippocampus and subventricular zone","CACTCCAAGGCGATAC",2682,6159,68,0.0110407533690534,"Unknown"
"CACTCCAAGGCTCAGA","SRA526435","SRS1915196","Mus musculus","10x chromium","Cortex, hippocampus and subventricular zone","CACTCCAAGGCTCAGA",3508,11450,84,0.00733624454148472,"Unknown"
"CACTCCAAGTTCCACA","SRA526435","SRS1915196","Mus musculus","10x chromium","Cortex, hippocampus and subventricular zone","CACTCCAAGTTCCACA",1028,1763,60,0.0340328984685196,"Unknown"
"CACTCCACACATTAGC","SRA526435","SRS1915196","Mus musculus","10x chromium","Cortex, hippocampus and subventricular zone","CACTCCACACATTAGC",1225,2253,58,0.0257434531735464,"Cajal-Retzius cells"
"CACTCCAGTAGCTGCC","SRA526435","SRS1915196","Mus musculus","10x chromium","Cortex, hippocampus and subventricular zone","CACTCCAGTAGCTGCC",3392,8506,53,0.00623089583823184,"Unknown"
"CACTCCAGTATGAAAC","SRA526435","SRS1915196","Mus musculus","10x chromium","Cortex, hippocampus and subventricular zone","CACTCCAGTATGAAAC",2938,7650,137,0.0179084967320261,"Unknown"
"CACTCCAGTCAACTGT","SRA526435","SRS1915196","Mus musculus","10x chromium","Cortex, hippocampus and subventricular zone","CACTCCAGTCAACTGT",1915,3651,46,0.012599287866338,"Unknown"
"CACTCCAGTCCCTTGT","SRA526435","SRS1915196","Mus musculus","10x chromium","Cortex, hippocampus and subventricular zone","CACTCCAGTCCCTTGT",4602,14967,243,0.0162357185808779,"Unknown"
"CACTCCAGTGACAAAT","SRA526435","SRS1915196","Mus musculus","10x chromium","Cortex, hippocampus and subventricular zone","CACTCCAGTGACAAAT",1764,3501,50,0.0142816338189089,"Unknown"
"CACTCCAGTGTGGCTC","SRA526435","SRS1915196","Mus musculus","10x chromium","Cortex, hippocampus and subventricular zone","CACTCCAGTGTGGCTC",1874,3505,61,0.0174037089871612,"Unknown"
"CACTCCAGTTCTGGTA","SRA526435","SRS1915196","Mus musculus","10x chromium","Cortex, hippocampus and subventricular zone","CACTCCAGTTCTGGTA",1219,2037,27,0.0132547864506627,"Unknown"
"CACTCCATCACCTTAT","SRA526435","SRS1915196","Mus musculus","10x chromium","Cortex, hippocampus and subventricular zone","CACTCCATCACCTTAT",2300,5066,23,0.00454007106198184,"Unknown"
"CACTCCATCCCATTAT","SRA526435","SRS1915196","Mus musculus","10x chromium","Cortex, hippocampus and subventricular zone","CACTCCATCCCATTAT",2276,4956,24,0.00484261501210654,"Unknown"
"CACTCCATCCCGGATG","SRA526435","SRS1915196","Mus musculus","10x chromium","Cortex, hippocampus and subventricular zone","CACTCCATCCCGGATG",2595,5684,39,0.00686136523574947,"Unknown"
"CACTCCATCGTAGGAG","SRA526435","SRS1915196","Mus musculus","10x chromium","Cortex, hippocampus and subventricular zone","CACTCCATCGTAGGAG",909,1325,35,0.0264150943396226,"Unknown"
"CACTCCATCTAGAGTC","SRA526435","SRS1915196","Mus musculus","10x chromium","Cortex, hippocampus and subventricular zone","CACTCCATCTAGAGTC",1750,3346,50,0.0149432157800359,"Unknown"
"CACTCCATCTGACCTC","SRA526435","SRS1915196","Mus musculus","10x chromium","Cortex, hippocampus and subventricular zone","CACTCCATCTGACCTC",1570,2613,25,0.00956754688097972,"Unknown"
"CACTCCATCTGCCCTA","SRA526435","SRS1915196","Mus musculus","10x chromium","Cortex, hippocampus and subventricular zone","CACTCCATCTGCCCTA",3881,9946,190,0.0191031570480595,"Unknown"
"CACTCCATCTTGGGTA","SRA526435","SRS1915196","Mus musculus","10x chromium","Cortex, hippocampus and subventricular zone","CACTCCATCTTGGGTA",2229,4614,69,0.0149544863459038,"Unknown"
"CACTCCATCTTTACGT","SRA526435","SRS1915196","Mus musculus","10x chromium","Cortex, hippocampus and subventricular zone","CACTCCATCTTTACGT",1815,3827,49,0.0128037627384374,"Unknown"
"CAGAATCAGAACTGTA","SRA526435","SRS1915196","Mus musculus","10x chromium","Cortex, hippocampus and subventricular zone","CAGAATCAGAACTGTA",2677,6272,99,0.0157844387755102,"Unknown"
"CAGAATCAGACTAAGT","SRA526435","SRS1915196","Mus musculus","10x chromium","Cortex, hippocampus and subventricular zone","CAGAATCAGACTAAGT",2341,5446,45,0.00826294528094014,"Unknown"
"CAGAATCAGCCTCGTG","SRA526435","SRS1915196","Mus musculus","10x chromium","Cortex, hippocampus and subventricular zone","CAGAATCAGCCTCGTG",1351,2347,40,0.0170430336599915,"Unknown"
"CAGAATCAGCTGGAAC","SRA526435","SRS1915196","Mus musculus","10x chromium","Cortex, hippocampus and subventricular zone","CAGAATCAGCTGGAAC",975,1374,45,0.0327510917030568,"Unknown"
"CAGAATCCAAGAAAGG","SRA526435","SRS1915196","Mus musculus","10x chromium","Cortex, hippocampus and subventricular zone","CAGAATCCAAGAAAGG",1960,3763,45,0.0119585437151209,"Unknown"
"CAGAATCCAAGTCTGT","SRA526435","SRS1915196","Mus musculus","10x chromium","Cortex, hippocampus and subventricular zone","CAGAATCCAAGTCTGT",2386,5268,51,0.00968109339407745,"Unknown"
"CAGAATCCACACCGAC","SRA526435","SRS1915196","Mus musculus","10x chromium","Cortex, hippocampus and subventricular zone","CAGAATCCACACCGAC",73,1155,4,0.00346320346320346,"Erythroid-like and erythroid precursor cells"
"CAGAATCCACGCATCG","SRA526435","SRS1915196","Mus musculus","10x chromium","Cortex, hippocampus and subventricular zone","CAGAATCCACGCATCG",802,1137,15,0.0131926121372032,"Unknown"
"CAGAATCCATGGAATA","SRA526435","SRS1915196","Mus musculus","10x chromium","Cortex, hippocampus and subventricular zone","CAGAATCCATGGAATA",2470,5918,86,0.014531936465022,"Unknown"
"CAGAATCGTAGCGATG","SRA526435","SRS1915196","Mus musculus","10x chromium","Cortex, hippocampus and subventricular zone","CAGAATCGTAGCGATG",1513,2529,28,0.011071569790431,"Unknown"
"CAGAATCGTGGCGAAT","SRA526435","SRS1915196","Mus musculus","10x chromium","Cortex, hippocampus and subventricular zone","CAGAATCGTGGCGAAT",1214,1743,10,0.0057372346528973,"Unknown"
"CAGAATCGTTCGTGAT","SRA526435","SRS1915196","Mus musculus","10x chromium","Cortex, hippocampus and subventricular zone","CAGAATCGTTCGTGAT",2164,4607,36,0.00781419578901671,"Unknown"
"CAGAATCTCAAACCGT","SRA526435","SRS1915196","Mus musculus","10x chromium","Cortex, hippocampus and subventricular zone","CAGAATCTCAAACCGT",2001,3907,60,0.0153570514461223,"Unknown"
"CAGAATCTCCGTTGTC","SRA526435","SRS1915196","Mus musculus","10x chromium","Cortex, hippocampus and subventricular zone","CAGAATCTCCGTTGTC",1236,2171,34,0.015660985720866,"Unknown"
"CAGAATCTCCTATGTT","SRA526435","SRS1915196","Mus musculus","10x chromium","Cortex, hippocampus and subventricular zone","CAGAATCTCCTATGTT",1140,1627,58,0.0356484326982176,"Unknown"
"CAGAATCTCGTTTATC","SRA526435","SRS1915196","Mus musculus","10x chromium","Cortex, hippocampus and subventricular zone","CAGAATCTCGTTTATC",1564,2818,23,0.00816181689141235,"Unknown"
"CAGAATCTCTTGTCAT","SRA526435","SRS1915196","Mus musculus","10x chromium","Cortex, hippocampus and subventricular zone","CAGAATCTCTTGTCAT",2064,4140,23,0.00555555555555556,"Unknown"
"CAGAGAGAGACAGGCT","SRA526435","SRS1915196","Mus musculus","10x chromium","Cortex, hippocampus and subventricular zone","CAGAGAGAGACAGGCT",2777,6664,89,0.0133553421368547,"Unknown"
"CAGAGAGAGACTAGGC","SRA526435","SRS1915196","Mus musculus","10x chromium","Cortex, hippocampus and subventricular zone","CAGAGAGAGACTAGGC",2330,5059,43,0.00849970349871516,"Unknown"
"CAGAGAGAGAGCCCAA","SRA526435","SRS1915196","Mus musculus","10x chromium","Cortex, hippocampus and subventricular zone","CAGAGAGAGAGCCCAA",1123,1797,39,0.0217028380634391,"Unknown"
"CAGAGAGAGAGCTATA","SRA526435","SRS1915196","Mus musculus","10x chromium","Cortex, hippocampus and subventricular zone","CAGAGAGAGAGCTATA",2126,4159,59,0.0141861024284684,"Unknown"
"CAGAGAGAGATCCCGC","SRA526435","SRS1915196","Mus musculus","10x chromium","Cortex, hippocampus and subventricular zone","CAGAGAGAGATCCCGC",2182,4821,81,0.0168014934660859,"Unknown"
"CAGAGAGAGGAGCGTT","SRA526435","SRS1915196","Mus musculus","10x chromium","Cortex, hippocampus and subventricular zone","CAGAGAGAGGAGCGTT",874,1370,35,0.0255474452554745,"Unknown"
"CAGAGAGAGGGCACTA","SRA526435","SRS1915196","Mus musculus","10x chromium","Cortex, hippocampus and subventricular zone","CAGAGAGAGGGCACTA",1888,3916,56,0.0143003064351379,"Unknown"
"CAGAGAGAGGTGACCA","SRA526435","SRS1915196","Mus musculus","10x chromium","Cortex, hippocampus and subventricular zone","CAGAGAGAGGTGACCA",1902,3449,66,0.0191359814438968,"Unknown"
"CAGAGAGAGTGCCAGA","SRA526435","SRS1915196","Mus musculus","10x chromium","Cortex, hippocampus and subventricular zone","CAGAGAGAGTGCCAGA",2332,4795,56,0.0116788321167883,"Unknown"
"CAGAGAGAGTTACCCA","SRA526435","SRS1915196","Mus musculus","10x chromium","Cortex, hippocampus and subventricular zone","CAGAGAGAGTTACCCA",1530,2600,34,0.0130769230769231,"Unknown"
"CAGAGAGCAGGCGATA","SRA526435","SRS1915196","Mus musculus","10x chromium","Cortex, hippocampus and subventricular zone","CAGAGAGCAGGCGATA",2125,4386,72,0.0164158686730506,"Unknown"
"CAGAGAGCAGTGACAG","SRA526435","SRS1915196","Mus musculus","10x chromium","Cortex, hippocampus and subventricular zone","CAGAGAGCAGTGACAG",1899,3550,55,0.0154929577464789,"Unknown"
"CAGAGAGGTACGACCC","SRA526435","SRS1915196","Mus musculus","10x chromium","Cortex, hippocampus and subventricular zone","CAGAGAGGTACGACCC",2307,4713,61,0.0129429238277106,"Unknown"
"CAGAGAGGTCAGTGGA","SRA526435","SRS1915196","Mus musculus","10x chromium","Cortex, hippocampus and subventricular zone","CAGAGAGGTCAGTGGA",69,1509,4,0.00265076209410205,"Erythroid-like and erythroid precursor cells"
"CAGAGAGGTGCACGAA","SRA526435","SRS1915196","Mus musculus","10x chromium","Cortex, hippocampus and subventricular zone","CAGAGAGGTGCACGAA",1235,1811,78,0.0430701270016565,"Unknown"
"CAGAGAGTCAACCAAC","SRA526435","SRS1915196","Mus musculus","10x chromium","Cortex, hippocampus and subventricular zone","CAGAGAGTCAACCAAC",2016,4149,40,0.0096408773198361,"Unknown"
"CAGAGAGTCATTGCGA","SRA526435","SRS1915196","Mus musculus","10x chromium","Cortex, hippocampus and subventricular zone","CAGAGAGTCATTGCGA",1950,3561,40,0.011232799775344,"Unknown"
"CAGAGAGTCCACTGGG","SRA526435","SRS1915196","Mus musculus","10x chromium","Cortex, hippocampus and subventricular zone","CAGAGAGTCCACTGGG",2445,5458,78,0.0142909490655918,"Unknown"
"CAGAGAGTCCAGTATG","SRA526435","SRS1915196","Mus musculus","10x chromium","Cortex, hippocampus and subventricular zone","CAGAGAGTCCAGTATG",1334,2593,12,0.00462784419591207,"Endothelial cells"
"CAGAGAGTCTGCTGCT","SRA526435","SRS1915196","Mus musculus","10x chromium","Cortex, hippocampus and subventricular zone","CAGAGAGTCTGCTGCT",1598,2777,50,0.0180050414115952,"Unknown"
"CAGATCAAGCGACGTA","SRA526435","SRS1915196","Mus musculus","10x chromium","Cortex, hippocampus and subventricular zone","CAGATCAAGCGACGTA",2618,5908,62,0.0104942450914015,"Unknown"
"CAGATCAAGGGCTCTC","SRA526435","SRS1915196","Mus musculus","10x chromium","Cortex, hippocampus and subventricular zone","CAGATCAAGGGCTCTC",2234,4849,41,0.00845535161889049,"Unknown"
"CAGATCAAGGTGTTAA","SRA526435","SRS1915196","Mus musculus","10x chromium","Cortex, hippocampus and subventricular zone","CAGATCAAGGTGTTAA",1223,2115,29,0.0137115839243499,"Unknown"
"CAGATCAAGTGCGATG","SRA526435","SRS1915196","Mus musculus","10x chromium","Cortex, hippocampus and subventricular zone","CAGATCAAGTGCGATG",3167,7849,95,0.0121034526691298,"Unknown"
"CAGATCACACCAACCG","SRA526435","SRS1915196","Mus musculus","10x chromium","Cortex, hippocampus and subventricular zone","CAGATCACACCAACCG",753,1384,46,0.0332369942196532,"Unknown"
"CAGATCACAGCCACCA","SRA526435","SRS1915196","Mus musculus","10x chromium","Cortex, hippocampus and subventricular zone","CAGATCACAGCCACCA",1624,2766,44,0.0159074475777296,"Unknown"
"CAGATCACAGCCTTGG","SRA526435","SRS1915196","Mus musculus","10x chromium","Cortex, hippocampus and subventricular zone","CAGATCACAGCCTTGG",1699,3044,35,0.0114980289093298,"Unknown"
"CAGATCACATCACGAT","SRA526435","SRS1915196","Mus musculus","10x chromium","Cortex, hippocampus and subventricular zone","CAGATCACATCACGAT",741,1006,31,0.0308151093439364,"Unknown"
"CAGATCACATCTCCCA","SRA526435","SRS1915196","Mus musculus","10x chromium","Cortex, hippocampus and subventricular zone","CAGATCACATCTCCCA",4568,15863,221,0.0139317909600958,"Unknown"
"CAGATCAGTAAATACG","SRA526435","SRS1915196","Mus musculus","10x chromium","Cortex, hippocampus and subventricular zone","CAGATCAGTAAATACG",2926,7201,84,0.0116650465213165,"Unknown"
"CAGATCAGTCATACTG","SRA526435","SRS1915196","Mus musculus","10x chromium","Cortex, hippocampus and subventricular zone","CAGATCAGTCATACTG",1139,1799,19,0.0105614230127849,"Unknown"
"CAGATCAGTCTGCCAG","SRA526435","SRS1915196","Mus musculus","10x chromium","Cortex, hippocampus and subventricular zone","CAGATCAGTCTGCCAG",1621,3208,31,0.00966334164588529,"Unknown"
"CAGATCAGTGCGCTTG","SRA526435","SRS1915196","Mus musculus","10x chromium","Cortex, hippocampus and subventricular zone","CAGATCAGTGCGCTTG",2836,6700,77,0.0114925373134328,"Unknown"
"CAGATCAGTGTTAAGA","SRA526435","SRS1915196","Mus musculus","10x chromium","Cortex, hippocampus and subventricular zone","CAGATCAGTGTTAAGA",3230,9297,99,0.010648596321394,"Unknown"
"CAGATCATCAGCATGT","SRA526435","SRS1915196","Mus musculus","10x chromium","Cortex, hippocampus and subventricular zone","CAGATCATCAGCATGT",1007,1394,29,0.0208034433285509,"Unknown"
"CAGATCATCAGTCCCT","SRA526435","SRS1915196","Mus musculus","10x chromium","Cortex, hippocampus and subventricular zone","CAGATCATCAGTCCCT",1608,3143,31,0.00986318803690741,"Unknown"
"CAGATCATCAGTTCGA","SRA526435","SRS1915196","Mus musculus","10x chromium","Cortex, hippocampus and subventricular zone","CAGATCATCAGTTCGA",1277,2079,12,0.00577200577200577,"Unknown"
"CAGATCATCCGAAGAG","SRA526435","SRS1915196","Mus musculus","10x chromium","Cortex, hippocampus and subventricular zone","CAGATCATCCGAAGAG",1654,3038,45,0.0148123765635286,"Unknown"
"CAGATCATCCGAATGT","SRA526435","SRS1915196","Mus musculus","10x chromium","Cortex, hippocampus and subventricular zone","CAGATCATCCGAATGT",2886,5429,221,0.0407073125805857,"Endothelial cells"
"CAGATCATCGCCCTTA","SRA526435","SRS1915196","Mus musculus","10x chromium","Cortex, hippocampus and subventricular zone","CAGATCATCGCCCTTA",1828,3464,46,0.0132794457274827,"Unknown"
"CAGCAGCAGACCGGAT","SRA526435","SRS1915196","Mus musculus","10x chromium","Cortex, hippocampus and subventricular zone","CAGCAGCAGACCGGAT",2624,6336,64,0.0101010101010101,"Endothelial cells"
"CAGCAGCAGATGCCAG","SRA526435","SRS1915196","Mus musculus","10x chromium","Cortex, hippocampus and subventricular zone","CAGCAGCAGATGCCAG",1893,3524,86,0.0244040862656073,"Unknown"
"CAGCAGCAGCAGACTG","SRA526435","SRS1915196","Mus musculus","10x chromium","Cortex, hippocampus and subventricular zone","CAGCAGCAGCAGACTG",2420,5085,61,0.0119960668633235,"Unknown"
"CAGCAGCAGCGTAGTG","SRA526435","SRS1915196","Mus musculus","10x chromium","Cortex, hippocampus and subventricular zone","CAGCAGCAGCGTAGTG",2356,5523,49,0.00887198986058302,"Unknown"
"CAGCAGCCAATAGAGT","SRA526435","SRS1915196","Mus musculus","10x chromium","Cortex, hippocampus and subventricular zone","CAGCAGCCAATAGAGT",2297,4984,42,0.00842696629213483,"Unknown"
"CAGCAGCCAATCAGAA","SRA526435","SRS1915196","Mus musculus","10x chromium","Cortex, hippocampus and subventricular zone","CAGCAGCCAATCAGAA",1979,3819,78,0.0204241948153967,"Unknown"
"CAGCAGCCATGAGCGA","SRA526435","SRS1915196","Mus musculus","10x chromium","Cortex, hippocampus and subventricular zone","CAGCAGCCATGAGCGA",844,1146,50,0.043630017452007,"Unknown"
"CAGCAGCCATGCTAGT","SRA526435","SRS1915196","Mus musculus","10x chromium","Cortex, hippocampus and subventricular zone","CAGCAGCCATGCTAGT",1350,2191,81,0.0369694203560018,"Endothelial cells"
"CAGCAGCGTAGTGAAT","SRA526435","SRS1915196","Mus musculus","10x chromium","Cortex, hippocampus and subventricular zone","CAGCAGCGTAGTGAAT",1597,3294,36,0.0109289617486339,"Unknown"
"CAGCAGCGTCCAGTGC","SRA526435","SRS1915196","Mus musculus","10x chromium","Cortex, hippocampus and subventricular zone","CAGCAGCGTCCAGTGC",2478,5280,72,0.0136363636363636,"Unknown"
"CAGCAGCGTCTAAACC","SRA526435","SRS1915196","Mus musculus","10x chromium","Cortex, hippocampus and subventricular zone","CAGCAGCGTCTAAACC",2449,5085,55,0.0108161258603736,"Unknown"
"CAGCAGCGTTACGGAG","SRA526435","SRS1915196","Mus musculus","10x chromium","Cortex, hippocampus and subventricular zone","CAGCAGCGTTACGGAG",3113,6725,94,0.0139776951672862,"Unknown"
"CAGCAGCGTTCGCTAA","SRA526435","SRS1915196","Mus musculus","10x chromium","Cortex, hippocampus and subventricular zone","CAGCAGCGTTCGCTAA",2157,4204,58,0.0137963843958135,"Unknown"
"CAGCAGCGTTTGTTGG","SRA526435","SRS1915196","Mus musculus","10x chromium","Cortex, hippocampus and subventricular zone","CAGCAGCGTTTGTTGG",1475,2401,13,0.00541441066222407,"Unknown"
"CAGCAGCTCACAGGCC","SRA526435","SRS1915196","Mus musculus","10x chromium","Cortex, hippocampus and subventricular zone","CAGCAGCTCACAGGCC",2540,5548,97,0.0174837779379957,"Unknown"
"CAGCAGCTCATATCGG","SRA526435","SRS1915196","Mus musculus","10x chromium","Cortex, hippocampus and subventricular zone","CAGCAGCTCATATCGG",1701,2790,36,0.0129032258064516,"Unknown"
"CAGCAGCTCTAGCACA","SRA526435","SRS1915196","Mus musculus","10x chromium","Cortex, hippocampus and subventricular zone","CAGCAGCTCTAGCACA",938,1754,69,0.0393386545039909,"Unknown"
"CAGCATAAGACGCACA","SRA526435","SRS1915196","Mus musculus","10x chromium","Cortex, hippocampus and subventricular zone","CAGCATAAGACGCACA",2933,7285,86,0.0118050789293068,"Unknown"
"CAGCATAAGAGTCTGG","SRA526435","SRS1915196","Mus musculus","10x chromium","Cortex, hippocampus and subventricular zone","CAGCATAAGAGTCTGG",919,1391,29,0.0208483105679367,"Unknown"
"CAGCATAAGCCACTAT","SRA526435","SRS1915196","Mus musculus","10x chromium","Cortex, hippocampus and subventricular zone","CAGCATAAGCCACTAT",3190,8633,47,0.00544422564577783,"Unknown"
"CAGCATAAGCGTTGCC","SRA526435","SRS1915196","Mus musculus","10x chromium","Cortex, hippocampus and subventricular zone","CAGCATAAGCGTTGCC",2051,4238,143,0.0337423312883436,"Unknown"
"CAGCATAAGGAATCGC","SRA526435","SRS1915196","Mus musculus","10x chromium","Cortex, hippocampus and subventricular zone","CAGCATAAGGAATCGC",817,1150,42,0.0365217391304348,"Unknown"
"CAGCATAAGTCATGCT","SRA526435","SRS1915196","Mus musculus","10x chromium","Cortex, hippocampus and subventricular zone","CAGCATAAGTCATGCT",4553,13929,146,0.01048172876732,"Unknown"
"CAGCATAAGTCGATAA","SRA526435","SRS1915196","Mus musculus","10x chromium","Cortex, hippocampus and subventricular zone","CAGCATAAGTCGATAA",3382,8257,32,0.00387549957611723,"Unknown"
"CAGCATACAAAGCGGT","SRA526435","SRS1915196","Mus musculus","10x chromium","Cortex, hippocampus and subventricular zone","CAGCATACAAAGCGGT",698,1942,3,0.00154479917610711,"Microglia"
"CAGCATACACAACTGT","SRA526435","SRS1915196","Mus musculus","10x chromium","Cortex, hippocampus and subventricular zone","CAGCATACACAACTGT",2787,6242,86,0.0137776353732778,"Unknown"
"CAGCATACACCGATAT","SRA526435","SRS1915196","Mus musculus","10x chromium","Cortex, hippocampus and subventricular zone","CAGCATACACCGATAT",1161,1965,60,0.0305343511450382,"Unknown"
"CAGCATACACCTTGTC","SRA526435","SRS1915196","Mus musculus","10x chromium","Cortex, hippocampus and subventricular zone","CAGCATACACCTTGTC",2292,4608,55,0.0119357638888889,"Unknown"
"CAGCATACAGCGAACA","SRA526435","SRS1915196","Mus musculus","10x chromium","Cortex, hippocampus and subventricular zone","CAGCATACAGCGAACA",2441,5045,166,0.0329038652130823,"Cajal-Retzius cells"
"CAGCATACAGCTATTG","SRA526435","SRS1915196","Mus musculus","10x chromium","Cortex, hippocampus and subventricular zone","CAGCATACAGCTATTG",1167,1892,37,0.0195560253699789,"Unknown"
"CAGCATACATCTACGA","SRA526435","SRS1915196","Mus musculus","10x chromium","Cortex, hippocampus and subventricular zone","CAGCATACATCTACGA",1904,3585,52,0.0145048814504881,"Unknown"
"CAGCATAGTATTAGCC","SRA526435","SRS1915196","Mus musculus","10x chromium","Cortex, hippocampus and subventricular zone","CAGCATAGTATTAGCC",6479,28266,384,0.0135852260666525,"Endothelial cells"
"CAGCATAGTCCTAGCG","SRA526435","SRS1915196","Mus musculus","10x chromium","Cortex, hippocampus and subventricular zone","CAGCATAGTCCTAGCG",2462,5612,51,0.00908766928011404,"Unknown"
"CAGCATAGTTGTTTGG","SRA526435","SRS1915196","Mus musculus","10x chromium","Cortex, hippocampus and subventricular zone","CAGCATAGTTGTTTGG",1096,1481,37,0.024983119513842,"Unknown"
"CAGCATATCATACGGT","SRA526435","SRS1915196","Mus musculus","10x chromium","Cortex, hippocampus and subventricular zone","CAGCATATCATACGGT",1786,3251,24,0.0073823438941864,"Unknown"
"CAGCATATCATGCAAC","SRA526435","SRS1915196","Mus musculus","10x chromium","Cortex, hippocampus and subventricular zone","CAGCATATCATGCAAC",2606,5790,63,0.010880829015544,"Unknown"
"CAGCATATCCAAACAC","SRA526435","SRS1915196","Mus musculus","10x chromium","Cortex, hippocampus and subventricular zone","CAGCATATCCAAACAC",1557,2443,37,0.0151453131395825,"Unknown"
"CAGCATATCCAAGTAC","SRA526435","SRS1915196","Mus musculus","10x chromium","Cortex, hippocampus and subventricular zone","CAGCATATCCAAGTAC",2683,5899,77,0.013053059840651,"Unknown"
"CAGCATATCCTGCTTG","SRA526435","SRS1915196","Mus musculus","10x chromium","Cortex, hippocampus and subventricular zone","CAGCATATCCTGCTTG",2104,4408,38,0.00862068965517241,"Unknown"
"CAGCATATCGGAAACG","SRA526435","SRS1915196","Mus musculus","10x chromium","Cortex, hippocampus and subventricular zone","CAGCATATCGGAAACG",1375,2097,33,0.0157367668097282,"Unknown"
"CAGCATATCGGACAAG","SRA526435","SRS1915196","Mus musculus","10x chromium","Cortex, hippocampus and subventricular zone","CAGCATATCGGACAAG",2722,5896,58,0.00983717774762551,"Unknown"
"CAGCATATCGTAGGTT","SRA526435","SRS1915196","Mus musculus","10x chromium","Cortex, hippocampus and subventricular zone","CAGCATATCGTAGGTT",1533,2493,71,0.0284797432811873,"Cajal-Retzius cells"
"CAGCATATCTTGACGA","SRA526435","SRS1915196","Mus musculus","10x chromium","Cortex, hippocampus and subventricular zone","CAGCATATCTTGACGA",2352,5128,43,0.00838533541341654,"Unknown"
"CAGCATATCTTGTACT","SRA526435","SRS1915196","Mus musculus","10x chromium","Cortex, hippocampus and subventricular zone","CAGCATATCTTGTACT",1930,3899,50,0.0128238009746089,"Unknown"
"CAGCCGAAGACACTAA","SRA526435","SRS1915196","Mus musculus","10x chromium","Cortex, hippocampus and subventricular zone","CAGCCGAAGACACTAA",1417,2335,25,0.0107066381156317,"Unknown"
"CAGCCGAAGATAGGAG","SRA526435","SRS1915196","Mus musculus","10x chromium","Cortex, hippocampus and subventricular zone","CAGCCGAAGATAGGAG",1474,2611,70,0.0268096514745308,"Unknown"
"CAGCCGAAGCTGAACG","SRA526435","SRS1915196","Mus musculus","10x chromium","Cortex, hippocampus and subventricular zone","CAGCCGAAGCTGAACG",1661,2998,36,0.0120080053368913,"Unknown"
"CAGCCGAAGGACATTA","SRA526435","SRS1915196","Mus musculus","10x chromium","Cortex, hippocampus and subventricular zone","CAGCCGAAGGACATTA",66,1080,2,0.00185185185185185,"Erythroid-like and erythroid precursor cells"
"CAGCCGAAGGAGTTTA","SRA526435","SRS1915196","Mus musculus","10x chromium","Cortex, hippocampus and subventricular zone","CAGCCGAAGGAGTTTA",1209,1703,30,0.0176159718144451,"Unknown"
"CAGCCGAAGTCCCACG","SRA526435","SRS1915196","Mus musculus","10x chromium","Cortex, hippocampus and subventricular zone","CAGCCGAAGTCCCACG",2442,5190,63,0.0121387283236994,"Unknown"
"CAGCCGAAGTGACTCT","SRA526435","SRS1915196","Mus musculus","10x chromium","Cortex, hippocampus and subventricular zone","CAGCCGAAGTGACTCT",155,6825,2,0.000293040293040293,"Erythroid-like and erythroid precursor cells"
"CAGCCGAAGTGGCACA","SRA526435","SRS1915196","Mus musculus","10x chromium","Cortex, hippocampus and subventricular zone","CAGCCGAAGTGGCACA",1571,2912,27,0.00927197802197802,"Unknown"
"CAGCCGAAGTTACGGG","SRA526435","SRS1915196","Mus musculus","10x chromium","Cortex, hippocampus and subventricular zone","CAGCCGAAGTTACGGG",2625,6067,67,0.0110433492665238,"Unknown"
"CAGCCGACACCAGTTA","SRA526435","SRS1915196","Mus musculus","10x chromium","Cortex, hippocampus and subventricular zone","CAGCCGACACCAGTTA",1847,3515,26,0.00739687055476529,"Unknown"
"CAGCCGACACGGCGTT","SRA526435","SRS1915196","Mus musculus","10x chromium","Cortex, hippocampus and subventricular zone","CAGCCGACACGGCGTT",2224,4700,83,0.0176595744680851,"Unknown"
"CAGCCGACACGGCTAC","SRA526435","SRS1915196","Mus musculus","10x chromium","Cortex, hippocampus and subventricular zone","CAGCCGACACGGCTAC",1026,1405,5,0.00355871886120996,"Unknown"
"CAGCCGACACTGAAGG","SRA526435","SRS1915196","Mus musculus","10x chromium","Cortex, hippocampus and subventricular zone","CAGCCGACACTGAAGG",2600,5784,86,0.0148686030428769,"Unknown"
"CAGCCGACAGGATCGA","SRA526435","SRS1915196","Mus musculus","10x chromium","Cortex, hippocampus and subventricular zone","CAGCCGACAGGATCGA",2272,5238,108,0.0206185567010309,"Unknown"
"CAGCCGACATGCTAGT","SRA526435","SRS1915196","Mus musculus","10x chromium","Cortex, hippocampus and subventricular zone","CAGCCGACATGCTAGT",1453,2671,174,0.0651441407712467,"Unknown"
"CAGCCGAGTAACGCGA","SRA526435","SRS1915196","Mus musculus","10x chromium","Cortex, hippocampus and subventricular zone","CAGCCGAGTAACGCGA",2442,5516,62,0.0112400290065265,"Unknown"
"CAGCCGAGTAGCACGA","SRA526435","SRS1915196","Mus musculus","10x chromium","Cortex, hippocampus and subventricular zone","CAGCCGAGTAGCACGA",2212,4305,74,0.0171893147502904,"Unknown"
"CAGCCGAGTCAAACTC","SRA526435","SRS1915196","Mus musculus","10x chromium","Cortex, hippocampus and subventricular zone","CAGCCGAGTCAAACTC",2413,5148,80,0.0155400155400155,"Unknown"
"CAGCCGAGTCCCGACA","SRA526435","SRS1915196","Mus musculus","10x chromium","Cortex, hippocampus and subventricular zone","CAGCCGAGTCCCGACA",2471,5057,49,0.00968953925252126,"Unknown"
"CAGCCGAGTGAACCTT","SRA526435","SRS1915196","Mus musculus","10x chromium","Cortex, hippocampus and subventricular zone","CAGCCGAGTGAACCTT",834,1111,12,0.0108010801080108,"Unknown"
"CAGCCGAGTGACGCCT","SRA526435","SRS1915196","Mus musculus","10x chromium","Cortex, hippocampus and subventricular zone","CAGCCGAGTGACGCCT",2880,7151,99,0.0138442175919452,"Unknown"
"CAGCCGAGTTAAGAAC","SRA526435","SRS1915196","Mus musculus","10x chromium","Cortex, hippocampus and subventricular zone","CAGCCGAGTTAAGAAC",2340,4993,94,0.0188263568996595,"Unknown"
"CAGCCGAGTTAGGGTG","SRA526435","SRS1915196","Mus musculus","10x chromium","Cortex, hippocampus and subventricular zone","CAGCCGAGTTAGGGTG",2454,5683,82,0.0144289987682562,"Unknown"
"CAGCCGAGTTCGAATC","SRA526435","SRS1915196","Mus musculus","10x chromium","Cortex, hippocampus and subventricular zone","CAGCCGAGTTCGAATC",2492,5061,80,0.0158071527366133,"Unknown"
"CAGCCGAGTTCGGCAC","SRA526435","SRS1915196","Mus musculus","10x chromium","Cortex, hippocampus and subventricular zone","CAGCCGAGTTCGGCAC",3797,11404,111,0.0097334268677657,"Unknown"
"CAGCCGATCAAACCAC","SRA526435","SRS1915196","Mus musculus","10x chromium","Cortex, hippocampus and subventricular zone","CAGCCGATCAAACCAC",2040,3872,47,0.0121384297520661,"Unknown"
"CAGCCGATCCTCTAGC","SRA526435","SRS1915196","Mus musculus","10x chromium","Cortex, hippocampus and subventricular zone","CAGCCGATCCTCTAGC",3211,7480,55,0.00735294117647059,"Unknown"
"CAGCCGATCGTGACAT","SRA526435","SRS1915196","Mus musculus","10x chromium","Cortex, hippocampus and subventricular zone","CAGCCGATCGTGACAT",1832,3933,48,0.0122044241037376,"Unknown"
"CAGCCGATCTCGCATC","SRA526435","SRS1915196","Mus musculus","10x chromium","Cortex, hippocampus and subventricular zone","CAGCCGATCTCGCATC",2166,4269,45,0.0105411103302881,"Unknown"
"CAGCCGATCTTACCGC","SRA526435","SRS1915196","Mus musculus","10x chromium","Cortex, hippocampus and subventricular zone","CAGCCGATCTTACCGC",1325,1938,105,0.0541795665634675,"Unknown"
"CAGCGACAGACCCACC","SRA526435","SRS1915196","Mus musculus","10x chromium","Cortex, hippocampus and subventricular zone","CAGCGACAGACCCACC",2490,5512,94,0.0170537010159652,"Unknown"
"CAGCGACAGAGGTTGC","SRA526435","SRS1915196","Mus musculus","10x chromium","Cortex, hippocampus and subventricular zone","CAGCGACAGAGGTTGC",1641,2994,85,0.0283901135604542,"Unknown"
"CAGCGACAGATACACA","SRA526435","SRS1915196","Mus musculus","10x chromium","Cortex, hippocampus and subventricular zone","CAGCGACAGATACACA",2026,4159,58,0.0139456600144265,"Unknown"
"CAGCGACAGGAATCGC","SRA526435","SRS1915196","Mus musculus","10x chromium","Cortex, hippocampus and subventricular zone","CAGCGACAGGAATCGC",2090,4152,48,0.0115606936416185,"Unknown"
"CAGCGACAGTGCCAGA","SRA526435","SRS1915196","Mus musculus","10x chromium","Cortex, hippocampus and subventricular zone","CAGCGACAGTGCCAGA",2760,6243,57,0.00913022585295531,"Unknown"
"CAGCGACCAAGAGGCT","SRA526435","SRS1915196","Mus musculus","10x chromium","Cortex, hippocampus and subventricular zone","CAGCGACCAAGAGGCT",1993,3662,38,0.0103768432550519,"Unknown"
"CAGCGACCACAGACAG","SRA526435","SRS1915196","Mus musculus","10x chromium","Cortex, hippocampus and subventricular zone","CAGCGACCACAGACAG",1313,1957,71,0.0362800204394481,"Unknown"
"CAGCGACCAGCATGAG","SRA526435","SRS1915196","Mus musculus","10x chromium","Cortex, hippocampus and subventricular zone","CAGCGACCAGCATGAG",2755,6066,111,0.0182987141444115,"Unknown"
"CAGCGACCAGCTATTG","SRA526435","SRS1915196","Mus musculus","10x chromium","Cortex, hippocampus and subventricular zone","CAGCGACCAGCTATTG",2995,7393,70,0.0094684160692547,"Unknown"
"CAGCGACCATAGACTC","SRA526435","SRS1915196","Mus musculus","10x chromium","Cortex, hippocampus and subventricular zone","CAGCGACCATAGACTC",2054,4116,43,0.01044703595724,"Unknown"
"CAGCGACCATGGTAGG","SRA526435","SRS1915196","Mus musculus","10x chromium","Cortex, hippocampus and subventricular zone","CAGCGACCATGGTAGG",2114,4175,56,0.0134131736526946,"Unknown"
"CAGCGACGTACAGCAG","SRA526435","SRS1915196","Mus musculus","10x chromium","Cortex, hippocampus and subventricular zone","CAGCGACGTACAGCAG",1131,1804,18,0.00997782705099778,"Unknown"
"CAGCGACGTCGTGGCT","SRA526435","SRS1915196","Mus musculus","10x chromium","Cortex, hippocampus and subventricular zone","CAGCGACGTCGTGGCT",1117,1716,38,0.0221445221445221,"Unknown"
"CAGCGACGTGCAACGA","SRA526435","SRS1915196","Mus musculus","10x chromium","Cortex, hippocampus and subventricular zone","CAGCGACGTGCAACGA",2101,4232,48,0.0113421550094518,"Unknown"
"CAGCGACGTTAAAGAC","SRA526435","SRS1915196","Mus musculus","10x chromium","Cortex, hippocampus and subventricular zone","CAGCGACGTTAAAGAC",2091,4629,113,0.0244113199395118,"Pericytes"
"CAGCGACGTTCGTTGA","SRA526435","SRS1915196","Mus musculus","10x chromium","Cortex, hippocampus and subventricular zone","CAGCGACGTTCGTTGA",831,1227,77,0.0627546862265689,"Unknown"
"CAGCGACGTTGGTAAA","SRA526435","SRS1915196","Mus musculus","10x chromium","Cortex, hippocampus and subventricular zone","CAGCGACGTTGGTAAA",2193,4405,51,0.011577752553916,"Unknown"
"CAGCGACGTTTGGCGC","SRA526435","SRS1915196","Mus musculus","10x chromium","Cortex, hippocampus and subventricular zone","CAGCGACGTTTGGCGC",2086,4189,54,0.0128909047505371,"Unknown"
"CAGCGACTCATCTGTT","SRA526435","SRS1915196","Mus musculus","10x chromium","Cortex, hippocampus and subventricular zone","CAGCGACTCATCTGTT",2012,3897,59,0.0151398511675648,"Unknown"
"CAGCGACTCCAAATGC","SRA526435","SRS1915196","Mus musculus","10x chromium","Cortex, hippocampus and subventricular zone","CAGCGACTCCAAATGC",2265,5206,93,0.0178640030733769,"Unknown"
"CAGCGACTCCAGAAGG","SRA526435","SRS1915196","Mus musculus","10x chromium","Cortex, hippocampus and subventricular zone","CAGCGACTCCAGAAGG",1188,1855,30,0.0161725067385445,"Unknown"
"CAGCGACTCCGTAGTA","SRA526435","SRS1915196","Mus musculus","10x chromium","Cortex, hippocampus and subventricular zone","CAGCGACTCCGTAGTA",1944,3571,36,0.0100812097451694,"Unknown"
"CAGCTAAAGAAGGTTT","SRA526435","SRS1915196","Mus musculus","10x chromium","Cortex, hippocampus and subventricular zone","CAGCTAAAGAAGGTTT",2383,5405,35,0.00647548566142461,"Unknown"
"CAGCTAAAGACCACGA","SRA526435","SRS1915196","Mus musculus","10x chromium","Cortex, hippocampus and subventricular zone","CAGCTAAAGACCACGA",2354,4556,46,0.0100965759438104,"Unknown"
"CAGCTAAAGAGAGCTC","SRA526435","SRS1915196","Mus musculus","10x chromium","Cortex, hippocampus and subventricular zone","CAGCTAAAGAGAGCTC",673,1059,12,0.0113314447592068,"Unknown"
"CAGCTAAAGTTACGGG","SRA526435","SRS1915196","Mus musculus","10x chromium","Cortex, hippocampus and subventricular zone","CAGCTAAAGTTACGGG",2540,5409,56,0.0103531151784064,"Unknown"
"CAGCTAACACATTCGA","SRA526435","SRS1915196","Mus musculus","10x chromium","Cortex, hippocampus and subventricular zone","CAGCTAACACATTCGA",231,6599,2,0.000303076223670253,"Erythroid-like and erythroid precursor cells"
"CAGCTAACACGGCGTT","SRA526435","SRS1915196","Mus musculus","10x chromium","Cortex, hippocampus and subventricular zone","CAGCTAACACGGCGTT",2433,5294,59,0.011144692104269,"Unknown"
"CAGCTAACAGGGATTG","SRA526435","SRS1915196","Mus musculus","10x chromium","Cortex, hippocampus and subventricular zone","CAGCTAACAGGGATTG",2440,5219,42,0.0080475186817398,"Unknown"
"CAGCTAACATATACCG","SRA526435","SRS1915196","Mus musculus","10x chromium","Cortex, hippocampus and subventricular zone","CAGCTAACATATACCG",3373,9377,95,0.0101311720166365,"Unknown"
"CAGCTAACATATGGTC","SRA526435","SRS1915196","Mus musculus","10x chromium","Cortex, hippocampus and subventricular zone","CAGCTAACATATGGTC",2351,5634,62,0.0110046148384807,"Unknown"
"CAGCTAAGTAGGCTGA","SRA526435","SRS1915196","Mus musculus","10x chromium","Cortex, hippocampus and subventricular zone","CAGCTAAGTAGGCTGA",3000,7602,93,0.0122336227308603,"Unknown"
"CAGCTAAGTCAACATC","SRA526435","SRS1915196","Mus musculus","10x chromium","Cortex, hippocampus and subventricular zone","CAGCTAAGTCAACATC",1499,2746,21,0.00764748725418791,"Unknown"
"CAGCTAAGTCATATCG","SRA526435","SRS1915196","Mus musculus","10x chromium","Cortex, hippocampus and subventricular zone","CAGCTAAGTCATATCG",1390,2385,17,0.00712788259958071,"Unknown"
"CAGCTAAGTCATGCAT","SRA526435","SRS1915196","Mus musculus","10x chromium","Cortex, hippocampus and subventricular zone","CAGCTAAGTCATGCAT",2971,7285,79,0.0108442004118051,"Unknown"
"CAGCTAAGTCTAAAGA","SRA526435","SRS1915196","Mus musculus","10x chromium","Cortex, hippocampus and subventricular zone","CAGCTAAGTCTAAAGA",881,1766,33,0.0186862967157418,"Unknown"
"CAGCTAATCACCGTAA","SRA526435","SRS1915196","Mus musculus","10x chromium","Cortex, hippocampus and subventricular zone","CAGCTAATCACCGTAA",638,1211,15,0.0123864574731627,"Unknown"
"CAGCTAATCATTCACT","SRA526435","SRS1915196","Mus musculus","10x chromium","Cortex, hippocampus and subventricular zone","CAGCTAATCATTCACT",2697,6081,59,0.00970235158691005,"Unknown"
"CAGCTAATCGGCTTGG","SRA526435","SRS1915196","Mus musculus","10x chromium","Cortex, hippocampus and subventricular zone","CAGCTAATCGGCTTGG",1357,2585,37,0.0143133462282398,"Unknown"
"CAGCTAATCTCCTATA","SRA526435","SRS1915196","Mus musculus","10x chromium","Cortex, hippocampus and subventricular zone","CAGCTAATCTCCTATA",1663,3317,32,0.00964727163099186,"Unknown"
"CAGCTGGAGAATCTCC","SRA526435","SRS1915196","Mus musculus","10x chromium","Cortex, hippocampus and subventricular zone","CAGCTGGAGAATCTCC",1980,3880,45,0.0115979381443299,"Unknown"
"CAGCTGGAGATACACA","SRA526435","SRS1915196","Mus musculus","10x chromium","Cortex, hippocampus and subventricular zone","CAGCTGGAGATACACA",828,1676,45,0.0268496420047733,"Unknown"
"CAGCTGGAGCAACGGT","SRA526435","SRS1915196","Mus musculus","10x chromium","Cortex, hippocampus and subventricular zone","CAGCTGGAGCAACGGT",1183,2004,80,0.0399201596806387,"Unknown"
"CAGCTGGAGCACCGTC","SRA526435","SRS1915196","Mus musculus","10x chromium","Cortex, hippocampus and subventricular zone","CAGCTGGAGCACCGTC",2576,5558,33,0.00593738754947823,"Unknown"
"CAGCTGGAGCTGAAAT","SRA526435","SRS1915196","Mus musculus","10x chromium","Cortex, hippocampus and subventricular zone","CAGCTGGAGCTGAAAT",2825,6615,93,0.0140589569160998,"Unknown"
"CAGCTGGAGCTGCCCA","SRA526435","SRS1915196","Mus musculus","10x chromium","Cortex, hippocampus and subventricular zone","CAGCTGGAGCTGCCCA",2081,3894,10,0.00256805341551104,"Unknown"
"CAGCTGGAGGGATGGG","SRA526435","SRS1915196","Mus musculus","10x chromium","Cortex, hippocampus and subventricular zone","CAGCTGGAGGGATGGG",1142,1912,12,0.00627615062761506,"Unknown"
"CAGCTGGAGGGCACTA","SRA526435","SRS1915196","Mus musculus","10x chromium","Cortex, hippocampus and subventricular zone","CAGCTGGAGGGCACTA",90,4292,7,0.0016309412861137,"Erythroid-like and erythroid precursor cells"
"CAGCTGGAGTGACTCT","SRA526435","SRS1915196","Mus musculus","10x chromium","Cortex, hippocampus and subventricular zone","CAGCTGGAGTGACTCT",2790,6434,69,0.0107242772769661,"Unknown"
"CAGCTGGCAAGCCTAT","SRA526435","SRS1915196","Mus musculus","10x chromium","Cortex, hippocampus and subventricular zone","CAGCTGGCAAGCCTAT",3280,8948,166,0.0185516316495306,"Unknown"
"CAGCTGGCAAGGTTTC","SRA526435","SRS1915196","Mus musculus","10x chromium","Cortex, hippocampus and subventricular zone","CAGCTGGCAAGGTTTC",2252,5153,71,0.0137783815253251,"Unknown"
"CAGCTGGCAGATCGGA","SRA526435","SRS1915196","Mus musculus","10x chromium","Cortex, hippocampus and subventricular zone","CAGCTGGCAGATCGGA",3746,10559,121,0.0114594185055403,"Unknown"
"CAGCTGGCATTAACCG","SRA526435","SRS1915196","Mus musculus","10x chromium","Cortex, hippocampus and subventricular zone","CAGCTGGCATTAACCG",3293,8723,56,0.00641980969849822,"Unknown"
"CAGCTGGCATTCTTAC","SRA526435","SRS1915196","Mus musculus","10x chromium","Cortex, hippocampus and subventricular zone","CAGCTGGCATTCTTAC",1094,1787,44,0.0246222719641858,"Unknown"
"CAGCTGGGTAGTAGTA","SRA526435","SRS1915196","Mus musculus","10x chromium","Cortex, hippocampus and subventricular zone","CAGCTGGGTAGTAGTA",2934,6885,71,0.0103122730573711,"Unknown"
"CAGCTGGGTGGTAACG","SRA526435","SRS1915196","Mus musculus","10x chromium","Cortex, hippocampus and subventricular zone","CAGCTGGGTGGTAACG",4704,15369,102,0.00663673628733164,"Cajal-Retzius cells"
"CAGCTGGGTTGTTTGG","SRA526435","SRS1915196","Mus musculus","10x chromium","Cortex, hippocampus and subventricular zone","CAGCTGGGTTGTTTGG",1005,1484,36,0.0242587601078167,"Unknown"
"CAGCTGGTCAGTTTGG","SRA526435","SRS1915196","Mus musculus","10x chromium","Cortex, hippocampus and subventricular zone","CAGCTGGTCAGTTTGG",844,1082,9,0.00831792975970425,"Unknown"
"CAGCTGGTCATTGCCC","SRA526435","SRS1915196","Mus musculus","10x chromium","Cortex, hippocampus and subventricular zone","CAGCTGGTCATTGCCC",2738,6382,69,0.0108116577875274,"Unknown"
"CAGCTGGTCGCTGATA","SRA526435","SRS1915196","Mus musculus","10x chromium","Cortex, hippocampus and subventricular zone","CAGCTGGTCGCTGATA",2520,5608,65,0.0115905848787447,"Unknown"
"CAGCTGGTCTCTAAGG","SRA526435","SRS1915196","Mus musculus","10x chromium","Cortex, hippocampus and subventricular zone","CAGCTGGTCTCTAAGG",2664,6396,49,0.00766103814884303,"Unknown"
"CAGCTGGTCTTGTATC","SRA526435","SRS1915196","Mus musculus","10x chromium","Cortex, hippocampus and subventricular zone","CAGCTGGTCTTGTATC",3714,11558,129,0.011161100536425,"Endothelial cells"
"CAGGTGCAGATAGTCA","SRA526435","SRS1915196","Mus musculus","10x chromium","Cortex, hippocampus and subventricular zone","CAGGTGCAGATAGTCA",2816,6156,55,0.00893437296946069,"Unknown"
"CAGGTGCAGCATGGCA","SRA526435","SRS1915196","Mus musculus","10x chromium","Cortex, hippocampus and subventricular zone","CAGGTGCAGCATGGCA",1397,2284,66,0.0288966725043783,"Unknown"
"CAGGTGCAGCGTCTAT","SRA526435","SRS1915196","Mus musculus","10x chromium","Cortex, hippocampus and subventricular zone","CAGGTGCAGCGTCTAT",1453,2346,22,0.00937766410912191,"Unknown"
"CAGGTGCAGTTGCAGG","SRA526435","SRS1915196","Mus musculus","10x chromium","Cortex, hippocampus and subventricular zone","CAGGTGCAGTTGCAGG",2374,5189,76,0.014646367315475,"Unknown"
"CAGGTGCCAAAGGAAG","SRA526435","SRS1915196","Mus musculus","10x chromium","Cortex, hippocampus and subventricular zone","CAGGTGCCAAAGGAAG",3217,7526,171,0.0227212330587297,"Unknown"
"CAGGTGCCAGCCTGTG","SRA526435","SRS1915196","Mus musculus","10x chromium","Cortex, hippocampus and subventricular zone","CAGGTGCCAGCCTGTG",2387,5446,100,0.0183621006243114,"Unknown"
"CAGGTGCGTCCCGACA","SRA526435","SRS1915196","Mus musculus","10x chromium","Cortex, hippocampus and subventricular zone","CAGGTGCGTCCCGACA",2058,4316,47,0.0108897126969416,"Unknown"
"CAGGTGCGTGATGTCT","SRA526435","SRS1915196","Mus musculus","10x chromium","Cortex, hippocampus and subventricular zone","CAGGTGCGTGATGTCT",931,1473,35,0.0237610319076714,"Unknown"
"CAGGTGCGTTCGCGAC","SRA526435","SRS1915196","Mus musculus","10x chromium","Cortex, hippocampus and subventricular zone","CAGGTGCGTTCGCGAC",2544,5866,75,0.0127855438117968,"Unknown"
"CAGGTGCGTTGCGTTA","SRA526435","SRS1915196","Mus musculus","10x chromium","Cortex, hippocampus and subventricular zone","CAGGTGCGTTGCGTTA",3206,7555,64,0.00847121111846459,"Unknown"
"CAGGTGCTCCACGAAT","SRA526435","SRS1915196","Mus musculus","10x chromium","Cortex, hippocampus and subventricular zone","CAGGTGCTCCACGAAT",3143,7458,127,0.0170286940198445,"Unknown"
"CAGGTGCTCCTGCTTG","SRA526435","SRS1915196","Mus musculus","10x chromium","Cortex, hippocampus and subventricular zone","CAGGTGCTCCTGCTTG",1521,2348,40,0.0170357751277683,"Unknown"
"CAGGTGCTCCTTAATC","SRA526435","SRS1915196","Mus musculus","10x chromium","Cortex, hippocampus and subventricular zone","CAGGTGCTCCTTAATC",1055,1466,45,0.0306957708049113,"Unknown"
"CAGGTGCTCGCTTGTC","SRA526435","SRS1915196","Mus musculus","10x chromium","Cortex, hippocampus and subventricular zone","CAGGTGCTCGCTTGTC",1768,3618,30,0.00829187396351575,"Unknown"
"CAGGTGCTCGTATCAG","SRA526435","SRS1915196","Mus musculus","10x chromium","Cortex, hippocampus and subventricular zone","CAGGTGCTCGTATCAG",55,1512,5,0.00330687830687831,"Erythroid-like and erythroid precursor cells"
"CAGGTGCTCGTGACAT","SRA526435","SRS1915196","Mus musculus","10x chromium","Cortex, hippocampus and subventricular zone","CAGGTGCTCGTGACAT",2196,4622,80,0.0173085244482908,"Unknown"
"CAGGTGCTCTTGTATC","SRA526435","SRS1915196","Mus musculus","10x chromium","Cortex, hippocampus and subventricular zone","CAGGTGCTCTTGTATC",1950,3960,76,0.0191919191919192,"Unknown"
"CAGTAACAGCGTAATA","SRA526435","SRS1915196","Mus musculus","10x chromium","Cortex, hippocampus and subventricular zone","CAGTAACAGCGTAATA",1086,1779,45,0.0252951096121417,"Unknown"
"CAGTAACAGGCACATG","SRA526435","SRS1915196","Mus musculus","10x chromium","Cortex, hippocampus and subventricular zone","CAGTAACAGGCACATG",1483,2602,19,0.00730207532667179,"Unknown"
"CAGTAACAGGTTACCT","SRA526435","SRS1915196","Mus musculus","10x chromium","Cortex, hippocampus and subventricular zone","CAGTAACAGGTTACCT",2614,5545,46,0.00829576194770063,"Unknown"
"CAGTAACAGTCTCCTC","SRA526435","SRS1915196","Mus musculus","10x chromium","Cortex, hippocampus and subventricular zone","CAGTAACAGTCTCCTC",2143,4630,58,0.0125269978401728,"Unknown"
"CAGTAACCAAAGTCAA","SRA526435","SRS1915196","Mus musculus","10x chromium","Cortex, hippocampus and subventricular zone","CAGTAACCAAAGTCAA",2653,6003,45,0.00749625187406297,"Unknown"
"CAGTAACCAAGAGTCG","SRA526435","SRS1915196","Mus musculus","10x chromium","Cortex, hippocampus and subventricular zone","CAGTAACCAAGAGTCG",835,1096,38,0.0346715328467153,"Unknown"
"CAGTAACCAATCACAC","SRA526435","SRS1915196","Mus musculus","10x chromium","Cortex, hippocampus and subventricular zone","CAGTAACCAATCACAC",2203,4353,33,0.00758097863542385,"Unknown"
"CAGTAACCAGGTCGTC","SRA526435","SRS1915196","Mus musculus","10x chromium","Cortex, hippocampus and subventricular zone","CAGTAACCAGGTCGTC",1350,2348,42,0.0178875638841567,"Unknown"
"CAGTAACGTCGCATCG","SRA526435","SRS1915196","Mus musculus","10x chromium","Cortex, hippocampus and subventricular zone","CAGTAACGTCGCATCG",2993,7195,77,0.0107018763029882,"Unknown"
"CAGTAACGTGTCCTCT","SRA526435","SRS1915196","Mus musculus","10x chromium","Cortex, hippocampus and subventricular zone","CAGTAACGTGTCCTCT",1508,2516,49,0.0194753577106518,"Unknown"
"CAGTAACTCCCAAGTA","SRA526435","SRS1915196","Mus musculus","10x chromium","Cortex, hippocampus and subventricular zone","CAGTAACTCCCAAGTA",2219,4760,59,0.0123949579831933,"Unknown"
"CAGTAACTCGGATGGA","SRA526435","SRS1915196","Mus musculus","10x chromium","Cortex, hippocampus and subventricular zone","CAGTAACTCGGATGGA",1520,2714,35,0.0128960943257185,"Unknown"
"CAGTAACTCTATCCCG","SRA526435","SRS1915196","Mus musculus","10x chromium","Cortex, hippocampus and subventricular zone","CAGTAACTCTATCCCG",1036,1662,70,0.0421179302045728,"Unknown"
"CAGTAACTCTGTTGAG","SRA526435","SRS1915196","Mus musculus","10x chromium","Cortex, hippocampus and subventricular zone","CAGTAACTCTGTTGAG",1303,2247,75,0.0333778371161549,"Unknown"
"CAGTCCTAGATAGTCA","SRA526435","SRS1915196","Mus musculus","10x chromium","Cortex, hippocampus and subventricular zone","CAGTCCTAGATAGTCA",2093,4472,54,0.0120751341681574,"Unknown"
"CAGTCCTAGATATGCA","SRA526435","SRS1915196","Mus musculus","10x chromium","Cortex, hippocampus and subventricular zone","CAGTCCTAGATATGCA",1849,3557,44,0.012369974697779,"Unknown"
"CAGTCCTAGCCGGTAA","SRA526435","SRS1915196","Mus musculus","10x chromium","Cortex, hippocampus and subventricular zone","CAGTCCTAGCCGGTAA",2674,6278,87,0.013857916533928,"Unknown"
"CAGTCCTAGCCGTCGT","SRA526435","SRS1915196","Mus musculus","10x chromium","Cortex, hippocampus and subventricular zone","CAGTCCTAGCCGTCGT",2481,5093,78,0.0153151384252896,"Unknown"
"CAGTCCTAGCTGTTCA","SRA526435","SRS1915196","Mus musculus","10x chromium","Cortex, hippocampus and subventricular zone","CAGTCCTAGCTGTTCA",1951,3770,51,0.0135278514588859,"Unknown"
"CAGTCCTAGGACCACA","SRA526435","SRS1915196","Mus musculus","10x chromium","Cortex, hippocampus and subventricular zone","CAGTCCTAGGACCACA",2209,4292,50,0.0116495806150979,"Unknown"
"CAGTCCTAGGCTAGGT","SRA526435","SRS1915196","Mus musculus","10x chromium","Cortex, hippocampus and subventricular zone","CAGTCCTAGGCTAGGT",1354,2265,20,0.00883002207505519,"Unknown"
"CAGTCCTAGTGGACGT","SRA526435","SRS1915196","Mus musculus","10x chromium","Cortex, hippocampus and subventricular zone","CAGTCCTAGTGGACGT",1736,3384,33,0.00975177304964539,"Unknown"
"CAGTCCTCACAAGACG","SRA526435","SRS1915196","Mus musculus","10x chromium","Cortex, hippocampus and subventricular zone","CAGTCCTCACAAGACG",2504,5382,40,0.00743218134522482,"Unknown"
"CAGTCCTCACCGATAT","SRA526435","SRS1915196","Mus musculus","10x chromium","Cortex, hippocampus and subventricular zone","CAGTCCTCACCGATAT",2264,4818,61,0.0126608551266086,"Unknown"
"CAGTCCTCACCGCTAG","SRA526435","SRS1915196","Mus musculus","10x chromium","Cortex, hippocampus and subventricular zone","CAGTCCTCACCGCTAG",2110,4474,53,0.0118462226195798,"Unknown"
"CAGTCCTCATCTCCCA","SRA526435","SRS1915196","Mus musculus","10x chromium","Cortex, hippocampus and subventricular zone","CAGTCCTCATCTCCCA",1389,2207,54,0.0244676030811056,"Unknown"
"CAGTCCTCATGGATGG","SRA526435","SRS1915196","Mus musculus","10x chromium","Cortex, hippocampus and subventricular zone","CAGTCCTCATGGATGG",2838,6597,54,0.00818553888130969,"Unknown"
"CAGTCCTGTATTCTCT","SRA526435","SRS1915196","Mus musculus","10x chromium","Cortex, hippocampus and subventricular zone","CAGTCCTGTATTCTCT",1479,2603,25,0.00960430272762198,"Unknown"
"CAGTCCTGTCGTGGCT","SRA526435","SRS1915196","Mus musculus","10x chromium","Cortex, hippocampus and subventricular zone","CAGTCCTGTCGTGGCT",849,1348,5,0.00370919881305638,"Unknown"
"CAGTCCTGTCTAGTGT","SRA526435","SRS1915196","Mus musculus","10x chromium","Cortex, hippocampus and subventricular zone","CAGTCCTGTCTAGTGT",1774,3445,39,0.0113207547169811,"Unknown"
"CAGTCCTGTCTGATTG","SRA526435","SRS1915196","Mus musculus","10x chromium","Cortex, hippocampus and subventricular zone","CAGTCCTGTCTGATTG",2310,4727,61,0.0129045906494605,"Unknown"
"CAGTCCTGTCTTGTCC","SRA526435","SRS1915196","Mus musculus","10x chromium","Cortex, hippocampus and subventricular zone","CAGTCCTGTCTTGTCC",3178,8192,89,0.0108642578125,"Unknown"
"CAGTCCTGTGTGGCTC","SRA526435","SRS1915196","Mus musculus","10x chromium","Cortex, hippocampus and subventricular zone","CAGTCCTGTGTGGCTC",1825,3431,42,0.0122413290585835,"Unknown"
"CAGTCCTGTTATTCTC","SRA526435","SRS1915196","Mus musculus","10x chromium","Cortex, hippocampus and subventricular zone","CAGTCCTGTTATTCTC",2751,6282,67,0.0106653931868832,"Unknown"
"CAGTCCTTCATCGATG","SRA526435","SRS1915196","Mus musculus","10x chromium","Cortex, hippocampus and subventricular zone","CAGTCCTTCATCGATG",2752,6769,95,0.0140345693603191,"Unknown"
"CAGTCCTTCCACGCAG","SRA526435","SRS1915196","Mus musculus","10x chromium","Cortex, hippocampus and subventricular zone","CAGTCCTTCCACGCAG",6836,33119,473,0.0142818321809233,"Endothelial cells"
"CAGTCCTTCCCGACTT","SRA526435","SRS1915196","Mus musculus","10x chromium","Cortex, hippocampus and subventricular zone","CAGTCCTTCCCGACTT",2675,5901,40,0.00677851211659041,"Unknown"
"CAGTCCTTCCCTGACT","SRA526435","SRS1915196","Mus musculus","10x chromium","Cortex, hippocampus and subventricular zone","CAGTCCTTCCCTGACT",2348,4861,54,0.0111088253445793,"Unknown"
"CAGTCCTTCGGAATCT","SRA526435","SRS1915196","Mus musculus","10x chromium","Cortex, hippocampus and subventricular zone","CAGTCCTTCGGAATCT",3034,7820,109,0.0139386189258312,"Endothelial cells"
"CAGTCCTTCGGAGGTA","SRA526435","SRS1915196","Mus musculus","10x chromium","Cortex, hippocampus and subventricular zone","CAGTCCTTCGGAGGTA",2117,4163,74,0.0177756425654576,"Unknown"
"CATATGGAGAATCTCC","SRA526435","SRS1915196","Mus musculus","10x chromium","Cortex, hippocampus and subventricular zone","CATATGGAGAATCTCC",1735,3074,69,0.0224463240078074,"Unknown"
"CATATGGAGCCAGTAG","SRA526435","SRS1915196","Mus musculus","10x chromium","Cortex, hippocampus and subventricular zone","CATATGGAGCCAGTAG",1142,1646,6,0.00364520048602673,"Unknown"
"CATATGGAGCTAACTC","SRA526435","SRS1915196","Mus musculus","10x chromium","Cortex, hippocampus and subventricular zone","CATATGGAGCTAACTC",962,1381,9,0.00651701665459812,"Unknown"
"CATATGGCACAACGTT","SRA526435","SRS1915196","Mus musculus","10x chromium","Cortex, hippocampus and subventricular zone","CATATGGCACAACGTT",2183,4513,50,0.0110791048083315,"Unknown"
"CATATGGCACAAGACG","SRA526435","SRS1915196","Mus musculus","10x chromium","Cortex, hippocampus and subventricular zone","CATATGGCACAAGACG",3991,11248,100,0.00889046941678521,"Unknown"
"CATATGGCACTGCCAG","SRA526435","SRS1915196","Mus musculus","10x chromium","Cortex, hippocampus and subventricular zone","CATATGGCACTGCCAG",1158,1857,18,0.00969305331179321,"Unknown"
"CATATGGCAGCTGTAT","SRA526435","SRS1915196","Mus musculus","10x chromium","Cortex, hippocampus and subventricular zone","CATATGGCAGCTGTAT",1570,2777,58,0.0208858480374505,"Unknown"
"CATATGGCAGGTCTCG","SRA526435","SRS1915196","Mus musculus","10x chromium","Cortex, hippocampus and subventricular zone","CATATGGCAGGTCTCG",2445,5219,43,0.00823912626940027,"Unknown"
"CATATGGGTACGACCC","SRA526435","SRS1915196","Mus musculus","10x chromium","Cortex, hippocampus and subventricular zone","CATATGGGTACGACCC",1105,1837,32,0.0174197060424605,"Unknown"
"CATATGGGTACTCTCC","SRA526435","SRS1915196","Mus musculus","10x chromium","Cortex, hippocampus and subventricular zone","CATATGGGTACTCTCC",1869,3391,42,0.0123857269242111,"Unknown"
"CATATGGGTCCTAGCG","SRA526435","SRS1915196","Mus musculus","10x chromium","Cortex, hippocampus and subventricular zone","CATATGGGTCCTAGCG",179,7705,6,0.000778715120051914,"Erythroid-like and erythroid precursor cells"
"CATATGGGTCTCTCTG","SRA526435","SRS1915196","Mus musculus","10x chromium","Cortex, hippocampus and subventricular zone","CATATGGGTCTCTCTG",2152,4162,89,0.0213839500240269,"Unknown"
"CATATGGGTGCGAAAC","SRA526435","SRS1915196","Mus musculus","10x chromium","Cortex, hippocampus and subventricular zone","CATATGGGTGCGAAAC",770,1062,31,0.0291902071563089,"Unknown"
"CATATGGGTGTGGTTT","SRA526435","SRS1915196","Mus musculus","10x chromium","Cortex, hippocampus and subventricular zone","CATATGGGTGTGGTTT",4646,15154,147,0.0097004091329022,"Unknown"
"CATATGGTCACCATAG","SRA526435","SRS1915196","Mus musculus","10x chromium","Cortex, hippocampus and subventricular zone","CATATGGTCACCATAG",1442,2473,54,0.0218358269308532,"Unknown"
"CATATGGTCACCTTAT","SRA526435","SRS1915196","Mus musculus","10x chromium","Cortex, hippocampus and subventricular zone","CATATGGTCACCTTAT",1908,3324,16,0.00481347773766546,"Unknown"
"CATATGGTCAGCACAT","SRA526435","SRS1915196","Mus musculus","10x chromium","Cortex, hippocampus and subventricular zone","CATATGGTCAGCACAT",1388,2386,26,0.010896898575021,"Unknown"
"CATATGGTCCAAGTAC","SRA526435","SRS1915196","Mus musculus","10x chromium","Cortex, hippocampus and subventricular zone","CATATGGTCCAAGTAC",1861,3807,58,0.0152350932492776,"Unknown"
"CATATGGTCCAGTAGT","SRA526435","SRS1915196","Mus musculus","10x chromium","Cortex, hippocampus and subventricular zone","CATATGGTCCAGTAGT",1645,3134,40,0.0127632418634333,"Unknown"
"CATATGGTCGCCATAA","SRA526435","SRS1915196","Mus musculus","10x chromium","Cortex, hippocampus and subventricular zone","CATATGGTCGCCATAA",843,1260,56,0.0444444444444444,"Unknown"
"CATATGGTCTCGTTTA","SRA526435","SRS1915196","Mus musculus","10x chromium","Cortex, hippocampus and subventricular zone","CATATGGTCTCGTTTA",2397,5523,77,0.0139416983523447,"Unknown"
"CATATTCAGAAGCCCA","SRA526435","SRS1915196","Mus musculus","10x chromium","Cortex, hippocampus and subventricular zone","CATATTCAGAAGCCCA",3965,12908,112,0.00867678958785249,"Unknown"
"CATATTCAGAGTTGGC","SRA526435","SRS1915196","Mus musculus","10x chromium","Cortex, hippocampus and subventricular zone","CATATTCAGAGTTGGC",1393,2440,39,0.015983606557377,"Unknown"
"CATATTCAGGCTAGCA","SRA526435","SRS1915196","Mus musculus","10x chromium","Cortex, hippocampus and subventricular zone","CATATTCAGGCTAGCA",1110,1826,42,0.0230010952902519,"Unknown"
"CATATTCAGTACGTAA","SRA526435","SRS1915196","Mus musculus","10x chromium","Cortex, hippocampus and subventricular zone","CATATTCAGTACGTAA",3123,8064,54,0.00669642857142857,"Unknown"
"CATATTCAGTCCGTAT","SRA526435","SRS1915196","Mus musculus","10x chromium","Cortex, hippocampus and subventricular zone","CATATTCAGTCCGTAT",2530,5539,42,0.00758259613648673,"Unknown"
"CATATTCAGTGCAAGC","SRA526435","SRS1915196","Mus musculus","10x chromium","Cortex, hippocampus and subventricular zone","CATATTCAGTGCAAGC",2637,5742,62,0.0107976314872867,"Unknown"
"CATATTCAGTGTCCCG","SRA526435","SRS1915196","Mus musculus","10x chromium","Cortex, hippocampus and subventricular zone","CATATTCAGTGTCCCG",1345,2393,63,0.0263267864605098,"Unknown"
"CATATTCCAAACGTGG","SRA526435","SRS1915196","Mus musculus","10x chromium","Cortex, hippocampus and subventricular zone","CATATTCCAAACGTGG",2824,6749,67,0.00992739665135576,"Unknown"
"CATATTCCAAGAAAGG","SRA526435","SRS1915196","Mus musculus","10x chromium","Cortex, hippocampus and subventricular zone","CATATTCCAAGAAAGG",1438,2627,28,0.0106585458698135,"Unknown"
"CATATTCCAAGCCCAC","SRA526435","SRS1915196","Mus musculus","10x chromium","Cortex, hippocampus and subventricular zone","CATATTCCAAGCCCAC",3006,7698,105,0.0136399064692128,"Unknown"
"CATATTCCAATGACCT","SRA526435","SRS1915196","Mus musculus","10x chromium","Cortex, hippocampus and subventricular zone","CATATTCCAATGACCT",2635,6633,36,0.00542740841248304,"Unknown"
"CATATTCCACATCCGG","SRA526435","SRS1915196","Mus musculus","10x chromium","Cortex, hippocampus and subventricular zone","CATATTCCACATCCGG",1537,2958,90,0.0304259634888438,"Unknown"
"CATATTCCAGGGTTAG","SRA526435","SRS1915196","Mus musculus","10x chromium","Cortex, hippocampus and subventricular zone","CATATTCCAGGGTTAG",2782,6512,74,0.0113636363636364,"Unknown"
"CATATTCCATTGGGCC","SRA526435","SRS1915196","Mus musculus","10x chromium","Cortex, hippocampus and subventricular zone","CATATTCCATTGGGCC",2438,5821,84,0.0144305102216114,"Unknown"
"CATATTCGTACCGAGA","SRA526435","SRS1915196","Mus musculus","10x chromium","Cortex, hippocampus and subventricular zone","CATATTCGTACCGAGA",1205,1846,15,0.00812567713976165,"Unknown"
"CATATTCGTAGCCTCG","SRA526435","SRS1915196","Mus musculus","10x chromium","Cortex, hippocampus and subventricular zone","CATATTCGTAGCCTCG",1970,3581,43,0.0120078190449595,"Unknown"
"CATATTCGTAGCGATG","SRA526435","SRS1915196","Mus musculus","10x chromium","Cortex, hippocampus and subventricular zone","CATATTCGTAGCGATG",1256,2051,53,0.0258410531448074,"Unknown"
"CATATTCGTGATAAAC","SRA526435","SRS1915196","Mus musculus","10x chromium","Cortex, hippocampus and subventricular zone","CATATTCGTGATAAAC",2105,4164,46,0.0110470701248799,"Unknown"
"CATATTCGTGCTAGCC","SRA526435","SRS1915196","Mus musculus","10x chromium","Cortex, hippocampus and subventricular zone","CATATTCGTGCTAGCC",2365,4829,48,0.00993994615862497,"Unknown"
"CATATTCGTGCTTCTC","SRA526435","SRS1915196","Mus musculus","10x chromium","Cortex, hippocampus and subventricular zone","CATATTCGTGCTTCTC",1036,1433,15,0.0104675505931612,"Unknown"
"CATATTCGTGTAACGG","SRA526435","SRS1915196","Mus musculus","10x chromium","Cortex, hippocampus and subventricular zone","CATATTCGTGTAACGG",2799,5780,51,0.00882352941176471,"Unknown"
"CATATTCGTTCCCGAG","SRA526435","SRS1915196","Mus musculus","10x chromium","Cortex, hippocampus and subventricular zone","CATATTCGTTCCCGAG",676,1193,10,0.00838222967309304,"Unknown"
"CATATTCTCCAAACAC","SRA526435","SRS1915196","Mus musculus","10x chromium","Cortex, hippocampus and subventricular zone","CATATTCTCCAAACAC",2328,5288,33,0.00624054462934947,"Unknown"
"CATATTCTCGAATGCT","SRA526435","SRS1915196","Mus musculus","10x chromium","Cortex, hippocampus and subventricular zone","CATATTCTCGAATGCT",1608,2949,46,0.015598507968803,"Unknown"
"CATATTCTCGTTGCCT","SRA526435","SRS1915196","Mus musculus","10x chromium","Cortex, hippocampus and subventricular zone","CATATTCTCGTTGCCT",1788,3256,57,0.0175061425061425,"Unknown"
"CATATTCTCTACGAGT","SRA526435","SRS1915196","Mus musculus","10x chromium","Cortex, hippocampus and subventricular zone","CATATTCTCTACGAGT",1793,3507,45,0.0128314798973482,"Unknown"
"CATATTCTCTATCCCG","SRA526435","SRS1915196","Mus musculus","10x chromium","Cortex, hippocampus and subventricular zone","CATATTCTCTATCCCG",2104,3711,108,0.0291026677445432,"Unknown"
"CATATTCTCTGCGTAA","SRA526435","SRS1915196","Mus musculus","10x chromium","Cortex, hippocampus and subventricular zone","CATATTCTCTGCGTAA",2082,4626,55,0.0118893212278426,"Unknown"
"CATCAAGAGAAGGCCT","SRA526435","SRS1915196","Mus musculus","10x chromium","Cortex, hippocampus and subventricular zone","CATCAAGAGAAGGCCT",2440,5073,56,0.0110388330376503,"Unknown"
"CATCAAGAGAGAACAG","SRA526435","SRS1915196","Mus musculus","10x chromium","Cortex, hippocampus and subventricular zone","CATCAAGAGAGAACAG",2720,7206,87,0.0120732722731057,"Unknown"
"CATCAAGAGATCCCAT","SRA526435","SRS1915196","Mus musculus","10x chromium","Cortex, hippocampus and subventricular zone","CATCAAGAGATCCCAT",758,1184,8,0.00675675675675676,"Endothelial cells"
"CATCAAGAGCGACGTA","SRA526435","SRS1915196","Mus musculus","10x chromium","Cortex, hippocampus and subventricular zone","CATCAAGAGCGACGTA",1009,1673,37,0.0221159593544531,"Unknown"
"CATCAAGAGCTCCTCT","SRA526435","SRS1915196","Mus musculus","10x chromium","Cortex, hippocampus and subventricular zone","CATCAAGAGCTCCTCT",2328,4593,67,0.0145874156324842,"Unknown"
"CATCAAGAGCTCCTTC","SRA526435","SRS1915196","Mus musculus","10x chromium","Cortex, hippocampus and subventricular zone","CATCAAGAGCTCCTTC",1736,3363,42,0.0124888492417484,"Unknown"
"CATCAAGAGGGCTTCC","SRA526435","SRS1915196","Mus musculus","10x chromium","Cortex, hippocampus and subventricular zone","CATCAAGAGGGCTTCC",2686,6385,90,0.0140955364134691,"Unknown"
"CATCAAGAGTACGTAA","SRA526435","SRS1915196","Mus musculus","10x chromium","Cortex, hippocampus and subventricular zone","CATCAAGAGTACGTAA",1652,3213,43,0.0133831310301899,"Unknown"
"CATCAAGCAAATACAG","SRA526435","SRS1915196","Mus musculus","10x chromium","Cortex, hippocampus and subventricular zone","CATCAAGCAAATACAG",5076,14974,144,0.00961666889274743,"Oligodendrocyte progenitor cells"
"CATCAAGCAATGGACG","SRA526435","SRS1915196","Mus musculus","10x chromium","Cortex, hippocampus and subventricular zone","CATCAAGCAATGGACG",3592,8759,103,0.0117593332572211,"Unknown"
"CATCAAGCACTCGACG","SRA526435","SRS1915196","Mus musculus","10x chromium","Cortex, hippocampus and subventricular zone","CATCAAGCACTCGACG",1809,3664,50,0.013646288209607,"Unknown"
"CATCAAGCATCCTTGC","SRA526435","SRS1915196","Mus musculus","10x chromium","Cortex, hippocampus and subventricular zone","CATCAAGCATCCTTGC",2445,5648,65,0.0115084985835694,"Unknown"
"CATCAAGCATGCCCGA","SRA526435","SRS1915196","Mus musculus","10x chromium","Cortex, hippocampus and subventricular zone","CATCAAGCATGCCCGA",794,1068,16,0.0149812734082397,"Unknown"
"CATCAAGGTAAGAGGA","SRA526435","SRS1915196","Mus musculus","10x chromium","Cortex, hippocampus and subventricular zone","CATCAAGGTAAGAGGA",1827,3911,76,0.0194323702377908,"Unknown"
"CATCAAGGTAGGGACT","SRA526435","SRS1915196","Mus musculus","10x chromium","Cortex, hippocampus and subventricular zone","CATCAAGGTAGGGACT",3547,8430,130,0.0154211150652432,"Oligodendrocyte progenitor cells"
"CATCAAGGTATCACCA","SRA526435","SRS1915196","Mus musculus","10x chromium","Cortex, hippocampus and subventricular zone","CATCAAGGTATCACCA",2805,6742,116,0.0172055769801246,"Unknown"
"CATCAAGGTCCGAAGA","SRA526435","SRS1915196","Mus musculus","10x chromium","Cortex, hippocampus and subventricular zone","CATCAAGGTCCGAAGA",1101,1681,44,0.0261748958953004,"Unknown"
"CATCAAGGTCGACTGC","SRA526435","SRS1915196","Mus musculus","10x chromium","Cortex, hippocampus and subventricular zone","CATCAAGGTCGACTGC",2902,7077,96,0.0135650699448919,"Unknown"
"CATCAAGGTCTAGCGC","SRA526435","SRS1915196","Mus musculus","10x chromium","Cortex, hippocampus and subventricular zone","CATCAAGGTCTAGCGC",1876,3436,47,0.0136786961583236,"Unknown"
"CATCAAGGTGGTGTAG","SRA526435","SRS1915196","Mus musculus","10x chromium","Cortex, hippocampus and subventricular zone","CATCAAGGTGGTGTAG",1921,3611,60,0.0166158958737192,"Unknown"
"CATCAAGGTTCGTTGA","SRA526435","SRS1915196","Mus musculus","10x chromium","Cortex, hippocampus and subventricular zone","CATCAAGGTTCGTTGA",3069,7427,118,0.0158879763026794,"Unknown"
"CATCAAGTCACATACG","SRA526435","SRS1915196","Mus musculus","10x chromium","Cortex, hippocampus and subventricular zone","CATCAAGTCACATACG",1156,2415,52,0.0215320910973085,"Unknown"
"CATCAAGTCAGCCTAA","SRA526435","SRS1915196","Mus musculus","10x chromium","Cortex, hippocampus and subventricular zone","CATCAAGTCAGCCTAA",788,1187,43,0.0362257792754844,"Unknown"
"CATCAAGTCCAAAGTC","SRA526435","SRS1915196","Mus musculus","10x chromium","Cortex, hippocampus and subventricular zone","CATCAAGTCCAAAGTC",2690,6529,49,0.00750497779139225,"Unknown"
"CATCAAGTCTCCCTGA","SRA526435","SRS1915196","Mus musculus","10x chromium","Cortex, hippocampus and subventricular zone","CATCAAGTCTCCCTGA",797,1102,40,0.0362976406533575,"Unknown"
"CATCAGAAGACTTTCG","SRA526435","SRS1915196","Mus musculus","10x chromium","Cortex, hippocampus and subventricular zone","CATCAGAAGACTTTCG",1070,1687,42,0.024896265560166,"Unknown"
"CATCAGAAGCCAGTTT","SRA526435","SRS1915196","Mus musculus","10x chromium","Cortex, hippocampus and subventricular zone","CATCAGAAGCCAGTTT",1691,3163,33,0.0104331331014859,"Unknown"
"CATCAGAAGGATGTAT","SRA526435","SRS1915196","Mus musculus","10x chromium","Cortex, hippocampus and subventricular zone","CATCAGAAGGATGTAT",2645,6339,133,0.0209812273229216,"Unknown"
"CATCAGAAGGGCATGT","SRA526435","SRS1915196","Mus musculus","10x chromium","Cortex, hippocampus and subventricular zone","CATCAGAAGGGCATGT",2413,5245,49,0.00934223069590086,"Unknown"
"CATCAGAAGTAATCCC","SRA526435","SRS1915196","Mus musculus","10x chromium","Cortex, hippocampus and subventricular zone","CATCAGAAGTAATCCC",1757,3556,44,0.0123734533183352,"Unknown"
"CATCAGACAATGGAGC","SRA526435","SRS1915196","Mus musculus","10x chromium","Cortex, hippocampus and subventricular zone","CATCAGACAATGGAGC",1347,2295,42,0.0183006535947712,"Unknown"
"CATCAGACAGCTATTG","SRA526435","SRS1915196","Mus musculus","10x chromium","Cortex, hippocampus and subventricular zone","CATCAGACAGCTATTG",3367,8783,118,0.0134350449732438,"Unknown"
"CATCAGACATGCTAGT","SRA526435","SRS1915196","Mus musculus","10x chromium","Cortex, hippocampus and subventricular zone","CATCAGACATGCTAGT",2498,5307,63,0.0118711136235161,"Unknown"
"CATCAGAGTAGGACAC","SRA526435","SRS1915196","Mus musculus","10x chromium","Cortex, hippocampus and subventricular zone","CATCAGAGTAGGACAC",2306,4949,53,0.010709234188725,"Unknown"
"CATCAGAGTCGAGTTT","SRA526435","SRS1915196","Mus musculus","10x chromium","Cortex, hippocampus and subventricular zone","CATCAGAGTCGAGTTT",2634,5878,49,0.00833616876488602,"Unknown"
"CATCAGAGTTAAAGAC","SRA526435","SRS1915196","Mus musculus","10x chromium","Cortex, hippocampus and subventricular zone","CATCAGAGTTAAAGAC",2038,4286,43,0.0100326644890341,"Unknown"
"CATCAGAGTTGTTTGG","SRA526435","SRS1915196","Mus musculus","10x chromium","Cortex, hippocampus and subventricular zone","CATCAGAGTTGTTTGG",2858,6752,77,0.011404028436019,"Unknown"
"CATCAGATCACAATGC","SRA526435","SRS1915196","Mus musculus","10x chromium","Cortex, hippocampus and subventricular zone","CATCAGATCACAATGC",2185,4561,54,0.0118395088796317,"Unknown"
"CATCAGATCCAAACTG","SRA526435","SRS1915196","Mus musculus","10x chromium","Cortex, hippocampus and subventricular zone","CATCAGATCCAAACTG",2466,5532,65,0.0117498192335503,"Unknown"
"CATCCACAGAATCTCC","SRA526435","SRS1915196","Mus musculus","10x chromium","Cortex, hippocampus and subventricular zone","CATCCACAGAATCTCC",2272,4789,85,0.0177490081436626,"Unknown"
"CATCCACAGAATGTTG","SRA526435","SRS1915196","Mus musculus","10x chromium","Cortex, hippocampus and subventricular zone","CATCCACAGAATGTTG",1515,2849,52,0.0182520182520183,"Unknown"
"CATCCACAGATCCCGC","SRA526435","SRS1915196","Mus musculus","10x chromium","Cortex, hippocampus and subventricular zone","CATCCACAGATCCCGC",2265,4916,79,0.0160699755899105,"Unknown"
"CATCCACAGATCGATA","SRA526435","SRS1915196","Mus musculus","10x chromium","Cortex, hippocampus and subventricular zone","CATCCACAGATCGATA",155,9287,8,0.000861419188112415,"Erythroid-like and erythroid precursor cells"
"CATCCACAGATGCGAC","SRA526435","SRS1915196","Mus musculus","10x chromium","Cortex, hippocampus and subventricular zone","CATCCACAGATGCGAC",3705,10079,182,0.0180573469590237,"Unknown"
"CATCCACAGCTGATAA","SRA526435","SRS1915196","Mus musculus","10x chromium","Cortex, hippocampus and subventricular zone","CATCCACAGCTGATAA",2227,4499,57,0.0126694821071349,"Unknown"
"CATCCACAGTCCCACG","SRA526435","SRS1915196","Mus musculus","10x chromium","Cortex, hippocampus and subventricular zone","CATCCACAGTCCCACG",1840,3836,42,0.0109489051094891,"Unknown"
"CATCCACCAAAGAATC","SRA526435","SRS1915196","Mus musculus","10x chromium","Cortex, hippocampus and subventricular zone","CATCCACCAAAGAATC",2823,7111,68,0.00956264941639713,"Unknown"
"CATCCACCAATCCGAT","SRA526435","SRS1915196","Mus musculus","10x chromium","Cortex, hippocampus and subventricular zone","CATCCACCAATCCGAT",1354,2428,40,0.0164744645799012,"Unknown"
"CATCCACCAGGAATCG","SRA526435","SRS1915196","Mus musculus","10x chromium","Cortex, hippocampus and subventricular zone","CATCCACCAGGAATCG",2414,5394,54,0.0100111234705228,"Unknown"
"CATCCACCAGGAATGC","SRA526435","SRS1915196","Mus musculus","10x chromium","Cortex, hippocampus and subventricular zone","CATCCACCAGGAATGC",3607,9291,149,0.0160370250780325,"Unknown"
"CATCCACCATATGAGA","SRA526435","SRS1915196","Mus musculus","10x chromium","Cortex, hippocampus and subventricular zone","CATCCACCATATGAGA",2013,3992,63,0.0157815631262525,"Unknown"
"CATCCACGTACCGGCT","SRA526435","SRS1915196","Mus musculus","10x chromium","Cortex, hippocampus and subventricular zone","CATCCACGTACCGGCT",2917,7035,103,0.0146410803127221,"Unknown"
"CATCCACGTGAAGGCT","SRA526435","SRS1915196","Mus musculus","10x chromium","Cortex, hippocampus and subventricular zone","CATCCACGTGAAGGCT",2595,5867,70,0.0119311402761207,"Unknown"
"CATCCACGTGGAAAGA","SRA526435","SRS1915196","Mus musculus","10x chromium","Cortex, hippocampus and subventricular zone","CATCCACGTGGAAAGA",1971,3892,49,0.012589928057554,"Unknown"
"CATCCACGTGGGTCAA","SRA526435","SRS1915196","Mus musculus","10x chromium","Cortex, hippocampus and subventricular zone","CATCCACGTGGGTCAA",1723,3223,51,0.015823766677009,"Unknown"
"CATCCACGTTAGATGA","SRA526435","SRS1915196","Mus musculus","10x chromium","Cortex, hippocampus and subventricular zone","CATCCACGTTAGATGA",2286,5494,53,0.00964688751365126,"Unknown"
"CATCCACTCAACACAC","SRA526435","SRS1915196","Mus musculus","10x chromium","Cortex, hippocampus and subventricular zone","CATCCACTCAACACAC",2780,6116,79,0.012916939175932,"Unknown"
"CATCCACTCATCATTC","SRA526435","SRS1915196","Mus musculus","10x chromium","Cortex, hippocampus and subventricular zone","CATCCACTCATCATTC",4748,18494,135,0.00729966475613713,"Unknown"
"CATCCACTCATTGCCC","SRA526435","SRS1915196","Mus musculus","10x chromium","Cortex, hippocampus and subventricular zone","CATCCACTCATTGCCC",2407,5347,68,0.0127174116326912,"Unknown"
"CATCCACTCCAAACTG","SRA526435","SRS1915196","Mus musculus","10x chromium","Cortex, hippocampus and subventricular zone","CATCCACTCCAAACTG",2262,4769,52,0.0109037534074229,"Unknown"
"CATCCACTCCAGAAGG","SRA526435","SRS1915196","Mus musculus","10x chromium","Cortex, hippocampus and subventricular zone","CATCCACTCCAGAAGG",2634,5926,40,0.00674991562605467,"Unknown"
"CATCGAAAGAGCTATA","SRA526435","SRS1915196","Mus musculus","10x chromium","Cortex, hippocampus and subventricular zone","CATCGAAAGAGCTATA",2286,5148,59,0.0114607614607615,"Unknown"
"CATCGAAAGAGGGCTT","SRA526435","SRS1915196","Mus musculus","10x chromium","Cortex, hippocampus and subventricular zone","CATCGAAAGAGGGCTT",784,1108,56,0.0505415162454874,"Unknown"
"CATCGAAAGATAGCAT","SRA526435","SRS1915196","Mus musculus","10x chromium","Cortex, hippocampus and subventricular zone","CATCGAAAGATAGCAT",995,1678,45,0.0268176400476758,"Unknown"
"CATCGAAAGATCGGGT","SRA526435","SRS1915196","Mus musculus","10x chromium","Cortex, hippocampus and subventricular zone","CATCGAAAGATCGGGT",1848,3590,77,0.0214484679665738,"Unknown"
"CATCGAAAGGACTGGT","SRA526435","SRS1915196","Mus musculus","10x chromium","Cortex, hippocampus and subventricular zone","CATCGAAAGGACTGGT",1062,1842,131,0.0711183496199783,"Unknown"
"CATCGAAAGGTACTCT","SRA526435","SRS1915196","Mus musculus","10x chromium","Cortex, hippocampus and subventricular zone","CATCGAAAGGTACTCT",2732,6952,100,0.0143843498273878,"Unknown"
"CATCGAAAGGTGCTAG","SRA526435","SRS1915196","Mus musculus","10x chromium","Cortex, hippocampus and subventricular zone","CATCGAAAGGTGCTAG",1931,3498,26,0.00743281875357347,"Unknown"
"CATCGAAAGTACGCGA","SRA526435","SRS1915196","Mus musculus","10x chromium","Cortex, hippocampus and subventricular zone","CATCGAAAGTACGCGA",3724,10481,107,0.0102089495277168,"Unknown"
"CATCGAAAGTAGCGGT","SRA526435","SRS1915196","Mus musculus","10x chromium","Cortex, hippocampus and subventricular zone","CATCGAAAGTAGCGGT",2216,4108,43,0.0104673807205453,"Unknown"
"CATCGAAAGTGCCAGA","SRA526435","SRS1915196","Mus musculus","10x chromium","Cortex, hippocampus and subventricular zone","CATCGAAAGTGCCAGA",2318,5071,61,0.0120291855649773,"Unknown"
"CATCGAAAGTTTCCTT","SRA526435","SRS1915196","Mus musculus","10x chromium","Cortex, hippocampus and subventricular zone","CATCGAAAGTTTCCTT",3013,7963,108,0.0135627276152204,"Unknown"
"CATCGAACAAACCCAT","SRA526435","SRS1915196","Mus musculus","10x chromium","Cortex, hippocampus and subventricular zone","CATCGAACAAACCCAT",1193,2229,23,0.0103185284881113,"Unknown"
"CATCGAACAATAACGA","SRA526435","SRS1915196","Mus musculus","10x chromium","Cortex, hippocampus and subventricular zone","CATCGAACAATAACGA",2527,6224,81,0.0130141388174807,"Unknown"
"CATCGAACAGCTGGCT","SRA526435","SRS1915196","Mus musculus","10x chromium","Cortex, hippocampus and subventricular zone","CATCGAACAGCTGGCT",1307,1973,81,0.0410542321338064,"Endothelial cells"
"CATCGAACAGGAATGC","SRA526435","SRS1915196","Mus musculus","10x chromium","Cortex, hippocampus and subventricular zone","CATCGAACAGGAATGC",1894,3330,16,0.0048048048048048,"Unknown"
"CATCGAACATGGTAGG","SRA526435","SRS1915196","Mus musculus","10x chromium","Cortex, hippocampus and subventricular zone","CATCGAACATGGTAGG",3545,9601,139,0.0144776585772315,"Unknown"
"CATCGAAGTAAGGATT","SRA526435","SRS1915196","Mus musculus","10x chromium","Cortex, hippocampus and subventricular zone","CATCGAAGTAAGGATT",1065,1805,61,0.0337950138504155,"Unknown"
"CATCGAAGTACCGTTA","SRA526435","SRS1915196","Mus musculus","10x chromium","Cortex, hippocampus and subventricular zone","CATCGAAGTACCGTTA",2367,5008,34,0.00678913738019169,"Unknown"
"CATCGAAGTAGAGTGC","SRA526435","SRS1915196","Mus musculus","10x chromium","Cortex, hippocampus and subventricular zone","CATCGAAGTAGAGTGC",2107,4380,45,0.0102739726027397,"Unknown"
"CATCGAAGTCCGTTAA","SRA526435","SRS1915196","Mus musculus","10x chromium","Cortex, hippocampus and subventricular zone","CATCGAAGTCCGTTAA",3127,7933,156,0.0196646917937728,"Unknown"
"CATCGAAGTGTATGGG","SRA526435","SRS1915196","Mus musculus","10x chromium","Cortex, hippocampus and subventricular zone","CATCGAAGTGTATGGG",2184,4346,94,0.0216290842153705,"Unknown"
"CATCGAATCATAGCAC","SRA526435","SRS1915196","Mus musculus","10x chromium","Cortex, hippocampus and subventricular zone","CATCGAATCATAGCAC",2714,6165,51,0.00827250608272506,"Unknown"
"CATCGAATCCTTTACA","SRA526435","SRS1915196","Mus musculus","10x chromium","Cortex, hippocampus and subventricular zone","CATCGAATCCTTTACA",2389,5099,46,0.00902137674053736,"Unknown"
"CATCGAATCGGACAAG","SRA526435","SRS1915196","Mus musculus","10x chromium","Cortex, hippocampus and subventricular zone","CATCGAATCGGACAAG",2090,4053,28,0.00690846286701209,"Unknown"
"CATCGAATCGTCTGAA","SRA526435","SRS1915196","Mus musculus","10x chromium","Cortex, hippocampus and subventricular zone","CATCGAATCGTCTGAA",2143,4618,32,0.00692940666955392,"Unknown"
"CATCGGGAGAGACTTA","SRA526435","SRS1915196","Mus musculus","10x chromium","Cortex, hippocampus and subventricular zone","CATCGGGAGAGACTTA",2046,4230,56,0.0132387706855792,"Unknown"
"CATCGGGAGCACCGCT","SRA526435","SRS1915196","Mus musculus","10x chromium","Cortex, hippocampus and subventricular zone","CATCGGGAGCACCGCT",1400,2420,27,0.0111570247933884,"Unknown"
"CATCGGGAGCGATGAC","SRA526435","SRS1915196","Mus musculus","10x chromium","Cortex, hippocampus and subventricular zone","CATCGGGAGCGATGAC",820,1156,85,0.0735294117647059,"Unknown"
"CATCGGGAGGCTAGAC","SRA526435","SRS1915196","Mus musculus","10x chromium","Cortex, hippocampus and subventricular zone","CATCGGGAGGCTAGAC",806,1182,73,0.0617597292724196,"Unknown"
"CATCGGGAGTGGGCTA","SRA526435","SRS1915196","Mus musculus","10x chromium","Cortex, hippocampus and subventricular zone","CATCGGGAGTGGGCTA",1620,2767,40,0.0144560896277557,"Unknown"
"CATCGGGCAAACCTAC","SRA526435","SRS1915196","Mus musculus","10x chromium","Cortex, hippocampus and subventricular zone","CATCGGGCAAACCTAC",2593,5914,72,0.0121745011836321,"Unknown"
"CATCGGGCAAGGTGTG","SRA526435","SRS1915196","Mus musculus","10x chromium","Cortex, hippocampus and subventricular zone","CATCGGGCAAGGTGTG",2295,4882,59,0.0120852109791069,"Unknown"
"CATCGGGCAAGTACCT","SRA526435","SRS1915196","Mus musculus","10x chromium","Cortex, hippocampus and subventricular zone","CATCGGGCAAGTACCT",2382,4716,77,0.0163273960983885,"Unknown"
"CATCGGGCACCGTTGG","SRA526435","SRS1915196","Mus musculus","10x chromium","Cortex, hippocampus and subventricular zone","CATCGGGCACCGTTGG",1231,2221,21,0.00945520036019811,"Unknown"
"CATCGGGCAGGCGATA","SRA526435","SRS1915196","Mus musculus","10x chromium","Cortex, hippocampus and subventricular zone","CATCGGGCAGGCGATA",1326,2359,75,0.0317931326833404,"Unknown"
"CATCGGGCAGTGGGAT","SRA526435","SRS1915196","Mus musculus","10x chromium","Cortex, hippocampus and subventricular zone","CATCGGGCAGTGGGAT",2112,4116,42,0.0102040816326531,"Unknown"
"CATCGGGCATTGGCGC","SRA526435","SRS1915196","Mus musculus","10x chromium","Cortex, hippocampus and subventricular zone","CATCGGGCATTGGCGC",1361,2350,12,0.0051063829787234,"Unknown"
"CATCGGGGTAATCACC","SRA526435","SRS1915196","Mus musculus","10x chromium","Cortex, hippocampus and subventricular zone","CATCGGGGTAATCACC",1426,2395,40,0.0167014613778706,"Unknown"
"CATCGGGGTACCAGTT","SRA526435","SRS1915196","Mus musculus","10x chromium","Cortex, hippocampus and subventricular zone","CATCGGGGTACCAGTT",892,1222,13,0.0106382978723404,"Unknown"
"CATCGGGGTATAAACG","SRA526435","SRS1915196","Mus musculus","10x chromium","Cortex, hippocampus and subventricular zone","CATCGGGGTATAAACG",1132,1835,36,0.0196185286103542,"Unknown"
"CATCGGGGTGAGGGAG","SRA526435","SRS1915196","Mus musculus","10x chromium","Cortex, hippocampus and subventricular zone","CATCGGGGTGAGGGAG",2286,4876,52,0.0106644790812141,"Unknown"
"CATCGGGGTTCCGGCA","SRA526435","SRS1915196","Mus musculus","10x chromium","Cortex, hippocampus and subventricular zone","CATCGGGGTTCCGGCA",2227,4466,60,0.0134348410210479,"Unknown"
"CATCGGGGTTCTGGTA","SRA526435","SRS1915196","Mus musculus","10x chromium","Cortex, hippocampus and subventricular zone","CATCGGGGTTCTGGTA",1985,3731,43,0.0115250603055481,"Unknown"
"CATCGGGTCACGAAGG","SRA526435","SRS1915196","Mus musculus","10x chromium","Cortex, hippocampus and subventricular zone","CATCGGGTCACGAAGG",4423,12676,178,0.0140422846323761,"Cajal-Retzius cells"
"CATCGGGTCAGGATCT","SRA526435","SRS1915196","Mus musculus","10x chromium","Cortex, hippocampus and subventricular zone","CATCGGGTCAGGATCT",2085,3994,48,0.0120180270405608,"Unknown"
"CATCGGGTCCAGATCA","SRA526435","SRS1915196","Mus musculus","10x chromium","Cortex, hippocampus and subventricular zone","CATCGGGTCCAGATCA",2402,5212,66,0.0126630851880276,"Unknown"
"CATCGGGTCCTATGTT","SRA526435","SRS1915196","Mus musculus","10x chromium","Cortex, hippocampus and subventricular zone","CATCGGGTCCTATGTT",2257,4557,7,0.00153609831029186,"Unknown"
"CATCGGGTCTGGTTCC","SRA526435","SRS1915196","Mus musculus","10x chromium","Cortex, hippocampus and subventricular zone","CATCGGGTCTGGTTCC",1546,3026,87,0.0287508261731659,"Unknown"
"CATGACAAGACTCGGA","SRA526435","SRS1915196","Mus musculus","10x chromium","Cortex, hippocampus and subventricular zone","CATGACAAGACTCGGA",681,1084,1,0.000922509225092251,"Unknown"
"CATGACAAGATCCCGC","SRA526435","SRS1915196","Mus musculus","10x chromium","Cortex, hippocampus and subventricular zone","CATGACAAGATCCCGC",3274,8048,93,0.0115556660039761,"Unknown"
"CATGACAAGATGCCTT","SRA526435","SRS1915196","Mus musculus","10x chromium","Cortex, hippocampus and subventricular zone","CATGACAAGATGCCTT",1713,3581,44,0.0122870706506562,"Unknown"
"CATGACAAGTCAAGCG","SRA526435","SRS1915196","Mus musculus","10x chromium","Cortex, hippocampus and subventricular zone","CATGACAAGTCAAGCG",2221,4717,104,0.0220479118083528,"Unknown"
"CATGACAAGTCAATAG","SRA526435","SRS1915196","Mus musculus","10x chromium","Cortex, hippocampus and subventricular zone","CATGACAAGTCAATAG",2403,5361,61,0.0113784741652677,"Unknown"
"CATGACACACTAAGTC","SRA526435","SRS1915196","Mus musculus","10x chromium","Cortex, hippocampus and subventricular zone","CATGACACACTAAGTC",3014,7808,66,0.00845286885245902,"Unknown"
"CATGACACAGTCAGAG","SRA526435","SRS1915196","Mus musculus","10x chromium","Cortex, hippocampus and subventricular zone","CATGACACAGTCAGAG",2003,3760,46,0.0122340425531915,"Unknown"
"CATGACACATTCTTAC","SRA526435","SRS1915196","Mus musculus","10x chromium","Cortex, hippocampus and subventricular zone","CATGACACATTCTTAC",1692,3245,41,0.0126348228043143,"Unknown"
"CATGACAGTAATCACC","SRA526435","SRS1915196","Mus musculus","10x chromium","Cortex, hippocampus and subventricular zone","CATGACAGTAATCACC",1411,2338,22,0.00940975192472198,"Unknown"
"CATGACAGTATCGCAT","SRA526435","SRS1915196","Mus musculus","10x chromium","Cortex, hippocampus and subventricular zone","CATGACAGTATCGCAT",1094,1480,44,0.0297297297297297,"Unknown"
"CATGACAGTCACTTCC","SRA526435","SRS1915196","Mus musculus","10x chromium","Cortex, hippocampus and subventricular zone","CATGACAGTCACTTCC",1799,3279,42,0.0128087831655993,"Unknown"
"CATGACAGTCGCCATG","SRA526435","SRS1915196","Mus musculus","10x chromium","Cortex, hippocampus and subventricular zone","CATGACAGTCGCCATG",121,2347,2,0.000852151682999574,"Erythroid-like and erythroid precursor cells"
"CATGACAGTCTAACGT","SRA526435","SRS1915196","Mus musculus","10x chromium","Cortex, hippocampus and subventricular zone","CATGACAGTCTAACGT",1618,2779,42,0.0151133501259446,"Pericytes"
"CATGACAGTCTAGCCG","SRA526435","SRS1915196","Mus musculus","10x chromium","Cortex, hippocampus and subventricular zone","CATGACAGTCTAGCCG",3385,9922,75,0.00755895988711953,"Endothelial cells"
"CATGACAGTCTTCGTC","SRA526435","SRS1915196","Mus musculus","10x chromium","Cortex, hippocampus and subventricular zone","CATGACAGTCTTCGTC",1571,2616,13,0.00496941896024465,"Unknown"
"CATGACAGTGATGATA","SRA526435","SRS1915196","Mus musculus","10x chromium","Cortex, hippocampus and subventricular zone","CATGACAGTGATGATA",1953,3798,55,0.0144813059505003,"Pericytes"
"CATGACAGTGCCTGGT","SRA526435","SRS1915196","Mus musculus","10x chromium","Cortex, hippocampus and subventricular zone","CATGACAGTGCCTGGT",2434,5283,94,0.0177929206890025,"Unknown"
"CATGACAGTTAAAGTG","SRA526435","SRS1915196","Mus musculus","10x chromium","Cortex, hippocampus and subventricular zone","CATGACAGTTAAAGTG",3217,7991,120,0.0150168940057565,"Unknown"
"CATGACAGTTCTGAAC","SRA526435","SRS1915196","Mus musculus","10x chromium","Cortex, hippocampus and subventricular zone","CATGACAGTTCTGAAC",1716,3132,66,0.0210727969348659,"Unknown"
"CATGACAGTTTAAGCC","SRA526435","SRS1915196","Mus musculus","10x chromium","Cortex, hippocampus and subventricular zone","CATGACAGTTTAAGCC",1056,1659,72,0.0433996383363472,"Unknown"
"CATGACATCAACGGGA","SRA526435","SRS1915196","Mus musculus","10x chromium","Cortex, hippocampus and subventricular zone","CATGACATCAACGGGA",2711,6490,88,0.0135593220338983,"Unknown"
"CATGACATCATAGCAC","SRA526435","SRS1915196","Mus musculus","10x chromium","Cortex, hippocampus and subventricular zone","CATGACATCATAGCAC",1955,3782,45,0.0118984664198837,"Unknown"
"CATGACATCCTGCCAT","SRA526435","SRS1915196","Mus musculus","10x chromium","Cortex, hippocampus and subventricular zone","CATGACATCCTGCCAT",1937,3814,38,0.00996329313057158,"Unknown"
"CATGACATCTCTAGGA","SRA526435","SRS1915196","Mus musculus","10x chromium","Cortex, hippocampus and subventricular zone","CATGACATCTCTAGGA",2015,4122,30,0.00727802037845706,"Unknown"
"CATGACATCTTGCAAG","SRA526435","SRS1915196","Mus musculus","10x chromium","Cortex, hippocampus and subventricular zone","CATGACATCTTGCAAG",1690,3375,36,0.0106666666666667,"Unknown"
"CATGCCTAGAGTCGGT","SRA526435","SRS1915196","Mus musculus","10x chromium","Cortex, hippocampus and subventricular zone","CATGCCTAGAGTCGGT",2204,4712,66,0.0140067911714771,"Unknown"
"CATGCCTAGCTCCTCT","SRA526435","SRS1915196","Mus musculus","10x chromium","Cortex, hippocampus and subventricular zone","CATGCCTAGCTCCTCT",2022,4035,79,0.0195786864931846,"Unknown"
"CATGCCTAGTTGTCGT","SRA526435","SRS1915196","Mus musculus","10x chromium","Cortex, hippocampus and subventricular zone","CATGCCTAGTTGTCGT",2308,5402,75,0.0138837467604591,"Unknown"
"CATGCCTCACGTGAGA","SRA526435","SRS1915196","Mus musculus","10x chromium","Cortex, hippocampus and subventricular zone","CATGCCTCACGTGAGA",1641,2909,55,0.0189068408387762,"Unknown"
"CATGCCTCAGCCACCA","SRA526435","SRS1915196","Mus musculus","10x chromium","Cortex, hippocampus and subventricular zone","CATGCCTCAGCCACCA",2060,4152,56,0.0134874759152216,"Unknown"
"CATGCCTCATGGGAAC","SRA526435","SRS1915196","Mus musculus","10x chromium","Cortex, hippocampus and subventricular zone","CATGCCTCATGGGAAC",2110,4191,51,0.0121689334287759,"Unknown"
"CATGCCTGTCCGTGAC","SRA526435","SRS1915196","Mus musculus","10x chromium","Cortex, hippocampus and subventricular zone","CATGCCTGTCCGTGAC",1983,3520,16,0.00454545454545455,"Unknown"
"CATGCCTGTGACTACT","SRA526435","SRS1915196","Mus musculus","10x chromium","Cortex, hippocampus and subventricular zone","CATGCCTGTGACTACT",2481,5658,74,0.0130788264404383,"Unknown"
"CATGCCTGTTCATGGT","SRA526435","SRS1915196","Mus musculus","10x chromium","Cortex, hippocampus and subventricular zone","CATGCCTGTTCATGGT",1311,2220,46,0.0207207207207207,"Unknown"
"CATGCCTGTTCCAACA","SRA526435","SRS1915196","Mus musculus","10x chromium","Cortex, hippocampus and subventricular zone","CATGCCTGTTCCAACA",2701,6328,49,0.00774336283185841,"Unknown"
"CATGCCTGTTGGTAAA","SRA526435","SRS1915196","Mus musculus","10x chromium","Cortex, hippocampus and subventricular zone","CATGCCTGTTGGTAAA",4396,11683,88,0.00753231190618848,"Microglia"
"CATGCCTTCAACTCTT","SRA526435","SRS1915196","Mus musculus","10x chromium","Cortex, hippocampus and subventricular zone","CATGCCTTCAACTCTT",2698,6396,74,0.0115697310819262,"Unknown"
"CATGCCTTCCGAATGT","SRA526435","SRS1915196","Mus musculus","10x chromium","Cortex, hippocampus and subventricular zone","CATGCCTTCCGAATGT",709,1099,32,0.0291173794358508,"Unknown"
"CATGCCTTCGCGCCAA","SRA526435","SRS1915196","Mus musculus","10x chromium","Cortex, hippocampus and subventricular zone","CATGCCTTCGCGCCAA",2209,4305,57,0.0132404181184669,"Unknown"
"CATGCCTTCGTCCAGG","SRA526435","SRS1915196","Mus musculus","10x chromium","Cortex, hippocampus and subventricular zone","CATGCCTTCGTCCAGG",1757,2990,32,0.0107023411371237,"Unknown"
"CATGCCTTCTAACGGT","SRA526435","SRS1915196","Mus musculus","10x chromium","Cortex, hippocampus and subventricular zone","CATGCCTTCTAACGGT",2735,6191,61,0.00985301243740914,"Unknown"
"CATGGCGAGAGACGAA","SRA526435","SRS1915196","Mus musculus","10x chromium","Cortex, hippocampus and subventricular zone","CATGGCGAGAGACGAA",1782,3528,58,0.0164399092970522,"Unknown"
"CATGGCGAGATGTCGG","SRA526435","SRS1915196","Mus musculus","10x chromium","Cortex, hippocampus and subventricular zone","CATGGCGAGATGTCGG",1859,3517,58,0.0164913278362241,"Unknown"
"CATGGCGAGCTAAACA","SRA526435","SRS1915196","Mus musculus","10x chromium","Cortex, hippocampus and subventricular zone","CATGGCGAGCTAAACA",3500,9329,108,0.0115768035159181,"Unknown"
"CATGGCGAGCTCCTTC","SRA526435","SRS1915196","Mus musculus","10x chromium","Cortex, hippocampus and subventricular zone","CATGGCGAGCTCCTTC",2405,5288,41,0.00775340393343419,"Unknown"
"CATGGCGAGTCCGTAT","SRA526435","SRS1915196","Mus musculus","10x chromium","Cortex, hippocampus and subventricular zone","CATGGCGAGTCCGTAT",1646,3256,37,0.0113636363636364,"Unknown"
"CATGGCGCACATGACT","SRA526435","SRS1915196","Mus musculus","10x chromium","Cortex, hippocampus and subventricular zone","CATGGCGCACATGACT",2622,5989,61,0.0101853397896143,"Unknown"
"CATGGCGCACCCAGTG","SRA526435","SRS1915196","Mus musculus","10x chromium","Cortex, hippocampus and subventricular zone","CATGGCGCACCCAGTG",1922,3401,28,0.00823287268450456,"Unknown"
"CATGGCGCATGTCGAT","SRA526435","SRS1915196","Mus musculus","10x chromium","Cortex, hippocampus and subventricular zone","CATGGCGCATGTCGAT",1068,1762,36,0.0204313280363224,"Unknown"
"CATGGCGGTACAGCAG","SRA526435","SRS1915196","Mus musculus","10x chromium","Cortex, hippocampus and subventricular zone","CATGGCGGTACAGCAG",2007,3902,39,0.00999487442337263,"Unknown"
"CATGGCGGTCATGCAT","SRA526435","SRS1915196","Mus musculus","10x chromium","Cortex, hippocampus and subventricular zone","CATGGCGGTCATGCAT",4571,13858,219,0.0158031461971424,"Unknown"
"CATGGCGGTCGAATCT","SRA526435","SRS1915196","Mus musculus","10x chromium","Cortex, hippocampus and subventricular zone","CATGGCGGTCGAATCT",1580,2882,58,0.0201249132546842,"Unknown"
"CATGGCGGTGAAAGAG","SRA526435","SRS1915196","Mus musculus","10x chromium","Cortex, hippocampus and subventricular zone","CATGGCGGTGAAAGAG",2573,5657,84,0.0148488598196924,"Unknown"
"CATGGCGGTGTGACCC","SRA526435","SRS1915196","Mus musculus","10x chromium","Cortex, hippocampus and subventricular zone","CATGGCGGTGTGACCC",1072,1931,42,0.0217503883997929,"Unknown"
"CATGGCGGTGTTCTTT","SRA526435","SRS1915196","Mus musculus","10x chromium","Cortex, hippocampus and subventricular zone","CATGGCGGTGTTCTTT",2167,4309,45,0.0104432582965885,"Unknown"
"CATGGCGGTTCGAATC","SRA526435","SRS1915196","Mus musculus","10x chromium","Cortex, hippocampus and subventricular zone","CATGGCGGTTCGAATC",1237,2090,33,0.0157894736842105,"Unknown"
"CATGGCGTCTAACCGA","SRA526435","SRS1915196","Mus musculus","10x chromium","Cortex, hippocampus and subventricular zone","CATGGCGTCTAACCGA",2923,6931,109,0.0157264464002308,"Unknown"
"CATGGCGTCTAACTCT","SRA526435","SRS1915196","Mus musculus","10x chromium","Cortex, hippocampus and subventricular zone","CATGGCGTCTAACTCT",4437,14975,155,0.0103505843071786,"Unknown"
"CATTATCAGACTAGAT","SRA526435","SRS1915196","Mus musculus","10x chromium","Cortex, hippocampus and subventricular zone","CATTATCAGACTAGAT",4364,15250,138,0.00904918032786885,"Unknown"
"CATTATCAGGAACTGC","SRA526435","SRS1915196","Mus musculus","10x chromium","Cortex, hippocampus and subventricular zone","CATTATCAGGAACTGC",1203,2337,33,0.0141206675224647,"Unknown"
"CATTATCAGGACAGCT","SRA526435","SRS1915196","Mus musculus","10x chromium","Cortex, hippocampus and subventricular zone","CATTATCAGGACAGCT",1105,2212,92,0.0415913200723327,"Endothelial cells"
"CATTATCCACATCCAA","SRA526435","SRS1915196","Mus musculus","10x chromium","Cortex, hippocampus and subventricular zone","CATTATCCACATCCAA",1252,2157,52,0.0241075567918405,"Unknown"
"CATTATCCACGCATCG","SRA526435","SRS1915196","Mus musculus","10x chromium","Cortex, hippocampus and subventricular zone","CATTATCCACGCATCG",2044,4563,51,0.0111768573307035,"Unknown"
"CATTATCCACGGCGTT","SRA526435","SRS1915196","Mus musculus","10x chromium","Cortex, hippocampus and subventricular zone","CATTATCCACGGCGTT",1963,3807,49,0.0128710270554242,"Unknown"
"CATTATCCAGTACACT","SRA526435","SRS1915196","Mus musculus","10x chromium","Cortex, hippocampus and subventricular zone","CATTATCCAGTACACT",746,1066,17,0.0159474671669794,"Unknown"
"CATTATCCATCGATTG","SRA526435","SRS1915196","Mus musculus","10x chromium","Cortex, hippocampus and subventricular zone","CATTATCCATCGATTG",960,1430,30,0.020979020979021,"Unknown"
"CATTATCCATTGAGCT","SRA526435","SRS1915196","Mus musculus","10x chromium","Cortex, hippocampus and subventricular zone","CATTATCCATTGAGCT",1592,2890,42,0.0145328719723183,"Unknown"
"CATTATCGTAAACGCG","SRA526435","SRS1915196","Mus musculus","10x chromium","Cortex, hippocampus and subventricular zone","CATTATCGTAAACGCG",2256,4719,22,0.00466200466200466,"Unknown"
"CATTATCGTACCGTAT","SRA526435","SRS1915196","Mus musculus","10x chromium","Cortex, hippocampus and subventricular zone","CATTATCGTACCGTAT",2001,4552,55,0.0120826010544815,"Unknown"
"CATTATCGTAGAAAGG","SRA526435","SRS1915196","Mus musculus","10x chromium","Cortex, hippocampus and subventricular zone","CATTATCGTAGAAAGG",934,1409,37,0.0262597586941093,"Unknown"
"CATTATCGTCGCGGTT","SRA526435","SRS1915196","Mus musculus","10x chromium","Cortex, hippocampus and subventricular zone","CATTATCGTCGCGGTT",1918,3589,123,0.0342713847868487,"Unknown"
"CATTATCGTGGTACAG","SRA526435","SRS1915196","Mus musculus","10x chromium","Cortex, hippocampus and subventricular zone","CATTATCGTGGTACAG",996,1485,16,0.0107744107744108,"Unknown"
"CATTATCGTTCATGGT","SRA526435","SRS1915196","Mus musculus","10x chromium","Cortex, hippocampus and subventricular zone","CATTATCGTTCATGGT",2523,5923,45,0.00759750126625021,"Unknown"
"CATTATCGTTCCGGCA","SRA526435","SRS1915196","Mus musculus","10x chromium","Cortex, hippocampus and subventricular zone","CATTATCGTTCCGGCA",3474,9232,12,0.0012998266897747,"Unknown"
"CATTATCTCAGATAAG","SRA526435","SRS1915196","Mus musculus","10x chromium","Cortex, hippocampus and subventricular zone","CATTATCTCAGATAAG",2209,4669,65,0.0139216106232598,"Unknown"
"CATTATCTCCCTCAGT","SRA526435","SRS1915196","Mus musculus","10x chromium","Cortex, hippocampus and subventricular zone","CATTATCTCCCTCAGT",1353,2415,46,0.019047619047619,"Unknown"
"CATTCGCAGATCCTGT","SRA526435","SRS1915196","Mus musculus","10x chromium","Cortex, hippocampus and subventricular zone","CATTCGCAGATCCTGT",2417,5409,105,0.0194120909595119,"Pericytes"
"CATTCGCAGGAATCGC","SRA526435","SRS1915196","Mus musculus","10x chromium","Cortex, hippocampus and subventricular zone","CATTCGCAGGAATCGC",2447,5224,63,0.0120597243491577,"Unknown"
"CATTCGCAGGCAAAGA","SRA526435","SRS1915196","Mus musculus","10x chromium","Cortex, hippocampus and subventricular zone","CATTCGCAGGCAAAGA",4456,13577,67,0.00493481623333579,"Unknown"
"CATTCGCAGTGGCACA","SRA526435","SRS1915196","Mus musculus","10x chromium","Cortex, hippocampus and subventricular zone","CATTCGCAGTGGCACA",1553,3024,51,0.0168650793650794,"Unknown"
"CATTCGCAGTGGGCTA","SRA526435","SRS1915196","Mus musculus","10x chromium","Cortex, hippocampus and subventricular zone","CATTCGCAGTGGGCTA",2863,6986,66,0.00944746636129402,"Unknown"
"CATTCGCCAATCACAC","SRA526435","SRS1915196","Mus musculus","10x chromium","Cortex, hippocampus and subventricular zone","CATTCGCCAATCACAC",2621,5033,47,0.0093383667792569,"Unknown"
"CATTCGCCACATCCGG","SRA526435","SRS1915196","Mus musculus","10x chromium","Cortex, hippocampus and subventricular zone","CATTCGCCACATCCGG",2192,3646,18,0.00493691716950082,"Unknown"
"CATTCGCCACCGAAAG","SRA526435","SRS1915196","Mus musculus","10x chromium","Cortex, hippocampus and subventricular zone","CATTCGCCACCGAAAG",2101,4194,73,0.0174058178350024,"Unknown"
"CATTCGCCACCTATCC","SRA526435","SRS1915196","Mus musculus","10x chromium","Cortex, hippocampus and subventricular zone","CATTCGCCACCTATCC",1440,2338,38,0.0162532078699743,"Unknown"
"CATTCGCCAGGTCTCG","SRA526435","SRS1915196","Mus musculus","10x chromium","Cortex, hippocampus and subventricular zone","CATTCGCCAGGTCTCG",2558,5433,53,0.0097551997055034,"Unknown"
"CATTCGCCATATACCG","SRA526435","SRS1915196","Mus musculus","10x chromium","Cortex, hippocampus and subventricular zone","CATTCGCCATATACCG",741,1022,67,0.0655577299412916,"Oligodendrocyte progenitor cells"
"CATTCGCCATCCCATC","SRA526435","SRS1915196","Mus musculus","10x chromium","Cortex, hippocampus and subventricular zone","CATTCGCCATCCCATC",2198,4701,67,0.0142522867475005,"Unknown"
"CATTCGCGTACCATCA","SRA526435","SRS1915196","Mus musculus","10x chromium","Cortex, hippocampus and subventricular zone","CATTCGCGTACCATCA",3035,7836,88,0.0112302194997448,"Unknown"
"CATTCGCGTCGCGAAA","SRA526435","SRS1915196","Mus musculus","10x chromium","Cortex, hippocampus and subventricular zone","CATTCGCGTCGCGAAA",2094,4618,64,0.0138588133391078,"Unknown"
"CATTCGCTCAAACGGG","SRA526435","SRS1915196","Mus musculus","10x chromium","Cortex, hippocampus and subventricular zone","CATTCGCTCAAACGGG",3256,7659,76,0.00992296644470557,"Unknown"
"CATTCGCTCAAGCCTA","SRA526435","SRS1915196","Mus musculus","10x chromium","Cortex, hippocampus and subventricular zone","CATTCGCTCAAGCCTA",2723,6617,79,0.0119389451413027,"Unknown"
"CATTCGCTCACGACTA","SRA526435","SRS1915196","Mus musculus","10x chromium","Cortex, hippocampus and subventricular zone","CATTCGCTCACGACTA",2548,5745,43,0.00748476936466493,"Unknown"
"CATTCGCTCCAGAAGG","SRA526435","SRS1915196","Mus musculus","10x chromium","Cortex, hippocampus and subventricular zone","CATTCGCTCCAGAAGG",1720,3091,60,0.019411193788418,"Unknown"
"CATTCGCTCGGAGCAA","SRA526435","SRS1915196","Mus musculus","10x chromium","Cortex, hippocampus and subventricular zone","CATTCGCTCGGAGCAA",773,1135,70,0.0616740088105727,"Cajal-Retzius cells"
"CATTCGCTCGTCCGTT","SRA526435","SRS1915196","Mus musculus","10x chromium","Cortex, hippocampus and subventricular zone","CATTCGCTCGTCCGTT",2096,4422,80,0.0180913613749435,"Unknown"
"CCAATCCAGAACTGTA","SRA526435","SRS1915196","Mus musculus","10x chromium","Cortex, hippocampus and subventricular zone","CCAATCCAGAACTGTA",1637,2770,21,0.0075812274368231,"Unknown"
"CCAATCCAGACATAAC","SRA526435","SRS1915196","Mus musculus","10x chromium","Cortex, hippocampus and subventricular zone","CCAATCCAGACATAAC",2753,6244,87,0.0139333760409994,"Cajal-Retzius cells"
"CCAATCCAGATGGGTC","SRA526435","SRS1915196","Mus musculus","10x chromium","Cortex, hippocampus and subventricular zone","CCAATCCAGATGGGTC",3003,6738,42,0.006233303650935,"Unknown"
"CCAATCCAGTACGTTC","SRA526435","SRS1915196","Mus musculus","10x chromium","Cortex, hippocampus and subventricular zone","CCAATCCAGTACGTTC",2708,6508,85,0.013060848186847,"Unknown"
"CCAATCCAGTTCGCAT","SRA526435","SRS1915196","Mus musculus","10x chromium","Cortex, hippocampus and subventricular zone","CCAATCCAGTTCGCAT",762,1024,55,0.0537109375,"Unknown"
"CCAATCCAGTTGAGAT","SRA526435","SRS1915196","Mus musculus","10x chromium","Cortex, hippocampus and subventricular zone","CCAATCCAGTTGAGAT",1278,2134,28,0.0131208997188379,"Unknown"
"CCAATCCCATCCTTGC","SRA526435","SRS1915196","Mus musculus","10x chromium","Cortex, hippocampus and subventricular zone","CCAATCCCATCCTTGC",1873,3562,41,0.0115103874227962,"Unknown"
"CCAATCCCATGGAATA","SRA526435","SRS1915196","Mus musculus","10x chromium","Cortex, hippocampus and subventricular zone","CCAATCCCATGGAATA",2204,4930,52,0.0105476673427992,"Unknown"
"CCAATCCCATTGAGCT","SRA526435","SRS1915196","Mus musculus","10x chromium","Cortex, hippocampus and subventricular zone","CCAATCCCATTGAGCT",1830,3926,51,0.0129903209373408,"Unknown"
"CCAATCCGTAGGCTGA","SRA526435","SRS1915196","Mus musculus","10x chromium","Cortex, hippocampus and subventricular zone","CCAATCCGTAGGCTGA",2965,6120,71,0.0116013071895425,"Unknown"
"CCAATCCGTCGATTGT","SRA526435","SRS1915196","Mus musculus","10x chromium","Cortex, hippocampus and subventricular zone","CCAATCCGTCGATTGT",2778,6432,65,0.0101057213930348,"Unknown"
"CCAATCCGTTTACTCT","SRA526435","SRS1915196","Mus musculus","10x chromium","Cortex, hippocampus and subventricular zone","CCAATCCGTTTACTCT",2222,4144,67,0.0161679536679537,"Unknown"
"CCAATCCGTTTGACAC","SRA526435","SRS1915196","Mus musculus","10x chromium","Cortex, hippocampus and subventricular zone","CCAATCCGTTTGACAC",2279,4762,64,0.0134397312053759,"Unknown"
"CCAATCCGTTTGGGCC","SRA526435","SRS1915196","Mus musculus","10x chromium","Cortex, hippocampus and subventricular zone","CCAATCCGTTTGGGCC",2499,5489,77,0.0140280561122244,"Unknown"
"CCAATCCTCAGGCCCA","SRA526435","SRS1915196","Mus musculus","10x chromium","Cortex, hippocampus and subventricular zone","CCAATCCTCAGGCCCA",2125,4211,129,0.0306340536689622,"Unknown"
"CCAATCCTCGGCGCAT","SRA526435","SRS1915196","Mus musculus","10x chromium","Cortex, hippocampus and subventricular zone","CCAATCCTCGGCGCAT",1984,3907,50,0.0127975428717686,"Unknown"
"CCAATCCTCTAACTCT","SRA526435","SRS1915196","Mus musculus","10x chromium","Cortex, hippocampus and subventricular zone","CCAATCCTCTAACTCT",1834,3385,32,0.00945347119645495,"Unknown"
"CCAATCCTCTACGAGT","SRA526435","SRS1915196","Mus musculus","10x chromium","Cortex, hippocampus and subventricular zone","CCAATCCTCTACGAGT",2650,5259,76,0.0144514166191291,"Unknown"
"CCAATCCTCTATCGCC","SRA526435","SRS1915196","Mus musculus","10x chromium","Cortex, hippocampus and subventricular zone","CCAATCCTCTATCGCC",1725,2962,72,0.0243079000675219,"Unknown"
"CCACCTACAAATACAG","SRA526435","SRS1915196","Mus musculus","10x chromium","Cortex, hippocampus and subventricular zone","CCACCTACAAATACAG",2210,4783,39,0.00815387831904662,"Unknown"
"CCACCTAGTACACCGC","SRA526435","SRS1915196","Mus musculus","10x chromium","Cortex, hippocampus and subventricular zone","CCACCTAGTACACCGC",3597,9548,48,0.00502723083368245,"Unknown"
"CCACCTAGTACTTGAC","SRA526435","SRS1915196","Mus musculus","10x chromium","Cortex, hippocampus and subventricular zone","CCACCTAGTACTTGAC",1884,3744,73,0.0194978632478632,"Unknown"
"CCACCTAGTATGGTTC","SRA526435","SRS1915196","Mus musculus","10x chromium","Cortex, hippocampus and subventricular zone","CCACCTAGTATGGTTC",2907,7373,59,0.0080021700800217,"Unknown"
"CCACCTAGTCGAAAGC","SRA526435","SRS1915196","Mus musculus","10x chromium","Cortex, hippocampus and subventricular zone","CCACCTAGTCGAAAGC",1293,2293,30,0.0130832969908417,"Unknown"
"CCACCTAGTCGGGTCT","SRA526435","SRS1915196","Mus musculus","10x chromium","Cortex, hippocampus and subventricular zone","CCACCTAGTCGGGTCT",2144,4246,60,0.0141309467734338,"Unknown"
"CCACCTAGTGACGGTA","SRA526435","SRS1915196","Mus musculus","10x chromium","Cortex, hippocampus and subventricular zone","CCACCTAGTGACGGTA",2306,5122,57,0.0111284654431863,"Unknown"
"CCACCTAGTGAGTATA","SRA526435","SRS1915196","Mus musculus","10x chromium","Cortex, hippocampus and subventricular zone","CCACCTAGTGAGTATA",3440,9055,87,0.00960795140806184,"Unknown"
"CCACCTAGTTAAGACA","SRA526435","SRS1915196","Mus musculus","10x chromium","Cortex, hippocampus and subventricular zone","CCACCTAGTTAAGACA",3144,8177,98,0.0119848355142473,"Unknown"
"CCACCTAGTTGACGTT","SRA526435","SRS1915196","Mus musculus","10x chromium","Cortex, hippocampus and subventricular zone","CCACCTAGTTGACGTT",2196,4560,38,0.00833333333333333,"Unknown"
"CCACCTAGTTGTCTTT","SRA526435","SRS1915196","Mus musculus","10x chromium","Cortex, hippocampus and subventricular zone","CCACCTAGTTGTCTTT",1970,4007,75,0.0187172448215623,"Unknown"
"CCACCTATCACGCATA","SRA526435","SRS1915196","Mus musculus","10x chromium","Cortex, hippocampus and subventricular zone","CCACCTATCACGCATA",1739,3109,41,0.013187520102927,"Unknown"
"CCACCTATCAGCATGT","SRA526435","SRS1915196","Mus musculus","10x chromium","Cortex, hippocampus and subventricular zone","CCACCTATCAGCATGT",1416,2395,34,0.01419624217119,"Unknown"
"CCACCTATCATACGGT","SRA526435","SRS1915196","Mus musculus","10x chromium","Cortex, hippocampus and subventricular zone","CCACCTATCATACGGT",2559,5499,52,0.00945626477541371,"Unknown"
"CCACCTATCCCATTTA","SRA526435","SRS1915196","Mus musculus","10x chromium","Cortex, hippocampus and subventricular zone","CCACCTATCCCATTTA",1867,3797,42,0.0110613642349223,"Unknown"
"CCACCTATCGAGGTAG","SRA526435","SRS1915196","Mus musculus","10x chromium","Cortex, hippocampus and subventricular zone","CCACCTATCGAGGTAG",2116,4734,69,0.014575411913815,"Unknown"
"CCACGGAAGACAGAGA","SRA526435","SRS1915196","Mus musculus","10x chromium","Cortex, hippocampus and subventricular zone","CCACGGAAGACAGAGA",3009,6917,107,0.0154691340176377,"Unknown"
"CCACGGAAGCCGCCTA","SRA526435","SRS1915196","Mus musculus","10x chromium","Cortex, hippocampus and subventricular zone","CCACGGAAGCCGCCTA",3334,8526,94,0.0110250996950504,"Unknown"
"CCACGGAAGCGGATCA","SRA526435","SRS1915196","Mus musculus","10x chromium","Cortex, hippocampus and subventricular zone","CCACGGAAGCGGATCA",2047,3901,58,0.0148679825685722,"Unknown"
"CCACGGAAGGAGTAGA","SRA526435","SRS1915196","Mus musculus","10x chromium","Cortex, hippocampus and subventricular zone","CCACGGAAGGAGTAGA",2580,5802,87,0.014994829369183,"Unknown"
"CCACGGAAGGCGATAC","SRA526435","SRS1915196","Mus musculus","10x chromium","Cortex, hippocampus and subventricular zone","CCACGGAAGGCGATAC",2032,4066,57,0.014018691588785,"Unknown"
"CCACGGAAGGTAGCTG","SRA526435","SRS1915196","Mus musculus","10x chromium","Cortex, hippocampus and subventricular zone","CCACGGAAGGTAGCTG",1340,2250,43,0.0191111111111111,"Unknown"
"CCACGGAAGTAGCCGA","SRA526435","SRS1915196","Mus musculus","10x chromium","Cortex, hippocampus and subventricular zone","CCACGGAAGTAGCCGA",2333,4897,52,0.0106187461711252,"Unknown"
"CCACGGAAGTGTCTCA","SRA526435","SRS1915196","Mus musculus","10x chromium","Cortex, hippocampus and subventricular zone","CCACGGAAGTGTCTCA",1941,3472,47,0.013536866359447,"Unknown"
"CCACGGACAAAGTCAA","SRA526435","SRS1915196","Mus musculus","10x chromium","Cortex, hippocampus and subventricular zone","CCACGGACAAAGTCAA",2229,4405,51,0.011577752553916,"Unknown"
"CCACGGACACTTAAGC","SRA526435","SRS1915196","Mus musculus","10x chromium","Cortex, hippocampus and subventricular zone","CCACGGACACTTAAGC",2311,4649,66,0.0141966014196601,"Unknown"
"CCACGGACAGTTAACC","SRA526435","SRS1915196","Mus musculus","10x chromium","Cortex, hippocampus and subventricular zone","CCACGGACAGTTAACC",2443,5146,34,0.00660707345511077,"Unknown"
"CCACGGACATCTATGG","SRA526435","SRS1915196","Mus musculus","10x chromium","Cortex, hippocampus and subventricular zone","CCACGGACATCTATGG",1916,3844,55,0.0143080124869927,"Unknown"
"CCACGGAGTACCGAGA","SRA526435","SRS1915196","Mus musculus","10x chromium","Cortex, hippocampus and subventricular zone","CCACGGAGTACCGAGA",2019,4170,52,0.0124700239808153,"Unknown"
"CCACGGAGTAGATTAG","SRA526435","SRS1915196","Mus musculus","10x chromium","Cortex, hippocampus and subventricular zone","CCACGGAGTAGATTAG",2538,5843,82,0.0140338867020366,"Unknown"
"CCACGGAGTGGTAACG","SRA526435","SRS1915196","Mus musculus","10x chromium","Cortex, hippocampus and subventricular zone","CCACGGAGTGGTAACG",2316,4809,80,0.016635475150759,"Unknown"
"CCACGGAGTGTGTGCC","SRA526435","SRS1915196","Mus musculus","10x chromium","Cortex, hippocampus and subventricular zone","CCACGGAGTGTGTGCC",2699,6143,51,0.00830213250854631,"Unknown"
"CCACGGAGTGTTAAGA","SRA526435","SRS1915196","Mus musculus","10x chromium","Cortex, hippocampus and subventricular zone","CCACGGAGTGTTAAGA",3396,9273,136,0.0146662353068047,"Unknown"
"CCACGGATCAGCATGT","SRA526435","SRS1915196","Mus musculus","10x chromium","Cortex, hippocampus and subventricular zone","CCACGGATCAGCATGT",1066,1483,57,0.0384356035064059,"Unknown"
"CCACGGATCCTAGGGC","SRA526435","SRS1915196","Mus musculus","10x chromium","Cortex, hippocampus and subventricular zone","CCACGGATCCTAGGGC",3121,8734,138,0.0158003205862148,"Unknown"
"CCACGGATCCTCATTA","SRA526435","SRS1915196","Mus musculus","10x chromium","Cortex, hippocampus and subventricular zone","CCACGGATCCTCATTA",1606,2914,56,0.0192175703500343,"Unknown"
"CCACGGATCGGCGCAT","SRA526435","SRS1915196","Mus musculus","10x chromium","Cortex, hippocampus and subventricular zone","CCACGGATCGGCGCAT",1930,3646,60,0.0164563905650027,"Unknown"
"CCACGGATCTATCCTA","SRA526435","SRS1915196","Mus musculus","10x chromium","Cortex, hippocampus and subventricular zone","CCACGGATCTATCCTA",1432,2490,49,0.0196787148594378,"Unknown"
"CCACGGATCTCCAACC","SRA526435","SRS1915196","Mus musculus","10x chromium","Cortex, hippocampus and subventricular zone","CCACGGATCTCCAACC",2278,4776,73,0.015284757118928,"Unknown"
"CCACTACAGGCCATAG","SRA526435","SRS1915196","Mus musculus","10x chromium","Cortex, hippocampus and subventricular zone","CCACTACAGGCCATAG",2036,3849,44,0.0114315406599117,"Unknown"
"CCACTACAGTACGCCC","SRA526435","SRS1915196","Mus musculus","10x chromium","Cortex, hippocampus and subventricular zone","CCACTACAGTACGCCC",2215,5285,80,0.0151371807000946,"Unknown"
"CCACTACAGTCATCCA","SRA526435","SRS1915196","Mus musculus","10x chromium","Cortex, hippocampus and subventricular zone","CCACTACAGTCATCCA",2444,4882,56,0.011470708725932,"Unknown"
"CCACTACCAAGGTGTG","SRA526435","SRS1915196","Mus musculus","10x chromium","Cortex, hippocampus and subventricular zone","CCACTACCAAGGTGTG",2211,4749,59,0.0124236681406612,"Unknown"
"CCACTACCACCAGCAC","SRA526435","SRS1915196","Mus musculus","10x chromium","Cortex, hippocampus and subventricular zone","CCACTACCACCAGCAC",1972,3790,43,0.0113456464379947,"Unknown"
"CCACTACCACGAAACG","SRA526435","SRS1915196","Mus musculus","10x chromium","Cortex, hippocampus and subventricular zone","CCACTACCACGAAACG",1238,1855,19,0.0102425876010782,"Unknown"
"CCACTACCACGAGGTA","SRA526435","SRS1915196","Mus musculus","10x chromium","Cortex, hippocampus and subventricular zone","CCACTACCACGAGGTA",1552,2739,35,0.0127783862723622,"Unknown"
"CCACTACCACGTTGGC","SRA526435","SRS1915196","Mus musculus","10x chromium","Cortex, hippocampus and subventricular zone","CCACTACCACGTTGGC",1956,3795,56,0.0147562582345191,"Unknown"
"CCACTACCAGAAGCAC","SRA526435","SRS1915196","Mus musculus","10x chromium","Cortex, hippocampus and subventricular zone","CCACTACCAGAAGCAC",1976,3905,54,0.0138284250960307,"Unknown"
"CCACTACCAGAGCCAA","SRA526435","SRS1915196","Mus musculus","10x chromium","Cortex, hippocampus and subventricular zone","CCACTACCAGAGCCAA",2440,5282,66,0.0124952669443393,"Unknown"
"CCACTACCATGGTAGG","SRA526435","SRS1915196","Mus musculus","10x chromium","Cortex, hippocampus and subventricular zone","CCACTACCATGGTAGG",1753,3645,51,0.0139917695473251,"Unknown"
"CCACTACGTAGCTGCC","SRA526435","SRS1915196","Mus musculus","10x chromium","Cortex, hippocampus and subventricular zone","CCACTACGTAGCTGCC",1953,3461,37,0.0106905518636232,"Unknown"
"CCACTACGTCCAACTA","SRA526435","SRS1915196","Mus musculus","10x chromium","Cortex, hippocampus and subventricular zone","CCACTACGTCCAACTA",2592,5968,28,0.0046916890080429,"Unknown"
"CCACTACGTCGCGAAA","SRA526435","SRS1915196","Mus musculus","10x chromium","Cortex, hippocampus and subventricular zone","CCACTACGTCGCGAAA",1283,2112,37,0.0175189393939394,"Unknown"
"CCACTACGTTCAACCA","SRA526435","SRS1915196","Mus musculus","10x chromium","Cortex, hippocampus and subventricular zone","CCACTACGTTCAACCA",1980,3942,56,0.0142059868087265,"Unknown"
"CCACTACTCCTCCTAG","SRA526435","SRS1915196","Mus musculus","10x chromium","Cortex, hippocampus and subventricular zone","CCACTACTCCTCCTAG",1749,3123,30,0.00960614793467819,"Unknown"
"CCACTACTCCTTGCCA","SRA526435","SRS1915196","Mus musculus","10x chromium","Cortex, hippocampus and subventricular zone","CCACTACTCCTTGCCA",3401,12188,172,0.0141122415490647,"Endothelial cells"
"CCACTACTCGGCGGTT","SRA526435","SRS1915196","Mus musculus","10x chromium","Cortex, hippocampus and subventricular zone","CCACTACTCGGCGGTT",2250,4947,75,0.0151607034566404,"Unknown"
"CCACTACTCGGCTACG","SRA526435","SRS1915196","Mus musculus","10x chromium","Cortex, hippocampus and subventricular zone","CCACTACTCGGCTACG",2211,4471,70,0.0156564526951465,"Unknown"
"CCACTACTCGTTTAGG","SRA526435","SRS1915196","Mus musculus","10x chromium","Cortex, hippocampus and subventricular zone","CCACTACTCGTTTAGG",2433,5718,36,0.00629590766002099,"Unknown"
"CCAGCGAAGAACAATC","SRA526435","SRS1915196","Mus musculus","10x chromium","Cortex, hippocampus and subventricular zone","CCAGCGAAGAACAATC",238,9896,4,0.000404203718674212,"Erythroid-like and erythroid precursor cells"
"CCAGCGAAGACGCTTT","SRA526435","SRS1915196","Mus musculus","10x chromium","Cortex, hippocampus and subventricular zone","CCAGCGAAGACGCTTT",2089,4181,38,0.00908873475245157,"Unknown"
"CCAGCGAAGACTACAA","SRA526435","SRS1915196","Mus musculus","10x chromium","Cortex, hippocampus and subventricular zone","CCAGCGAAGACTACAA",2957,7682,96,0.0124967456391565,"Unknown"
"CCAGCGAAGATGGCGT","SRA526435","SRS1915196","Mus musculus","10x chromium","Cortex, hippocampus and subventricular zone","CCAGCGAAGATGGCGT",4181,13805,143,0.0103585657370518,"Unknown"
"CCAGCGAAGCGAAGGG","SRA526435","SRS1915196","Mus musculus","10x chromium","Cortex, hippocampus and subventricular zone","CCAGCGAAGCGAAGGG",1448,2601,92,0.0353710111495579,"Unknown"
"CCAGCGAAGGACAGCT","SRA526435","SRS1915196","Mus musculus","10x chromium","Cortex, hippocampus and subventricular zone","CCAGCGAAGGACAGCT",1778,3379,39,0.0115418762947618,"Unknown"
"CCAGCGAAGGACCACA","SRA526435","SRS1915196","Mus musculus","10x chromium","Cortex, hippocampus and subventricular zone","CCAGCGAAGGACCACA",2263,4400,65,0.0147727272727273,"Unknown"
"CCAGCGAAGGTACTCT","SRA526435","SRS1915196","Mus musculus","10x chromium","Cortex, hippocampus and subventricular zone","CCAGCGAAGGTACTCT",3166,8050,165,0.0204968944099379,"Unknown"
"CCAGCGAAGGTGACCA","SRA526435","SRS1915196","Mus musculus","10x chromium","Cortex, hippocampus and subventricular zone","CCAGCGAAGGTGACCA",1026,1565,67,0.0428115015974441,"Unknown"
"CCAGCGAAGTCATCCA","SRA526435","SRS1915196","Mus musculus","10x chromium","Cortex, hippocampus and subventricular zone","CCAGCGAAGTCATCCA",1947,4028,24,0.00595829195630586,"Unknown"
"CCAGCGAAGTGAACAT","SRA526435","SRS1915196","Mus musculus","10x chromium","Cortex, hippocampus and subventricular zone","CCAGCGAAGTGAACAT",1516,2678,43,0.0160567587752054,"Unknown"
"CCAGCGAAGTGACATA","SRA526435","SRS1915196","Mus musculus","10x chromium","Cortex, hippocampus and subventricular zone","CCAGCGAAGTGACATA",1454,2710,43,0.0158671586715867,"Unknown"
"CCAGCGAAGTGATCGG","SRA526435","SRS1915196","Mus musculus","10x chromium","Cortex, hippocampus and subventricular zone","CCAGCGAAGTGATCGG",6174,24155,252,0.010432622645415,"Unknown"
"CCAGCGAAGTGTCCAT","SRA526435","SRS1915196","Mus musculus","10x chromium","Cortex, hippocampus and subventricular zone","CCAGCGAAGTGTCCAT",777,1054,50,0.047438330170778,"Unknown"
"CCAGCGAAGTTAAGTG","SRA526435","SRS1915196","Mus musculus","10x chromium","Cortex, hippocampus and subventricular zone","CCAGCGAAGTTAAGTG",1666,3078,43,0.0139701104613385,"Unknown"
"CCAGCGACAAGACGTG","SRA526435","SRS1915196","Mus musculus","10x chromium","Cortex, hippocampus and subventricular zone","CCAGCGACAAGACGTG",1273,2417,20,0.00827472072817542,"Unknown"
"CCAGCGACACATTTCT","SRA526435","SRS1915196","Mus musculus","10x chromium","Cortex, hippocampus and subventricular zone","CCAGCGACACATTTCT",2445,4921,123,0.0249949197317618,"Unknown"
"CCAGCGACACGCATCG","SRA526435","SRS1915196","Mus musculus","10x chromium","Cortex, hippocampus and subventricular zone","CCAGCGACACGCATCG",4489,14452,85,0.00588153888735123,"Unknown"
"CCAGCGACAGCGTCCA","SRA526435","SRS1915196","Mus musculus","10x chromium","Cortex, hippocampus and subventricular zone","CCAGCGACAGCGTCCA",1953,4912,174,0.0354234527687296,"Microglia"
"CCAGCGACATGGGACA","SRA526435","SRS1915196","Mus musculus","10x chromium","Cortex, hippocampus and subventricular zone","CCAGCGACATGGGACA",2368,4503,57,0.0126582278481013,"Unknown"
"CCAGCGACATTAACCG","SRA526435","SRS1915196","Mus musculus","10x chromium","Cortex, hippocampus and subventricular zone","CCAGCGACATTAACCG",166,3530,5,0.00141643059490085,"Erythroid-like and erythroid precursor cells"
"CCAGCGAGTACAAGTA","SRA526435","SRS1915196","Mus musculus","10x chromium","Cortex, hippocampus and subventricular zone","CCAGCGAGTACAAGTA",1515,2663,37,0.0138941043935411,"Unknown"
"CCAGCGAGTACGACCC","SRA526435","SRS1915196","Mus musculus","10x chromium","Cortex, hippocampus and subventricular zone","CCAGCGAGTACGACCC",2069,4083,69,0.0168993387215283,"Unknown"
"CCAGCGAGTAGATTAG","SRA526435","SRS1915196","Mus musculus","10x chromium","Cortex, hippocampus and subventricular zone","CCAGCGAGTAGATTAG",1483,2661,32,0.0120255543028936,"Unknown"
"CCAGCGAGTTGGTGGA","SRA526435","SRS1915196","Mus musculus","10x chromium","Cortex, hippocampus and subventricular zone","CCAGCGAGTTGGTGGA",1662,3361,53,0.0157691163344243,"Unknown"
"CCAGCGATCAAGGTAA","SRA526435","SRS1915196","Mus musculus","10x chromium","Cortex, hippocampus and subventricular zone","CCAGCGATCAAGGTAA",2168,4609,50,0.0108483402039488,"Unknown"
"CCAGCGATCACTCTTA","SRA526435","SRS1915196","Mus musculus","10x chromium","Cortex, hippocampus and subventricular zone","CCAGCGATCACTCTTA",1715,3063,25,0.00816193274567418,"Unknown"
"CCAGCGATCCGCATCT","SRA526435","SRS1915196","Mus musculus","10x chromium","Cortex, hippocampus and subventricular zone","CCAGCGATCCGCATCT",1312,2160,56,0.0259259259259259,"Unknown"
"CCAGCGATCCGGGTGT","SRA526435","SRS1915196","Mus musculus","10x chromium","Cortex, hippocampus and subventricular zone","CCAGCGATCCGGGTGT",3994,10722,136,0.012684200708823,"Endothelial cells"
"CCATGTCAGCAAATCA","SRA526435","SRS1915196","Mus musculus","10x chromium","Cortex, hippocampus and subventricular zone","CCATGTCAGCAAATCA",893,1291,17,0.0131680867544539,"Unknown"
"CCATGTCAGCGTGAAC","SRA526435","SRS1915196","Mus musculus","10x chromium","Cortex, hippocampus and subventricular zone","CCATGTCAGCGTGAAC",1620,2937,44,0.0149812734082397,"Unknown"
"CCATGTCAGCTGCCCA","SRA526435","SRS1915196","Mus musculus","10x chromium","Cortex, hippocampus and subventricular zone","CCATGTCAGCTGCCCA",1401,2427,59,0.0243098475484137,"Unknown"
"CCATGTCAGGATTCGG","SRA526435","SRS1915196","Mus musculus","10x chromium","Cortex, hippocampus and subventricular zone","CCATGTCAGGATTCGG",1967,3910,37,0.00946291560102302,"Unknown"
"CCATGTCAGTAGCGGT","SRA526435","SRS1915196","Mus musculus","10x chromium","Cortex, hippocampus and subventricular zone","CCATGTCAGTAGCGGT",1440,2686,27,0.0100521221146687,"Unknown"
"CCATGTCCAATCCAAC","SRA526435","SRS1915196","Mus musculus","10x chromium","Cortex, hippocampus and subventricular zone","CCATGTCCAATCCAAC",2619,5810,100,0.0172117039586919,"Unknown"
"CCATGTCCACATCCGG","SRA526435","SRS1915196","Mus musculus","10x chromium","Cortex, hippocampus and subventricular zone","CCATGTCCACATCCGG",3371,8195,78,0.00951799877974375,"Unknown"
"CCATGTCCAGTGGAGT","SRA526435","SRS1915196","Mus musculus","10x chromium","Cortex, hippocampus and subventricular zone","CCATGTCCAGTGGAGT",1239,2076,29,0.0139691714836224,"Unknown"
"CCATGTCCATCCAACA","SRA526435","SRS1915196","Mus musculus","10x chromium","Cortex, hippocampus and subventricular zone","CCATGTCCATCCAACA",2736,6078,40,0.00658111220796315,"Unknown"
"CCATGTCCATTACCTT","SRA526435","SRS1915196","Mus musculus","10x chromium","Cortex, hippocampus and subventricular zone","CCATGTCCATTACCTT",1597,2858,42,0.0146955913226032,"Unknown"
"CCATGTCGTAAATGAC","SRA526435","SRS1915196","Mus musculus","10x chromium","Cortex, hippocampus and subventricular zone","CCATGTCGTAAATGAC",2948,7444,87,0.011687264911338,"Unknown"
"CCATGTCGTATTACCG","SRA526435","SRS1915196","Mus musculus","10x chromium","Cortex, hippocampus and subventricular zone","CCATGTCGTATTACCG",2426,5372,96,0.0178704393149665,"Pericytes"
"CCATGTCGTCCATGAT","SRA526435","SRS1915196","Mus musculus","10x chromium","Cortex, hippocampus and subventricular zone","CCATGTCGTCCATGAT",2334,4589,40,0.00871649596862061,"Unknown"
"CCATGTCGTGCAGACA","SRA526435","SRS1915196","Mus musculus","10x chromium","Cortex, hippocampus and subventricular zone","CCATGTCGTGCAGACA",2071,4051,33,0.00814613675635645,"Unknown"
"CCATGTCGTGTGAATA","SRA526435","SRS1915196","Mus musculus","10x chromium","Cortex, hippocampus and subventricular zone","CCATGTCGTGTGAATA",737,1166,6,0.00514579759862779,"Endothelial cells"
"CCATGTCGTTATCCGA","SRA526435","SRS1915196","Mus musculus","10x chromium","Cortex, hippocampus and subventricular zone","CCATGTCGTTATCCGA",2703,6432,62,0.00963930348258706,"Unknown"
"CCATGTCTCCGCGGTA","SRA526435","SRS1915196","Mus musculus","10x chromium","Cortex, hippocampus and subventricular zone","CCATGTCTCCGCGGTA",2175,4056,74,0.0182445759368836,"Unknown"
"CCATGTCTCGGAAACG","SRA526435","SRS1915196","Mus musculus","10x chromium","Cortex, hippocampus and subventricular zone","CCATGTCTCGGAAACG",1071,1862,47,0.0252416756176155,"Unknown"
"CCATGTCTCTAACCGA","SRA526435","SRS1915196","Mus musculus","10x chromium","Cortex, hippocampus and subventricular zone","CCATGTCTCTAACCGA",2260,4818,48,0.0099626400996264,"Unknown"
"CCATTCGAGAAGAAGC","SRA526435","SRS1915196","Mus musculus","10x chromium","Cortex, hippocampus and subventricular zone","CCATTCGAGAAGAAGC",2663,5937,90,0.0151591712986357,"Unknown"
"CCATTCGAGAGGTTGC","SRA526435","SRS1915196","Mus musculus","10x chromium","Cortex, hippocampus and subventricular zone","CCATTCGAGAGGTTGC",1646,2846,20,0.00702740688685875,"Unknown"
"CCATTCGAGCCAGTAG","SRA526435","SRS1915196","Mus musculus","10x chromium","Cortex, hippocampus and subventricular zone","CCATTCGAGCCAGTAG",3042,6875,48,0.00698181818181818,"Unknown"
"CCATTCGAGGGTTCCC","SRA526435","SRS1915196","Mus musculus","10x chromium","Cortex, hippocampus and subventricular zone","CCATTCGAGGGTTCCC",2107,4485,81,0.0180602006688963,"Pericytes"
"CCATTCGAGTACGCGA","SRA526435","SRS1915196","Mus musculus","10x chromium","Cortex, hippocampus and subventricular zone","CCATTCGAGTACGCGA",1035,1745,61,0.0349570200573066,"Unknown"
"CCATTCGAGTGTACGG","SRA526435","SRS1915196","Mus musculus","10x chromium","Cortex, hippocampus and subventricular zone","CCATTCGAGTGTACGG",2560,5841,94,0.0160931347372025,"Unknown"
"CCATTCGCACCAGGTC","SRA526435","SRS1915196","Mus musculus","10x chromium","Cortex, hippocampus and subventricular zone","CCATTCGCACCAGGTC",2446,5324,64,0.0120210368144252,"Unknown"
"CCATTCGCACGCATCG","SRA526435","SRS1915196","Mus musculus","10x chromium","Cortex, hippocampus and subventricular zone","CCATTCGCACGCATCG",2403,5122,57,0.0111284654431863,"Unknown"
"CCATTCGCACGGTAGA","SRA526435","SRS1915196","Mus musculus","10x chromium","Cortex, hippocampus and subventricular zone","CCATTCGCACGGTAGA",2007,3822,45,0.0117739403453689,"Unknown"
"CCATTCGCAGCTGTTA","SRA526435","SRS1915196","Mus musculus","10x chromium","Cortex, hippocampus and subventricular zone","CCATTCGCAGCTGTTA",1609,4340,83,0.0191244239631336,"Microglia"
"CCATTCGCATCGATGT","SRA526435","SRS1915196","Mus musculus","10x chromium","Cortex, hippocampus and subventricular zone","CCATTCGCATCGATGT",821,1255,47,0.0374501992031872,"Unknown"
"CCATTCGCATCGGAAG","SRA526435","SRS1915196","Mus musculus","10x chromium","Cortex, hippocampus and subventricular zone","CCATTCGCATCGGAAG",907,1309,47,0.0359052711993888,"Unknown"
"CCATTCGCATCTATGG","SRA526435","SRS1915196","Mus musculus","10x chromium","Cortex, hippocampus and subventricular zone","CCATTCGCATCTATGG",1356,2323,36,0.0154972018941025,"Unknown"
"CCATTCGGTCCCGACA","SRA526435","SRS1915196","Mus musculus","10x chromium","Cortex, hippocampus and subventricular zone","CCATTCGGTCCCGACA",2030,3908,57,0.0145854657113613,"Unknown"
"CCATTCGTCCCGGATG","SRA526435","SRS1915196","Mus musculus","10x chromium","Cortex, hippocampus and subventricular zone","CCATTCGTCCCGGATG",2473,5028,48,0.00954653937947494,"Unknown"
"CCATTCGTCGTCGTTC","SRA526435","SRS1915196","Mus musculus","10x chromium","Cortex, hippocampus and subventricular zone","CCATTCGTCGTCGTTC",1722,3333,48,0.0144014401440144,"Unknown"
"CCATTCGTCTCCAGGG","SRA526435","SRS1915196","Mus musculus","10x chromium","Cortex, hippocampus and subventricular zone","CCATTCGTCTCCAGGG",2508,5653,74,0.0130903944808067,"Unknown"
"CCCAATCAGAACAATC","SRA526435","SRS1915196","Mus musculus","10x chromium","Cortex, hippocampus and subventricular zone","CCCAATCAGAACAATC",2238,4970,35,0.00704225352112676,"Unknown"
"CCCAATCAGGGCTCTC","SRA526435","SRS1915196","Mus musculus","10x chromium","Cortex, hippocampus and subventricular zone","CCCAATCAGGGCTCTC",1964,3894,43,0.0110426296866975,"Unknown"
"CCCAATCAGTAGTGCG","SRA526435","SRS1915196","Mus musculus","10x chromium","Cortex, hippocampus and subventricular zone","CCCAATCAGTAGTGCG",984,1543,71,0.0460142579390797,"Unknown"
"CCCAATCAGTCCATAC","SRA526435","SRS1915196","Mus musculus","10x chromium","Cortex, hippocampus and subventricular zone","CCCAATCAGTCCATAC",830,1085,54,0.0497695852534562,"Unknown"
"CCCAATCCACGAAACG","SRA526435","SRS1915196","Mus musculus","10x chromium","Cortex, hippocampus and subventricular zone","CCCAATCCACGAAACG",2062,3969,66,0.0166288737717309,"Unknown"
"CCCAATCCACGAGAGT","SRA526435","SRS1915196","Mus musculus","10x chromium","Cortex, hippocampus and subventricular zone","CCCAATCCACGAGAGT",1865,4567,54,0.0118239544558791,"Unknown"
"CCCAATCCACTTACGA","SRA526435","SRS1915196","Mus musculus","10x chromium","Cortex, hippocampus and subventricular zone","CCCAATCCACTTACGA",3664,9395,83,0.00883448642895157,"Unknown"
"CCCAATCCATCTATGG","SRA526435","SRS1915196","Mus musculus","10x chromium","Cortex, hippocampus and subventricular zone","CCCAATCCATCTATGG",1566,2491,30,0.0120433560818948,"Unknown"
"CCCAATCCATTAACCG","SRA526435","SRS1915196","Mus musculus","10x chromium","Cortex, hippocampus and subventricular zone","CCCAATCCATTAACCG",882,1180,41,0.0347457627118644,"Unknown"
"CCCAATCGTTATCGGT","SRA526435","SRS1915196","Mus musculus","10x chromium","Cortex, hippocampus and subventricular zone","CCCAATCGTTATCGGT",2930,7208,111,0.0153995560488346,"Unknown"
"CCCAATCGTTTAGGAA","SRA526435","SRS1915196","Mus musculus","10x chromium","Cortex, hippocampus and subventricular zone","CCCAATCGTTTAGGAA",1311,2097,42,0.0200286123032904,"Unknown"
"CCCAATCTCAACACAC","SRA526435","SRS1915196","Mus musculus","10x chromium","Cortex, hippocampus and subventricular zone","CCCAATCTCAACACAC",1419,2404,33,0.0137271214642263,"Unknown"
"CCCAATCTCAGAGCTT","SRA526435","SRS1915196","Mus musculus","10x chromium","Cortex, hippocampus and subventricular zone","CCCAATCTCAGAGCTT",1397,2533,38,0.01500197394394,"Unknown"
"CCCAATCTCATTGCCC","SRA526435","SRS1915196","Mus musculus","10x chromium","Cortex, hippocampus and subventricular zone","CCCAATCTCATTGCCC",2384,4978,45,0.00903977501004419,"Unknown"
"CCCAATCTCCTCTAGC","SRA526435","SRS1915196","Mus musculus","10x chromium","Cortex, hippocampus and subventricular zone","CCCAATCTCCTCTAGC",1118,1883,29,0.015400955921402,"Unknown"
"CCCAATCTCTGCTGCT","SRA526435","SRS1915196","Mus musculus","10x chromium","Cortex, hippocampus and subventricular zone","CCCAATCTCTGCTGCT",2073,4065,42,0.0103321033210332,"Unknown"
"CCCAGTTAGAGCTATA","SRA526435","SRS1915196","Mus musculus","10x chromium","Cortex, hippocampus and subventricular zone","CCCAGTTAGAGCTATA",1786,3263,28,0.00858106037388906,"Unknown"
"CCCAGTTAGAGGTTAT","SRA526435","SRS1915196","Mus musculus","10x chromium","Cortex, hippocampus and subventricular zone","CCCAGTTAGAGGTTAT",899,1484,59,0.0397574123989218,"Unknown"
"CCCAGTTAGGCCCTTG","SRA526435","SRS1915196","Mus musculus","10x chromium","Cortex, hippocampus and subventricular zone","CCCAGTTAGGCCCTTG",1495,2406,42,0.0174563591022444,"Unknown"
"CCCAGTTAGTACGATA","SRA526435","SRS1915196","Mus musculus","10x chromium","Cortex, hippocampus and subventricular zone","CCCAGTTAGTACGATA",1799,3313,43,0.0129791729550257,"Unknown"
"CCCAGTTAGTCGTTTG","SRA526435","SRS1915196","Mus musculus","10x chromium","Cortex, hippocampus and subventricular zone","CCCAGTTAGTCGTTTG",2439,5460,58,0.0106227106227106,"Unknown"
"CCCAGTTCAACGATGG","SRA526435","SRS1915196","Mus musculus","10x chromium","Cortex, hippocampus and subventricular zone","CCCAGTTCAACGATGG",1480,2709,38,0.0140273163528977,"Unknown"
"CCCAGTTCACTTCTGC","SRA526435","SRS1915196","Mus musculus","10x chromium","Cortex, hippocampus and subventricular zone","CCCAGTTCACTTCTGC",1763,3922,111,0.0283018867924528,"Unknown"
"CCCAGTTCATCCCATC","SRA526435","SRS1915196","Mus musculus","10x chromium","Cortex, hippocampus and subventricular zone","CCCAGTTCATCCCATC",1563,2677,25,0.00933881210310048,"Unknown"
"CCCAGTTGTACAGCAG","SRA526435","SRS1915196","Mus musculus","10x chromium","Cortex, hippocampus and subventricular zone","CCCAGTTGTACAGCAG",911,1300,65,0.05,"Unknown"
"CCCAGTTGTACGCACC","SRA526435","SRS1915196","Mus musculus","10x chromium","Cortex, hippocampus and subventricular zone","CCCAGTTGTACGCACC",2199,4877,62,0.0127127332376461,"Unknown"
"CCCAGTTGTATATGGA","SRA526435","SRS1915196","Mus musculus","10x chromium","Cortex, hippocampus and subventricular zone","CCCAGTTGTATATGGA",1945,4130,69,0.0167070217917676,"Unknown"
"CCCAGTTGTCCCTACT","SRA526435","SRS1915196","Mus musculus","10x chromium","Cortex, hippocampus and subventricular zone","CCCAGTTGTCCCTACT",2821,8733,101,0.0115653269208748,"Unknown"
"CCCAGTTGTCTAAACC","SRA526435","SRS1915196","Mus musculus","10x chromium","Cortex, hippocampus and subventricular zone","CCCAGTTGTCTAAACC",1065,1838,44,0.0239390642002176,"Unknown"
"CCCAGTTGTCTCAACA","SRA526435","SRS1915196","Mus musculus","10x chromium","Cortex, hippocampus and subventricular zone","CCCAGTTGTCTCAACA",3210,7758,99,0.0127610208816705,"Unknown"
"CCCAGTTGTCTCTTTA","SRA526435","SRS1915196","Mus musculus","10x chromium","Cortex, hippocampus and subventricular zone","CCCAGTTGTCTCTTTA",2130,4379,35,0.00799269239552409,"Unknown"
"CCCAGTTTCAACGAAA","SRA526435","SRS1915196","Mus musculus","10x chromium","Cortex, hippocampus and subventricular zone","CCCAGTTTCAACGAAA",2411,5633,68,0.0120717202201314,"Unknown"
"CCCAGTTTCATAACCG","SRA526435","SRS1915196","Mus musculus","10x chromium","Cortex, hippocampus and subventricular zone","CCCAGTTTCATAACCG",1801,3590,50,0.0139275766016713,"Unknown"
"CCCAGTTTCCGTTGCT","SRA526435","SRS1915196","Mus musculus","10x chromium","Cortex, hippocampus and subventricular zone","CCCAGTTTCCGTTGCT",2607,5541,89,0.0160620826565602,"Cajal-Retzius cells"
"CCCAGTTTCGACGGAA","SRA526435","SRS1915196","Mus musculus","10x chromium","Cortex, hippocampus and subventricular zone","CCCAGTTTCGACGGAA",1052,1489,52,0.0349227669576897,"Unknown"
"CCCAGTTTCGGAGCAA","SRA526435","SRS1915196","Mus musculus","10x chromium","Cortex, hippocampus and subventricular zone","CCCAGTTTCGGAGCAA",3152,7838,66,0.00842051543761164,"Unknown"
"CCCAGTTTCGGCTACG","SRA526435","SRS1915196","Mus musculus","10x chromium","Cortex, hippocampus and subventricular zone","CCCAGTTTCGGCTACG",1686,3424,39,0.0113901869158878,"Unknown"
"CCCAGTTTCTCTAGGA","SRA526435","SRS1915196","Mus musculus","10x chromium","Cortex, hippocampus and subventricular zone","CCCAGTTTCTCTAGGA",2229,5205,102,0.0195965417867435,"Unknown"
"CCCATACAGCCGGTAA","SRA526435","SRS1915196","Mus musculus","10x chromium","Cortex, hippocampus and subventricular zone","CCCATACAGCCGGTAA",718,1159,187,0.161345987920621,"Cajal-Retzius cells"
"CCCATACAGCGATAGC","SRA526435","SRS1915196","Mus musculus","10x chromium","Cortex, hippocampus and subventricular zone","CCCATACAGCGATAGC",1611,3075,59,0.0191869918699187,"Endothelial cells"
"CCCATACAGCGTGTCC","SRA526435","SRS1915196","Mus musculus","10x chromium","Cortex, hippocampus and subventricular zone","CCCATACAGCGTGTCC",2018,4263,56,0.013136288998358,"Unknown"
"CCCATACAGCTGCCCA","SRA526435","SRS1915196","Mus musculus","10x chromium","Cortex, hippocampus and subventricular zone","CCCATACAGCTGCCCA",2128,4714,50,0.0106067034365719,"Unknown"
"CCCATACAGGCATTGG","SRA526435","SRS1915196","Mus musculus","10x chromium","Cortex, hippocampus and subventricular zone","CCCATACAGGCATTGG",90,2537,5,0.00197083169097359,"Erythroid-like and erythroid precursor cells"
"CCCATACAGTGCGTGA","SRA526435","SRS1915196","Mus musculus","10x chromium","Cortex, hippocampus and subventricular zone","CCCATACAGTGCGTGA",2759,6195,39,0.0062953995157385,"Unknown"
"CCCATACCAAAGTCAA","SRA526435","SRS1915196","Mus musculus","10x chromium","Cortex, hippocampus and subventricular zone","CCCATACCAAAGTCAA",2882,6710,77,0.0114754098360656,"Unknown"
"CCCATACCATCCGCGA","SRA526435","SRS1915196","Mus musculus","10x chromium","Cortex, hippocampus and subventricular zone","CCCATACCATCCGCGA",2325,5582,56,0.0100322465066284,"Unknown"
"CCCATACCATGTCGAT","SRA526435","SRS1915196","Mus musculus","10x chromium","Cortex, hippocampus and subventricular zone","CCCATACCATGTCGAT",3213,8568,77,0.00898692810457516,"Unknown"
"CCCATACGTACACCGC","SRA526435","SRS1915196","Mus musculus","10x chromium","Cortex, hippocampus and subventricular zone","CCCATACGTACACCGC",1658,3268,38,0.0116279069767442,"Unknown"
"CCCATACGTCTAGGTT","SRA526435","SRS1915196","Mus musculus","10x chromium","Cortex, hippocampus and subventricular zone","CCCATACGTCTAGGTT",2380,5169,66,0.0127684271619269,"Unknown"
"CCCATACGTGTTTGGT","SRA526435","SRS1915196","Mus musculus","10x chromium","Cortex, hippocampus and subventricular zone","CCCATACGTGTTTGGT",1738,3838,111,0.02892131318395,"Unknown"
"CCCATACGTTCGAATC","SRA526435","SRS1915196","Mus musculus","10x chromium","Cortex, hippocampus and subventricular zone","CCCATACGTTCGAATC",2514,6756,62,0.00917702782711664,"Unknown"
"CCCATACGTTGTGGAG","SRA526435","SRS1915196","Mus musculus","10x chromium","Cortex, hippocampus and subventricular zone","CCCATACGTTGTGGAG",2138,4871,72,0.0147813590638473,"Unknown"
"CCCATACTCCATGAAC","SRA526435","SRS1915196","Mus musculus","10x chromium","Cortex, hippocampus and subventricular zone","CCCATACTCCATGAAC",2717,6513,87,0.0133578995854445,"Unknown"
"CCCATACTCCATGCTC","SRA526435","SRS1915196","Mus musculus","10x chromium","Cortex, hippocampus and subventricular zone","CCCATACTCCATGCTC",2622,6292,86,0.0136681500317864,"Unknown"
"CCCATACTCCGCATAA","SRA526435","SRS1915196","Mus musculus","10x chromium","Cortex, hippocampus and subventricular zone","CCCATACTCCGCATAA",2087,4429,51,0.0115150146759991,"Unknown"
"CCCATACTCGCATGGC","SRA526435","SRS1915196","Mus musculus","10x chromium","Cortex, hippocampus and subventricular zone","CCCATACTCGCATGGC",3025,7324,69,0.00942108137629711,"Unknown"
"CCCATACTCGGAGGTA","SRA526435","SRS1915196","Mus musculus","10x chromium","Cortex, hippocampus and subventricular zone","CCCATACTCGGAGGTA",3059,7467,110,0.0147314852015535,"Unknown"
"CCCATACTCTGTCCGT","SRA526435","SRS1915196","Mus musculus","10x chromium","Cortex, hippocampus and subventricular zone","CCCATACTCTGTCCGT",139,1179,0,0,"Erythroid-like and erythroid precursor cells"
"CCCATACTCTTACCTA","SRA526435","SRS1915196","Mus musculus","10x chromium","Cortex, hippocampus and subventricular zone","CCCATACTCTTACCTA",2727,6856,114,0.0166277712952159,"Unknown"
"CCCTCCTAGAAGCCCA","SRA526435","SRS1915196","Mus musculus","10x chromium","Cortex, hippocampus and subventricular zone","CCCTCCTAGAAGCCCA",1580,2882,47,0.0163081193615545,"Unknown"
"CCCTCCTAGCCCAACC","SRA526435","SRS1915196","Mus musculus","10x chromium","Cortex, hippocampus and subventricular zone","CCCTCCTAGCCCAACC",4291,13044,87,0.00666973321067157,"Unknown"
"CCCTCCTAGGCTCTTA","SRA526435","SRS1915196","Mus musculus","10x chromium","Cortex, hippocampus and subventricular zone","CCCTCCTAGGCTCTTA",2916,7157,129,0.0180243118625122,"Unknown"
"CCCTCCTAGTATTGGA","SRA526435","SRS1915196","Mus musculus","10x chromium","Cortex, hippocampus and subventricular zone","CCCTCCTAGTATTGGA",1887,3642,41,0.0112575507962658,"Unknown"
"CCCTCCTAGTCTTGCA","SRA526435","SRS1915196","Mus musculus","10x chromium","Cortex, hippocampus and subventricular zone","CCCTCCTAGTCTTGCA",1834,3520,36,0.0102272727272727,"Unknown"
"CCCTCCTCAGCATACT","SRA526435","SRS1915196","Mus musculus","10x chromium","Cortex, hippocampus and subventricular zone","CCCTCCTCAGCATACT",79,1346,2,0.00148588410104012,"Erythroid-like and erythroid precursor cells"
"CCCTCCTCATTTCAGG","SRA526435","SRS1915196","Mus musculus","10x chromium","Cortex, hippocampus and subventricular zone","CCCTCCTCATTTCAGG",2441,5148,56,0.0108780108780109,"Unknown"
"CCCTCCTGTAATAGCA","SRA526435","SRS1915196","Mus musculus","10x chromium","Cortex, hippocampus and subventricular zone","CCCTCCTGTAATAGCA",214,12063,6,0.000497388709276299,"Erythroid-like and erythroid precursor cells"
"CCCTCCTGTCCGAACC","SRA526435","SRS1915196","Mus musculus","10x chromium","Cortex, hippocampus and subventricular zone","CCCTCCTGTCCGAACC",2142,3594,31,0.00862548692264886,"Oligodendrocyte progenitor cells"
"CCCTCCTGTCGTCTTC","SRA526435","SRS1915196","Mus musculus","10x chromium","Cortex, hippocampus and subventricular zone","CCCTCCTGTCGTCTTC",2376,5855,66,0.0112724167378309,"Unknown"
"CCCTCCTGTCTAGCGC","SRA526435","SRS1915196","Mus musculus","10x chromium","Cortex, hippocampus and subventricular zone","CCCTCCTGTCTAGCGC",768,1031,48,0.046556741028128,"Unknown"
"CCCTCCTGTCTAGGTT","SRA526435","SRS1915196","Mus musculus","10x chromium","Cortex, hippocampus and subventricular zone","CCCTCCTGTCTAGGTT",1416,2398,37,0.0154295246038365,"Unknown"
"CCCTCCTGTGAGTGAC","SRA526435","SRS1915196","Mus musculus","10x chromium","Cortex, hippocampus and subventricular zone","CCCTCCTGTGAGTGAC",2528,5312,46,0.00865963855421687,"Unknown"
"CCCTCCTGTGCACTTA","SRA526435","SRS1915196","Mus musculus","10x chromium","Cortex, hippocampus and subventricular zone","CCCTCCTGTGCACTTA",1480,2398,51,0.0212677231025855,"Unknown"
"CCCTCCTGTTCGTCTC","SRA526435","SRS1915196","Mus musculus","10x chromium","Cortex, hippocampus and subventricular zone","CCCTCCTGTTCGTCTC",2264,4715,90,0.0190880169671262,"Unknown"
"CCCTCCTTCAGCTTAG","SRA526435","SRS1915196","Mus musculus","10x chromium","Cortex, hippocampus and subventricular zone","CCCTCCTTCAGCTTAG",756,1027,61,0.059396299902629,"Unknown"
"CCCTCCTTCATAGCAC","SRA526435","SRS1915196","Mus musculus","10x chromium","Cortex, hippocampus and subventricular zone","CCCTCCTTCATAGCAC",1444,2549,30,0.0117693213024716,"Unknown"
"CCCTCCTTCGTAGGTT","SRA526435","SRS1915196","Mus musculus","10x chromium","Cortex, hippocampus and subventricular zone","CCCTCCTTCGTAGGTT",2962,7818,117,0.0149654643131236,"Unknown"
"CCCTCCTTCTTACCTA","SRA526435","SRS1915196","Mus musculus","10x chromium","Cortex, hippocampus and subventricular zone","CCCTCCTTCTTACCTA",2126,4077,39,0.00956585724797645,"Unknown"
"CCCTCCTTCTTCAACT","SRA526435","SRS1915196","Mus musculus","10x chromium","Cortex, hippocampus and subventricular zone","CCCTCCTTCTTCAACT",3800,9652,72,0.00745959386655615,"Unknown"
"CCGGGATAGAAGATTC","SRA526435","SRS1915196","Mus musculus","10x chromium","Cortex, hippocampus and subventricular zone","CCGGGATAGAAGATTC",966,1401,43,0.0306923625981442,"Unknown"
"CCGGGATAGATGTAAC","SRA526435","SRS1915196","Mus musculus","10x chromium","Cortex, hippocampus and subventricular zone","CCGGGATAGATGTAAC",1250,1917,36,0.0187793427230047,"Unknown"
"CCGGGATAGCCACGCT","SRA526435","SRS1915196","Mus musculus","10x chromium","Cortex, hippocampus and subventricular zone","CCGGGATAGCCACGCT",1789,3301,59,0.0178733717055438,"Unknown"
"CCGGGATAGCCAGGAT","SRA526435","SRS1915196","Mus musculus","10x chromium","Cortex, hippocampus and subventricular zone","CCGGGATAGCCAGGAT",1911,3343,24,0.00717918037690697,"Unknown"
"CCGGGATAGCGATTCT","SRA526435","SRS1915196","Mus musculus","10x chromium","Cortex, hippocampus and subventricular zone","CCGGGATAGCGATTCT",1242,2025,12,0.00592592592592593,"Unknown"
"CCGGGATAGCTAACAA","SRA526435","SRS1915196","Mus musculus","10x chromium","Cortex, hippocampus and subventricular zone","CCGGGATAGCTAACAA",2038,4136,87,0.0210348162475822,"Pericytes"
"CCGGGATAGCTATGCT","SRA526435","SRS1915196","Mus musculus","10x chromium","Cortex, hippocampus and subventricular zone","CCGGGATAGCTATGCT",1910,3627,51,0.0140612076095947,"Unknown"
"CCGGGATAGTACGCGA","SRA526435","SRS1915196","Mus musculus","10x chromium","Cortex, hippocampus and subventricular zone","CCGGGATAGTACGCGA",3065,7775,75,0.00964630225080386,"Unknown"
"CCGGGATAGTCTCAAC","SRA526435","SRS1915196","Mus musculus","10x chromium","Cortex, hippocampus and subventricular zone","CCGGGATAGTCTCAAC",2306,4660,34,0.00729613733905579,"Unknown"
"CCGGGATAGTTATCGC","SRA526435","SRS1915196","Mus musculus","10x chromium","Cortex, hippocampus and subventricular zone","CCGGGATAGTTATCGC",2095,4349,64,0.0147160266727983,"Unknown"
"CCGGGATCACTACAGT","SRA526435","SRS1915196","Mus musculus","10x chromium","Cortex, hippocampus and subventricular zone","CCGGGATCACTACAGT",1566,2889,34,0.0117687781239183,"Unknown"
"CCGGGATCAGATTGCT","SRA526435","SRS1915196","Mus musculus","10x chromium","Cortex, hippocampus and subventricular zone","CCGGGATCAGATTGCT",3940,11627,124,0.0106648318568848,"Unknown"
"CCGGGATCAGCTGTTA","SRA526435","SRS1915196","Mus musculus","10x chromium","Cortex, hippocampus and subventricular zone","CCGGGATCAGCTGTTA",2171,4321,57,0.0131913908817403,"Unknown"
"CCGGGATGTACAGCAG","SRA526435","SRS1915196","Mus musculus","10x chromium","Cortex, hippocampus and subventricular zone","CCGGGATGTACAGCAG",3130,8667,101,0.0116533979462328,"Unknown"
"CCGGGATGTATCAGTC","SRA526435","SRS1915196","Mus musculus","10x chromium","Cortex, hippocampus and subventricular zone","CCGGGATGTATCAGTC",1342,2134,50,0.0234301780693533,"Unknown"
"CCGGGATGTGACCAAG","SRA526435","SRS1915196","Mus musculus","10x chromium","Cortex, hippocampus and subventricular zone","CCGGGATGTGACCAAG",3096,7331,109,0.0148683672077479,"Unknown"
"CCGGGATGTGATGATA","SRA526435","SRS1915196","Mus musculus","10x chromium","Cortex, hippocampus and subventricular zone","CCGGGATGTGATGATA",1544,2931,52,0.017741385192767,"Unknown"
"CCGGGATGTGGGTATG","SRA526435","SRS1915196","Mus musculus","10x chromium","Cortex, hippocampus and subventricular zone","CCGGGATGTGGGTATG",3533,9618,108,0.0112289457267623,"Unknown"
"CCGGGATGTTAGATGA","SRA526435","SRS1915196","Mus musculus","10x chromium","Cortex, hippocampus and subventricular zone","CCGGGATGTTAGATGA",50,2240,0,0,"Erythroid-like and erythroid precursor cells"
"CCGGGATGTTCCCTTG","SRA526435","SRS1915196","Mus musculus","10x chromium","Cortex, hippocampus and subventricular zone","CCGGGATGTTCCCTTG",2955,7344,60,0.00816993464052288,"Unknown"
"CCGGGATGTTCGTCTC","SRA526435","SRS1915196","Mus musculus","10x chromium","Cortex, hippocampus and subventricular zone","CCGGGATGTTCGTCTC",2453,5116,61,0.0119233776387803,"Unknown"
"CCGGGATTCCAGGGCT","SRA526435","SRS1915196","Mus musculus","10x chromium","Cortex, hippocampus and subventricular zone","CCGGGATTCCAGGGCT",2615,6026,58,0.00962495851310986,"Unknown"
"CCGGGATTCGCCAGCA","SRA526435","SRS1915196","Mus musculus","10x chromium","Cortex, hippocampus and subventricular zone","CCGGGATTCGCCAGCA",2348,5526,71,0.0128483532392327,"Unknown"
"CCGGGATTCTAAGCCA","SRA526435","SRS1915196","Mus musculus","10x chromium","Cortex, hippocampus and subventricular zone","CCGGGATTCTAAGCCA",2403,5128,50,0.00975039001560062,"Unknown"
"CCGGGATTCTCTGAGA","SRA526435","SRS1915196","Mus musculus","10x chromium","Cortex, hippocampus and subventricular zone","CCGGGATTCTCTGAGA",2431,5761,73,0.012671411213331,"Unknown"
"CCGGGATTCTGGGCCA","SRA526435","SRS1915196","Mus musculus","10x chromium","Cortex, hippocampus and subventricular zone","CCGGGATTCTGGGCCA",1144,1957,36,0.0183955033214103,"Unknown"
"CCGGTAGAGATATGCA","SRA526435","SRS1915196","Mus musculus","10x chromium","Cortex, hippocampus and subventricular zone","CCGGTAGAGATATGCA",2633,6033,79,0.0130946461130449,"Unknown"
"CCGGTAGAGCTCCTCT","SRA526435","SRS1915196","Mus musculus","10x chromium","Cortex, hippocampus and subventricular zone","CCGGTAGAGCTCCTCT",2597,5727,104,0.0181595949013445,"Unknown"
"CCGGTAGAGGAGTTTA","SRA526435","SRS1915196","Mus musculus","10x chromium","Cortex, hippocampus and subventricular zone","CCGGTAGAGGAGTTTA",1965,3749,33,0.00880234729261136,"Unknown"
"CCGGTAGCAATGGAAT","SRA526435","SRS1915196","Mus musculus","10x chromium","Cortex, hippocampus and subventricular zone","CCGGTAGCAATGGAAT",3388,9188,116,0.0126251632564214,"Unknown"
"CCGGTAGCACGGCTAC","SRA526435","SRS1915196","Mus musculus","10x chromium","Cortex, hippocampus and subventricular zone","CCGGTAGCACGGCTAC",2574,5961,69,0.01157523905385,"Unknown"
"CCGGTAGCAGATGAGC","SRA526435","SRS1915196","Mus musculus","10x chromium","Cortex, hippocampus and subventricular zone","CCGGTAGCAGATGAGC",1517,3048,33,0.0108267716535433,"Unknown"
"CCGGTAGCAGGAATGC","SRA526435","SRS1915196","Mus musculus","10x chromium","Cortex, hippocampus and subventricular zone","CCGGTAGCAGGAATGC",1174,1792,47,0.0262276785714286,"Unknown"
"CCGGTAGCAGTGACAG","SRA526435","SRS1915196","Mus musculus","10x chromium","Cortex, hippocampus and subventricular zone","CCGGTAGCAGTGACAG",1740,3191,29,0.00908806016922595,"Unknown"
"CCGGTAGCATTCACTT","SRA526435","SRS1915196","Mus musculus","10x chromium","Cortex, hippocampus and subventricular zone","CCGGTAGCATTCACTT",1941,3816,61,0.0159853249475891,"Unknown"
"CCGGTAGCATTGCGGC","SRA526435","SRS1915196","Mus musculus","10x chromium","Cortex, hippocampus and subventricular zone","CCGGTAGCATTGCGGC",1844,3904,89,0.022797131147541,"Unknown"
"CCGGTAGGTCAATACC","SRA526435","SRS1915196","Mus musculus","10x chromium","Cortex, hippocampus and subventricular zone","CCGGTAGGTCAATACC",2222,4363,65,0.0148980059592024,"Unknown"
"CCGGTAGGTCCGCTGA","SRA526435","SRS1915196","Mus musculus","10x chromium","Cortex, hippocampus and subventricular zone","CCGGTAGGTCCGCTGA",2808,5887,50,0.00849329030066248,"Unknown"
"CCGGTAGGTCCGTTAA","SRA526435","SRS1915196","Mus musculus","10x chromium","Cortex, hippocampus and subventricular zone","CCGGTAGGTCCGTTAA",1610,3239,130,0.0401358443964186,"Unknown"
"CCGGTAGGTCTTCTCG","SRA526435","SRS1915196","Mus musculus","10x chromium","Cortex, hippocampus and subventricular zone","CCGGTAGGTCTTCTCG",2519,5930,102,0.0172006745362563,"Unknown"
"CCGGTAGGTGACTCAT","SRA526435","SRS1915196","Mus musculus","10x chromium","Cortex, hippocampus and subventricular zone","CCGGTAGGTGACTCAT",2304,5373,45,0.00837520938023451,"Unknown"
"CCGGTAGGTGAGGGAG","SRA526435","SRS1915196","Mus musculus","10x chromium","Cortex, hippocampus and subventricular zone","CCGGTAGGTGAGGGAG",2243,4542,66,0.0145310435931308,"Unknown"
"CCGGTAGGTGGGTATG","SRA526435","SRS1915196","Mus musculus","10x chromium","Cortex, hippocampus and subventricular zone","CCGGTAGGTGGGTATG",2048,4318,98,0.0226956924502084,"Unknown"
"CCGGTAGGTTAGATGA","SRA526435","SRS1915196","Mus musculus","10x chromium","Cortex, hippocampus and subventricular zone","CCGGTAGGTTAGATGA",1015,1526,32,0.0209698558322412,"Unknown"
"CCGGTAGGTTGGGACA","SRA526435","SRS1915196","Mus musculus","10x chromium","Cortex, hippocampus and subventricular zone","CCGGTAGGTTGGGACA",87,1495,6,0.0040133779264214,"Erythroid-like and erythroid precursor cells"
"CCGGTAGGTTTACTCT","SRA526435","SRS1915196","Mus musculus","10x chromium","Cortex, hippocampus and subventricular zone","CCGGTAGGTTTACTCT",2435,5062,54,0.0106677202686685,"Unknown"
"CCGGTAGTCGCAGGCT","SRA526435","SRS1915196","Mus musculus","10x chromium","Cortex, hippocampus and subventricular zone","CCGGTAGTCGCAGGCT",2294,5030,31,0.00616302186878728,"Unknown"
"CCGTACTAGAGACGAA","SRA526435","SRS1915196","Mus musculus","10x chromium","Cortex, hippocampus and subventricular zone","CCGTACTAGAGACGAA",2937,6421,32,0.00498364740694596,"Cajal-Retzius cells"
"CCGTACTAGAGACTAT","SRA526435","SRS1915196","Mus musculus","10x chromium","Cortex, hippocampus and subventricular zone","CCGTACTAGAGACTAT",2539,5785,77,0.0133102852203976,"Unknown"
"CCGTACTAGAGTTGGC","SRA526435","SRS1915196","Mus musculus","10x chromium","Cortex, hippocampus and subventricular zone","CCGTACTAGAGTTGGC",2132,5184,48,0.00925925925925926,"Unknown"
"CCGTACTAGTACGACG","SRA526435","SRS1915196","Mus musculus","10x chromium","Cortex, hippocampus and subventricular zone","CCGTACTAGTACGACG",1787,3416,88,0.0257611241217799,"Unknown"
"CCGTACTCAAGGGTCA","SRA526435","SRS1915196","Mus musculus","10x chromium","Cortex, hippocampus and subventricular zone","CCGTACTCAAGGGTCA",1896,3331,58,0.0174121885319724,"Unknown"
"CCGTACTCAATGAAAC","SRA526435","SRS1915196","Mus musculus","10x chromium","Cortex, hippocampus and subventricular zone","CCGTACTCAATGAAAC",2030,4149,79,0.0190407327066763,"Unknown"
"CCGTACTCACCTTGTC","SRA526435","SRS1915196","Mus musculus","10x chromium","Cortex, hippocampus and subventricular zone","CCGTACTCACCTTGTC",2204,4670,44,0.00942184154175589,"Unknown"
"CCGTACTCACTGAAGG","SRA526435","SRS1915196","Mus musculus","10x chromium","Cortex, hippocampus and subventricular zone","CCGTACTCACTGAAGG",2409,5305,63,0.011875589066918,"Unknown"
"CCGTACTCACTTAACG","SRA526435","SRS1915196","Mus musculus","10x chromium","Cortex, hippocampus and subventricular zone","CCGTACTCACTTAACG",1870,3418,33,0.00965476887068461,"Unknown"
"CCGTACTCAGGTTTCA","SRA526435","SRS1915196","Mus musculus","10x chromium","Cortex, hippocampus and subventricular zone","CCGTACTCAGGTTTCA",2102,4137,51,0.0123277737490935,"Unknown"
"CCGTACTCAGTTCATG","SRA526435","SRS1915196","Mus musculus","10x chromium","Cortex, hippocampus and subventricular zone","CCGTACTCAGTTCATG",1836,3224,32,0.00992555831265509,"Unknown"
"CCGTACTCATCCCATC","SRA526435","SRS1915196","Mus musculus","10x chromium","Cortex, hippocampus and subventricular zone","CCGTACTCATCCCATC",1932,3798,67,0.0176408636124276,"Unknown"
"CCGTACTGTAGATTAG","SRA526435","SRS1915196","Mus musculus","10x chromium","Cortex, hippocampus and subventricular zone","CCGTACTGTAGATTAG",2468,5644,53,0.0093905031892275,"Unknown"
"CCGTACTGTAGCAAAT","SRA526435","SRS1915196","Mus musculus","10x chromium","Cortex, hippocampus and subventricular zone","CCGTACTGTAGCAAAT",3200,7705,55,0.00713822193380921,"Unknown"
"CCGTACTGTGCCTGCA","SRA526435","SRS1915196","Mus musculus","10x chromium","Cortex, hippocampus and subventricular zone","CCGTACTGTGCCTGCA",2210,4642,52,0.011202068074106,"Unknown"
"CCGTACTTCATAAAGG","SRA526435","SRS1915196","Mus musculus","10x chromium","Cortex, hippocampus and subventricular zone","CCGTACTTCATAAAGG",2049,4103,27,0.00658055081647575,"Unknown"
"CCGTACTTCCCTAACC","SRA526435","SRS1915196","Mus musculus","10x chromium","Cortex, hippocampus and subventricular zone","CCGTACTTCCCTAACC",5081,16875,237,0.0140444444444444,"Unknown"
"CCGTACTTCGTAGGTT","SRA526435","SRS1915196","Mus musculus","10x chromium","Cortex, hippocampus and subventricular zone","CCGTACTTCGTAGGTT",2488,5842,47,0.00804519000342348,"Unknown"
"CCGTACTTCTGAGTGT","SRA526435","SRS1915196","Mus musculus","10x chromium","Cortex, hippocampus and subventricular zone","CCGTACTTCTGAGTGT",2473,5153,66,0.0128080729672036,"Unknown"
"CCGTGGAAGACAATAC","SRA526435","SRS1915196","Mus musculus","10x chromium","Cortex, hippocampus and subventricular zone","CCGTGGAAGACAATAC",2004,4071,40,0.0098255956767379,"Pericytes"
"CCGTGGAAGACCTTTG","SRA526435","SRS1915196","Mus musculus","10x chromium","Cortex, hippocampus and subventricular zone","CCGTGGAAGACCTTTG",1534,2725,42,0.0154128440366972,"Unknown"
"CCGTGGAAGAGTCGGT","SRA526435","SRS1915196","Mus musculus","10x chromium","Cortex, hippocampus and subventricular zone","CCGTGGAAGAGTCGGT",1842,4628,76,0.0164217804667243,"Unknown"
"CCGTGGAAGCTCCCAG","SRA526435","SRS1915196","Mus musculus","10x chromium","Cortex, hippocampus and subventricular zone","CCGTGGAAGCTCCCAG",2163,4859,50,0.0102901831652603,"Unknown"
"CCGTGGAAGGGTATCG","SRA526435","SRS1915196","Mus musculus","10x chromium","Cortex, hippocampus and subventricular zone","CCGTGGAAGGGTATCG",2071,4122,39,0.00946142649199418,"Unknown"
"CCGTGGAAGGTACTCT","SRA526435","SRS1915196","Mus musculus","10x chromium","Cortex, hippocampus and subventricular zone","CCGTGGAAGGTACTCT",2494,5844,56,0.00958247775496235,"Unknown"
"CCGTGGACACCACCAG","SRA526435","SRS1915196","Mus musculus","10x chromium","Cortex, hippocampus and subventricular zone","CCGTGGACACCACCAG",3300,8993,61,0.0067830534860447,"Unknown"
"CCGTGGACAGGCGATA","SRA526435","SRS1915196","Mus musculus","10x chromium","Cortex, hippocampus and subventricular zone","CCGTGGACAGGCGATA",986,1448,68,0.0469613259668508,"Unknown"
"CCGTGGACATCTACGA","SRA526435","SRS1915196","Mus musculus","10x chromium","Cortex, hippocampus and subventricular zone","CCGTGGACATCTACGA",1291,2064,54,0.0261627906976744,"Unknown"
"CCGTGGACATTAGCCA","SRA526435","SRS1915196","Mus musculus","10x chromium","Cortex, hippocampus and subventricular zone","CCGTGGACATTAGCCA",1226,1854,17,0.00916936353829558,"Unknown"
"CCGTGGACATTGCGGC","SRA526435","SRS1915196","Mus musculus","10x chromium","Cortex, hippocampus and subventricular zone","CCGTGGACATTGCGGC",1550,2978,33,0.0110812625923439,"Unknown"
"CCGTGGAGTACCGTAT","SRA526435","SRS1915196","Mus musculus","10x chromium","Cortex, hippocampus and subventricular zone","CCGTGGAGTACCGTAT",2312,4288,75,0.017490671641791,"Unknown"
"CCGTGGAGTACTCTCC","SRA526435","SRS1915196","Mus musculus","10x chromium","Cortex, hippocampus and subventricular zone","CCGTGGAGTACTCTCC",1983,3813,37,0.00970364542355101,"Unknown"
"CCGTGGAGTATCAGTC","SRA526435","SRS1915196","Mus musculus","10x chromium","Cortex, hippocampus and subventricular zone","CCGTGGAGTATCAGTC",1042,1571,76,0.0483768300445576,"Cajal-Retzius cells"
"CCGTGGAGTCTGATCA","SRA526435","SRS1915196","Mus musculus","10x chromium","Cortex, hippocampus and subventricular zone","CCGTGGAGTCTGATCA",1033,1518,70,0.0461133069828722,"Unknown"
"CCGTGGAGTTCAGCGC","SRA526435","SRS1915196","Mus musculus","10x chromium","Cortex, hippocampus and subventricular zone","CCGTGGAGTTCAGCGC",1660,3401,61,0.0179359012055278,"Unknown"
"CCGTGGAGTTGCCTCT","SRA526435","SRS1915196","Mus musculus","10x chromium","Cortex, hippocampus and subventricular zone","CCGTGGAGTTGCCTCT",1672,3256,66,0.0202702702702703,"Unknown"
"CCGTGGAGTTTAGCTG","SRA526435","SRS1915196","Mus musculus","10x chromium","Cortex, hippocampus and subventricular zone","CCGTGGAGTTTAGCTG",3228,8707,52,0.00597220627081658,"Unknown"
"CCGTGGATCACAAACC","SRA526435","SRS1915196","Mus musculus","10x chromium","Cortex, hippocampus and subventricular zone","CCGTGGATCACAAACC",2632,5955,94,0.0157850545759866,"Unknown"
"CCGTGGATCCTTTACA","SRA526435","SRS1915196","Mus musculus","10x chromium","Cortex, hippocampus and subventricular zone","CCGTGGATCCTTTACA",101,2772,6,0.00216450216450216,"Erythroid-like and erythroid precursor cells"
"CCGTTCAAGACTAGAT","SRA526435","SRS1915196","Mus musculus","10x chromium","Cortex, hippocampus and subventricular zone","CCGTTCAAGACTAGAT",2683,6439,68,0.0105606460630533,"Unknown"
"CCGTTCAAGCAATCTC","SRA526435","SRS1915196","Mus musculus","10x chromium","Cortex, hippocampus and subventricular zone","CCGTTCAAGCAATCTC",3455,8297,133,0.0160298903218031,"Unknown"
"CCGTTCAAGCGTGTCC","SRA526435","SRS1915196","Mus musculus","10x chromium","Cortex, hippocampus and subventricular zone","CCGTTCAAGCGTGTCC",1964,3752,57,0.0151918976545842,"Unknown"
"CCGTTCAAGGACATTA","SRA526435","SRS1915196","Mus musculus","10x chromium","Cortex, hippocampus and subventricular zone","CCGTTCAAGGACATTA",2793,5909,31,0.00524623455745473,"Unknown"
"CCGTTCAAGGCCGAAT","SRA526435","SRS1915196","Mus musculus","10x chromium","Cortex, hippocampus and subventricular zone","CCGTTCAAGGCCGAAT",842,1185,58,0.0489451476793249,"Unknown"
"CCGTTCAAGGCTCATT","SRA526435","SRS1915196","Mus musculus","10x chromium","Cortex, hippocampus and subventricular zone","CCGTTCAAGGCTCATT",1930,3367,68,0.0201960201960202,"Unknown"
"CCGTTCAAGTCTCCTC","SRA526435","SRS1915196","Mus musculus","10x chromium","Cortex, hippocampus and subventricular zone","CCGTTCAAGTCTCCTC",3044,7702,106,0.0137626590495975,"Unknown"
"CCGTTCACAAGCCATT","SRA526435","SRS1915196","Mus musculus","10x chromium","Cortex, hippocampus and subventricular zone","CCGTTCACAAGCCATT",1992,3823,55,0.014386607376406,"Unknown"
"CCGTTCACAAGCGCTC","SRA526435","SRS1915196","Mus musculus","10x chromium","Cortex, hippocampus and subventricular zone","CCGTTCACAAGCGCTC",2144,4397,46,0.0104616784171026,"Unknown"
"CCGTTCACAAGGACAC","SRA526435","SRS1915196","Mus musculus","10x chromium","Cortex, hippocampus and subventricular zone","CCGTTCACAAGGACAC",1658,3178,62,0.0195091252359975,"Unknown"
"CCGTTCACACCTCGGA","SRA526435","SRS1915196","Mus musculus","10x chromium","Cortex, hippocampus and subventricular zone","CCGTTCACACCTCGGA",2336,4673,47,0.010057778728868,"Unknown"
"CCGTTCACACGTTGGC","SRA526435","SRS1915196","Mus musculus","10x chromium","Cortex, hippocampus and subventricular zone","CCGTTCACACGTTGGC",999,1531,10,0.00653167864141084,"Unknown"
"CCGTTCACACTGTTAG","SRA526435","SRS1915196","Mus musculus","10x chromium","Cortex, hippocampus and subventricular zone","CCGTTCACACTGTTAG",2501,5725,47,0.00820960698689956,"Unknown"
"CCGTTCACAGATCTGT","SRA526435","SRS1915196","Mus musculus","10x chromium","Cortex, hippocampus and subventricular zone","CCGTTCACAGATCTGT",2804,6304,85,0.0134835025380711,"Unknown"
"CCGTTCACATCGACGC","SRA526435","SRS1915196","Mus musculus","10x chromium","Cortex, hippocampus and subventricular zone","CCGTTCACATCGACGC",2337,5134,76,0.0148032723022984,"Unknown"
"CCGTTCACATCTCCCA","SRA526435","SRS1915196","Mus musculus","10x chromium","Cortex, hippocampus and subventricular zone","CCGTTCACATCTCCCA",1528,2709,39,0.0143964562569214,"Unknown"
"CCGTTCACATGTCGAT","SRA526435","SRS1915196","Mus musculus","10x chromium","Cortex, hippocampus and subventricular zone","CCGTTCACATGTCGAT",1030,1648,38,0.0230582524271845,"Unknown"
"CCGTTCAGTCGCATCG","SRA526435","SRS1915196","Mus musculus","10x chromium","Cortex, hippocampus and subventricular zone","CCGTTCAGTCGCATCG",2011,3894,52,0.0133538777606574,"Unknown"
"CCGTTCAGTGAGTGAC","SRA526435","SRS1915196","Mus musculus","10x chromium","Cortex, hippocampus and subventricular zone","CCGTTCAGTGAGTGAC",2389,5037,24,0.00476474091721263,"Unknown"
"CCGTTCAGTGCTGTAT","SRA526435","SRS1915196","Mus musculus","10x chromium","Cortex, hippocampus and subventricular zone","CCGTTCAGTGCTGTAT",1787,3404,47,0.013807285546416,"Unknown"
"CCGTTCAGTGTTTGGT","SRA526435","SRS1915196","Mus musculus","10x chromium","Cortex, hippocampus and subventricular zone","CCGTTCAGTGTTTGGT",945,1328,81,0.0609939759036145,"Unknown"
"CCGTTCATCAAAGACA","SRA526435","SRS1915196","Mus musculus","10x chromium","Cortex, hippocampus and subventricular zone","CCGTTCATCAAAGACA",2289,4808,42,0.00873544093178037,"Unknown"
"CCGTTCATCACAGGCC","SRA526435","SRS1915196","Mus musculus","10x chromium","Cortex, hippocampus and subventricular zone","CCGTTCATCACAGGCC",5279,17390,128,0.00736055204140311,"Unknown"
"CCGTTCATCATGGTCA","SRA526435","SRS1915196","Mus musculus","10x chromium","Cortex, hippocampus and subventricular zone","CCGTTCATCATGGTCA",2114,3998,28,0.00700350175087544,"Unknown"
"CCGTTCATCGCTGATA","SRA526435","SRS1915196","Mus musculus","10x chromium","Cortex, hippocampus and subventricular zone","CCGTTCATCGCTGATA",2119,4018,62,0.01543056246889,"Unknown"
"CCGTTCATCGTTGCCT","SRA526435","SRS1915196","Mus musculus","10x chromium","Cortex, hippocampus and subventricular zone","CCGTTCATCGTTGCCT",891,1284,32,0.0249221183800623,"Unknown"
"CCGTTCATCTACTTAC","SRA526435","SRS1915196","Mus musculus","10x chromium","Cortex, hippocampus and subventricular zone","CCGTTCATCTACTTAC",2762,6650,53,0.00796992481203007,"Unknown"
"CCGTTCATCTCCAACC","SRA526435","SRS1915196","Mus musculus","10x chromium","Cortex, hippocampus and subventricular zone","CCGTTCATCTCCAACC",2726,5692,90,0.0158116654954322,"Unknown"
"CCTAAAGAGACTTTCG","SRA526435","SRS1915196","Mus musculus","10x chromium","Cortex, hippocampus and subventricular zone","CCTAAAGAGACTTTCG",3113,8358,39,0.00466618808327351,"Unknown"
"CCTAAAGAGAGGACGG","SRA526435","SRS1915196","Mus musculus","10x chromium","Cortex, hippocampus and subventricular zone","CCTAAAGAGAGGACGG",888,1194,47,0.0393634840871022,"Unknown"
"CCTAAAGAGCCCGAAA","SRA526435","SRS1915196","Mus musculus","10x chromium","Cortex, hippocampus and subventricular zone","CCTAAAGAGCCCGAAA",1767,3372,79,0.0234282325029656,"Unknown"
"CCTAAAGAGCTTTGGT","SRA526435","SRS1915196","Mus musculus","10x chromium","Cortex, hippocampus and subventricular zone","CCTAAAGAGCTTTGGT",914,1514,40,0.0264200792602378,"Unknown"
"CCTAAAGAGGACATTA","SRA526435","SRS1915196","Mus musculus","10x chromium","Cortex, hippocampus and subventricular zone","CCTAAAGAGGACATTA",2752,6803,65,0.0095546082610613,"Unknown"
"CCTAAAGAGTTGCAGG","SRA526435","SRS1915196","Mus musculus","10x chromium","Cortex, hippocampus and subventricular zone","CCTAAAGAGTTGCAGG",782,1337,33,0.0246821241585639,"Unknown"
"CCTAAAGCAAACTGCT","SRA526435","SRS1915196","Mus musculus","10x chromium","Cortex, hippocampus and subventricular zone","CCTAAAGCAAACTGCT",3316,9238,198,0.0214332106516562,"Unknown"
"CCTAAAGCAACACCCG","SRA526435","SRS1915196","Mus musculus","10x chromium","Cortex, hippocampus and subventricular zone","CCTAAAGCAACACCCG",2728,6629,62,0.00935284356614874,"Unknown"
"CCTAAAGCAAGAGTCG","SRA526435","SRS1915196","Mus musculus","10x chromium","Cortex, hippocampus and subventricular zone","CCTAAAGCAAGAGTCG",2015,3785,17,0.00449141347424042,"Unknown"
"CCTAAAGCACATCCGG","SRA526435","SRS1915196","Mus musculus","10x chromium","Cortex, hippocampus and subventricular zone","CCTAAAGCACATCCGG",2261,4707,48,0.0101975780752071,"Unknown"
"CCTAAAGCACGGTAGA","SRA526435","SRS1915196","Mus musculus","10x chromium","Cortex, hippocampus and subventricular zone","CCTAAAGCACGGTAGA",2169,4443,48,0.0108035111411209,"Unknown"
"CCTAAAGCAGCTGTTA","SRA526435","SRS1915196","Mus musculus","10x chromium","Cortex, hippocampus and subventricular zone","CCTAAAGCAGCTGTTA",1700,2839,38,0.0133849947164495,"Unknown"
"CCTAAAGGTAGGCTGA","SRA526435","SRS1915196","Mus musculus","10x chromium","Cortex, hippocampus and subventricular zone","CCTAAAGGTAGGCTGA",1324,2610,60,0.0229885057471264,"Unknown"
"CCTAAAGGTAGTACCT","SRA526435","SRS1915196","Mus musculus","10x chromium","Cortex, hippocampus and subventricular zone","CCTAAAGGTAGTACCT",1996,3983,50,0.0125533517449159,"Unknown"
"CCTAAAGGTCTAGAGG","SRA526435","SRS1915196","Mus musculus","10x chromium","Cortex, hippocampus and subventricular zone","CCTAAAGGTCTAGAGG",1697,3185,46,0.0144427001569859,"Unknown"
"CCTAAAGGTGCTAGCC","SRA526435","SRS1915196","Mus musculus","10x chromium","Cortex, hippocampus and subventricular zone","CCTAAAGGTGCTAGCC",2115,4222,64,0.0151586925627665,"Unknown"
"CCTAAAGGTGTGACCC","SRA526435","SRS1915196","Mus musculus","10x chromium","Cortex, hippocampus and subventricular zone","CCTAAAGGTGTGACCC",3318,8906,76,0.00853357287222097,"Unknown"
"CCTAAAGGTGTTGGGA","SRA526435","SRS1915196","Mus musculus","10x chromium","Cortex, hippocampus and subventricular zone","CCTAAAGGTGTTGGGA",2620,6171,85,0.0137741046831956,"Unknown"
"CCTAAAGTCAGATAAG","SRA526435","SRS1915196","Mus musculus","10x chromium","Cortex, hippocampus and subventricular zone","CCTAAAGTCAGATAAG",2151,4699,66,0.0140455416045967,"Unknown"
"CCTAAAGTCCAGATCA","SRA526435","SRS1915196","Mus musculus","10x chromium","Cortex, hippocampus and subventricular zone","CCTAAAGTCCAGATCA",2800,6314,69,0.01092809629395,"Unknown"
"CCTAAAGTCCTGTACC","SRA526435","SRS1915196","Mus musculus","10x chromium","Cortex, hippocampus and subventricular zone","CCTAAAGTCCTGTACC",757,1067,50,0.0468603561387067,"Unknown"
"CCTAAAGTCGACAGCC","SRA526435","SRS1915196","Mus musculus","10x chromium","Cortex, hippocampus and subventricular zone","CCTAAAGTCGACAGCC",2951,7745,114,0.0147191736604261,"Unknown"
"CCTACACAGAGGTACC","SRA526435","SRS1915196","Mus musculus","10x chromium","Cortex, hippocampus and subventricular zone","CCTACACAGAGGTACC",2089,4242,70,0.0165016501650165,"Unknown"
"CCTACACAGGAATCGC","SRA526435","SRS1915196","Mus musculus","10x chromium","Cortex, hippocampus and subventricular zone","CCTACACAGGAATCGC",2089,4136,54,0.0130560928433269,"Unknown"
"CCTACACAGTGCGTGA","SRA526435","SRS1915196","Mus musculus","10x chromium","Cortex, hippocampus and subventricular zone","CCTACACAGTGCGTGA",1706,3247,53,0.0163227594702803,"Unknown"
"CCTACACCAAGAAAGG","SRA526435","SRS1915196","Mus musculus","10x chromium","Cortex, hippocampus and subventricular zone","CCTACACCAAGAAAGG",2314,5084,94,0.0184893784421715,"Pericytes"
"CCTACACCAATCCGAT","SRA526435","SRS1915196","Mus musculus","10x chromium","Cortex, hippocampus and subventricular zone","CCTACACCAATCCGAT",6316,26540,267,0.010060286360211,"Unknown"
"CCTACACCAATTCCTT","SRA526435","SRS1915196","Mus musculus","10x chromium","Cortex, hippocampus and subventricular zone","CCTACACCAATTCCTT",1775,3442,44,0.0127832655432888,"Unknown"
"CCTACACCACCGCTAG","SRA526435","SRS1915196","Mus musculus","10x chromium","Cortex, hippocampus and subventricular zone","CCTACACCACCGCTAG",1037,1579,34,0.0215326155794807,"Unknown"
"CCTACACCAGTTTACG","SRA526435","SRS1915196","Mus musculus","10x chromium","Cortex, hippocampus and subventricular zone","CCTACACCAGTTTACG",1978,3791,32,0.00844104457926668,"Unknown"
"CCTACACCATACGCTA","SRA526435","SRS1915196","Mus musculus","10x chromium","Cortex, hippocampus and subventricular zone","CCTACACCATACGCTA",1260,2223,50,0.0224921277552857,"Unknown"
"CCTACACCATAGTAAG","SRA526435","SRS1915196","Mus musculus","10x chromium","Cortex, hippocampus and subventricular zone","CCTACACCATAGTAAG",2097,4569,48,0.010505581089954,"Unknown"
"CCTACACCATCCCATC","SRA526435","SRS1915196","Mus musculus","10x chromium","Cortex, hippocampus and subventricular zone","CCTACACCATCCCATC",2141,4209,47,0.0111665478736042,"Unknown"
"CCTACACCATTAGCCA","SRA526435","SRS1915196","Mus musculus","10x chromium","Cortex, hippocampus and subventricular zone","CCTACACCATTAGCCA",2828,6690,101,0.0150971599402093,"Unknown"
"CCTACACGTAAGAGGA","SRA526435","SRS1915196","Mus musculus","10x chromium","Cortex, hippocampus and subventricular zone","CCTACACGTAAGAGGA",1217,1860,11,0.00591397849462366,"Unknown"
"CCTACACGTATAGGGC","SRA526435","SRS1915196","Mus musculus","10x chromium","Cortex, hippocampus and subventricular zone","CCTACACGTATAGGGC",1319,2274,54,0.0237467018469657,"Unknown"
"CCTACACGTCGTGGCT","SRA526435","SRS1915196","Mus musculus","10x chromium","Cortex, hippocampus and subventricular zone","CCTACACGTCGTGGCT",2660,6492,108,0.0166358595194085,"Unknown"
"CCTACACGTGAGTGAC","SRA526435","SRS1915196","Mus musculus","10x chromium","Cortex, hippocampus and subventricular zone","CCTACACGTGAGTGAC",883,1210,48,0.0396694214876033,"Unknown"
"CCTACACGTGTAACGG","SRA526435","SRS1915196","Mus musculus","10x chromium","Cortex, hippocampus and subventricular zone","CCTACACGTGTAACGG",2367,5009,58,0.0115791575164704,"Unknown"
"CCTACACGTGTGTGCC","SRA526435","SRS1915196","Mus musculus","10x chromium","Cortex, hippocampus and subventricular zone","CCTACACGTGTGTGCC",2269,4720,64,0.0135593220338983,"Unknown"
"CCTACACGTGTTCGAT","SRA526435","SRS1915196","Mus musculus","10x chromium","Cortex, hippocampus and subventricular zone","CCTACACGTGTTCGAT",3567,10035,76,0.0075734927752865,"Unknown"
"CCTACACTCACAGGCC","SRA526435","SRS1915196","Mus musculus","10x chromium","Cortex, hippocampus and subventricular zone","CCTACACTCACAGGCC",2185,4761,21,0.00441083805923125,"Unknown"
"CCTACACTCATGCATG","SRA526435","SRS1915196","Mus musculus","10x chromium","Cortex, hippocampus and subventricular zone","CCTACACTCATGCATG",820,1159,53,0.0457290767903365,"Unknown"
"CCTACACTCCACGCAG","SRA526435","SRS1915196","Mus musculus","10x chromium","Cortex, hippocampus and subventricular zone","CCTACACTCCACGCAG",2433,5736,77,0.0134239888423989,"Unknown"
"CCTACACTCCCGACTT","SRA526435","SRS1915196","Mus musculus","10x chromium","Cortex, hippocampus and subventricular zone","CCTACACTCCCGACTT",1331,2422,26,0.0107349298100743,"Unknown"
"CCTACACTCGACGGAA","SRA526435","SRS1915196","Mus musculus","10x chromium","Cortex, hippocampus and subventricular zone","CCTACACTCGACGGAA",2057,4128,77,0.0186531007751938,"Endothelial cells"
"CCTACACTCTCCTATA","SRA526435","SRS1915196","Mus musculus","10x chromium","Cortex, hippocampus and subventricular zone","CCTACACTCTCCTATA",3321,9655,89,0.0092180217503884,"Unknown"
"CCTACACTCTTAGCCC","SRA526435","SRS1915196","Mus musculus","10x chromium","Cortex, hippocampus and subventricular zone","CCTACACTCTTAGCCC",3192,8713,84,0.00964076667049237,"Unknown"
"CCTACACTCTTGCCGT","SRA526435","SRS1915196","Mus musculus","10x chromium","Cortex, hippocampus and subventricular zone","CCTACACTCTTGCCGT",105,2978,5,0.00167897918065816,"Erythroid-like and erythroid precursor cells"
"CCTACCAAGAGGTACC","SRA526435","SRS1915196","Mus musculus","10x chromium","Cortex, hippocampus and subventricular zone","CCTACCAAGAGGTACC",3150,8316,97,0.0116642616642617,"Unknown"
"CCTACCAAGCAACGGT","SRA526435","SRS1915196","Mus musculus","10x chromium","Cortex, hippocampus and subventricular zone","CCTACCAAGCAACGGT",2374,5135,70,0.0136319376825706,"Unknown"
"CCTACCAAGCCCAACC","SRA526435","SRS1915196","Mus musculus","10x chromium","Cortex, hippocampus and subventricular zone","CCTACCAAGCCCAACC",1964,3814,69,0.0180912427897221,"Unknown"
"CCTACCAAGCGTGAAC","SRA526435","SRS1915196","Mus musculus","10x chromium","Cortex, hippocampus and subventricular zone","CCTACCAAGCGTGAAC",1486,2689,36,0.0133878765340275,"Unknown"
"CCTACCAAGGCAATTA","SRA526435","SRS1915196","Mus musculus","10x chromium","Cortex, hippocampus and subventricular zone","CCTACCAAGGCAATTA",1159,1770,40,0.0225988700564972,"Unknown"
"CCTACCAAGGCTATCT","SRA526435","SRS1915196","Mus musculus","10x chromium","Cortex, hippocampus and subventricular zone","CCTACCAAGGCTATCT",1125,1742,34,0.0195177956371986,"Unknown"
"CCTACCACAAGGTTCT","SRA526435","SRS1915196","Mus musculus","10x chromium","Cortex, hippocampus and subventricular zone","CCTACCACAAGGTTCT",2589,5645,52,0.00921169176262179,"Unknown"
"CCTACCACACCCATTC","SRA526435","SRS1915196","Mus musculus","10x chromium","Cortex, hippocampus and subventricular zone","CCTACCACACCCATTC",1603,3047,35,0.0114867082376108,"Unknown"
"CCTACCACACCGCTAG","SRA526435","SRS1915196","Mus musculus","10x chromium","Cortex, hippocampus and subventricular zone","CCTACCACACCGCTAG",1357,2391,45,0.0188205771643664,"Unknown"
"CCTACCACATCAGTAC","SRA526435","SRS1915196","Mus musculus","10x chromium","Cortex, hippocampus and subventricular zone","CCTACCACATCAGTAC",2348,4577,27,0.00589906051999126,"Unknown"
"CCTACCACATGGGAAC","SRA526435","SRS1915196","Mus musculus","10x chromium","Cortex, hippocampus and subventricular zone","CCTACCACATGGGAAC",2187,4446,119,0.0267656320287899,"Unknown"
"CCTACCACATTCGACA","SRA526435","SRS1915196","Mus musculus","10x chromium","Cortex, hippocampus and subventricular zone","CCTACCACATTCGACA",2433,4896,84,0.017156862745098,"Unknown"
"CCTACCAGTAATCACC","SRA526435","SRS1915196","Mus musculus","10x chromium","Cortex, hippocampus and subventricular zone","CCTACCAGTAATCACC",2055,3940,53,0.0134517766497462,"Unknown"
"CCTACCAGTACTCAAC","SRA526435","SRS1915196","Mus musculus","10x chromium","Cortex, hippocampus and subventricular zone","CCTACCAGTACTCAAC",3230,7509,80,0.0106538820082568,"Oligodendrocyte progenitor cells"
"CCTACCAGTCAGATAA","SRA526435","SRS1915196","Mus musculus","10x chromium","Cortex, hippocampus and subventricular zone","CCTACCAGTCAGATAA",792,1126,27,0.0239786856127886,"Unknown"
"CCTACCAGTTACAGAA","SRA526435","SRS1915196","Mus musculus","10x chromium","Cortex, hippocampus and subventricular zone","CCTACCAGTTACAGAA",2215,4723,50,0.0105864916366716,"Unknown"
"CCTACCATCACCTCGT","SRA526435","SRS1915196","Mus musculus","10x chromium","Cortex, hippocampus and subventricular zone","CCTACCATCACCTCGT",2398,4728,42,0.00888324873096447,"Unknown"
"CCTACCATCCCATTTA","SRA526435","SRS1915196","Mus musculus","10x chromium","Cortex, hippocampus and subventricular zone","CCTACCATCCCATTTA",2193,4619,50,0.0108248538644728,"Unknown"
"CCTACCATCCTTTCGG","SRA526435","SRS1915196","Mus musculus","10x chromium","Cortex, hippocampus and subventricular zone","CCTACCATCCTTTCGG",1975,4137,38,0.00918540004834421,"Unknown"
"CCTACCATCGTCCAGG","SRA526435","SRS1915196","Mus musculus","10x chromium","Cortex, hippocampus and subventricular zone","CCTACCATCGTCCAGG",2238,4792,61,0.0127295492487479,"Unknown"
"CCTACCATCTCTGAGA","SRA526435","SRS1915196","Mus musculus","10x chromium","Cortex, hippocampus and subventricular zone","CCTACCATCTCTGAGA",1824,3528,41,0.0116213151927438,"Unknown"
"CCTACCATCTGGCGTG","SRA526435","SRS1915196","Mus musculus","10x chromium","Cortex, hippocampus and subventricular zone","CCTACCATCTGGCGTG",2727,6242,101,0.0161807113104774,"Unknown"
"CCTACCATCTGTTTGT","SRA526435","SRS1915196","Mus musculus","10x chromium","Cortex, hippocampus and subventricular zone","CCTACCATCTGTTTGT",2167,4347,62,0.0142627099148838,"Unknown"
"CCTAGCTAGAACTGTA","SRA526435","SRS1915196","Mus musculus","10x chromium","Cortex, hippocampus and subventricular zone","CCTAGCTAGAACTGTA",2508,5448,60,0.0110132158590308,"Unknown"
"CCTAGCTAGACTAGGC","SRA526435","SRS1915196","Mus musculus","10x chromium","Cortex, hippocampus and subventricular zone","CCTAGCTAGACTAGGC",3759,9511,90,0.00946272736831038,"Unknown"
"CCTAGCTAGAGCAATT","SRA526435","SRS1915196","Mus musculus","10x chromium","Cortex, hippocampus and subventricular zone","CCTAGCTAGAGCAATT",3836,10644,161,0.0151258925216084,"Unknown"
"CCTAGCTAGGGCACTA","SRA526435","SRS1915196","Mus musculus","10x chromium","Cortex, hippocampus and subventricular zone","CCTAGCTAGGGCACTA",3073,7561,81,0.0107128686681656,"Unknown"
"CCTAGCTAGTGAAGAG","SRA526435","SRS1915196","Mus musculus","10x chromium","Cortex, hippocampus and subventricular zone","CCTAGCTAGTGAAGAG",2255,4804,61,0.0126977518734388,"Unknown"
"CCTAGCTAGTGTTGAA","SRA526435","SRS1915196","Mus musculus","10x chromium","Cortex, hippocampus and subventricular zone","CCTAGCTAGTGTTGAA",2478,5632,53,0.00941051136363636,"Unknown"
"CCTAGCTCACAAGCCC","SRA526435","SRS1915196","Mus musculus","10x chromium","Cortex, hippocampus and subventricular zone","CCTAGCTCACAAGCCC",1920,4541,95,0.0209205020920502,"Unknown"
"CCTAGCTCACATCCGG","SRA526435","SRS1915196","Mus musculus","10x chromium","Cortex, hippocampus and subventricular zone","CCTAGCTCACATCCGG",1471,2407,17,0.00706273369339427,"Unknown"
"CCTAGCTCACGTCAGC","SRA526435","SRS1915196","Mus musculus","10x chromium","Cortex, hippocampus and subventricular zone","CCTAGCTCACGTCAGC",981,1588,50,0.0314861460957179,"Unknown"
"CCTAGCTCAGACACTT","SRA526435","SRS1915196","Mus musculus","10x chromium","Cortex, hippocampus and subventricular zone","CCTAGCTCAGACACTT",2412,5035,50,0.0099304865938431,"Unknown"
"CCTAGCTCAGATCGGA","SRA526435","SRS1915196","Mus musculus","10x chromium","Cortex, hippocampus and subventricular zone","CCTAGCTCAGATCGGA",3240,10146,52,0.00512517248176621,"Unknown"
"CCTAGCTCAGCTCGCA","SRA526435","SRS1915196","Mus musculus","10x chromium","Cortex, hippocampus and subventricular zone","CCTAGCTCAGCTCGCA",2548,5734,73,0.0127310777816533,"Unknown"
"CCTAGCTCATCCCACT","SRA526435","SRS1915196","Mus musculus","10x chromium","Cortex, hippocampus and subventricular zone","CCTAGCTCATCCCACT",907,1371,11,0.00802334062727936,"Unknown"
"CCTAGCTCATCTCCCA","SRA526435","SRS1915196","Mus musculus","10x chromium","Cortex, hippocampus and subventricular zone","CCTAGCTCATCTCCCA",1785,2802,81,0.0289079229122056,"Unknown"
"CCTAGCTCATTAACCG","SRA526435","SRS1915196","Mus musculus","10x chromium","Cortex, hippocampus and subventricular zone","CCTAGCTCATTAACCG",3472,8069,83,0.0102862808278597,"Unknown"
"CCTAGCTGTACTCTCC","SRA526435","SRS1915196","Mus musculus","10x chromium","Cortex, hippocampus and subventricular zone","CCTAGCTGTACTCTCC",2135,4374,57,0.0130315500685871,"Unknown"
"CCTAGCTGTTACAGAA","SRA526435","SRS1915196","Mus musculus","10x chromium","Cortex, hippocampus and subventricular zone","CCTAGCTGTTACAGAA",2538,5475,59,0.0107762557077626,"Unknown"
"CCTAGCTGTTATGCGT","SRA526435","SRS1915196","Mus musculus","10x chromium","Cortex, hippocampus and subventricular zone","CCTAGCTGTTATGCGT",67,1565,1,0.000638977635782748,"Erythroid-like and erythroid precursor cells"
"CCTAGCTGTTTAGGAA","SRA526435","SRS1915196","Mus musculus","10x chromium","Cortex, hippocampus and subventricular zone","CCTAGCTGTTTAGGAA",1783,4091,74,0.0180884869225128,"Endothelial cells"
"CCTAGCTTCAGCTCTC","SRA526435","SRS1915196","Mus musculus","10x chromium","Cortex, hippocampus and subventricular zone","CCTAGCTTCAGCTCTC",2746,6645,50,0.00752445447705041,"Unknown"
"CCTAGCTTCAGGTAAA","SRA526435","SRS1915196","Mus musculus","10x chromium","Cortex, hippocampus and subventricular zone","CCTAGCTTCAGGTAAA",2771,6087,64,0.0105142106127813,"Unknown"
"CCTAGCTTCATAACCG","SRA526435","SRS1915196","Mus musculus","10x chromium","Cortex, hippocampus and subventricular zone","CCTAGCTTCATAACCG",1305,2275,46,0.0202197802197802,"Unknown"
"CCTAGCTTCCCATTAT","SRA526435","SRS1915196","Mus musculus","10x chromium","Cortex, hippocampus and subventricular zone","CCTAGCTTCCCATTAT",2867,7291,39,0.00534906048553011,"Unknown"
"CCTAGCTTCGAGCCCA","SRA526435","SRS1915196","Mus musculus","10x chromium","Cortex, hippocampus and subventricular zone","CCTAGCTTCGAGCCCA",3229,7377,58,0.00786227463738647,"Unknown"
"CCTATTAAGCTAGGCA","SRA526435","SRS1915196","Mus musculus","10x chromium","Cortex, hippocampus and subventricular zone","CCTATTAAGCTAGGCA",2302,5183,83,0.0160138915685896,"Unknown"
"CCTATTAAGGCTCTTA","SRA526435","SRS1915196","Mus musculus","10x chromium","Cortex, hippocampus and subventricular zone","CCTATTAAGGCTCTTA",2139,4698,48,0.0102171136653895,"Unknown"
"CCTATTAAGTTGTAGA","SRA526435","SRS1915196","Mus musculus","10x chromium","Cortex, hippocampus and subventricular zone","CCTATTAAGTTGTAGA",2215,4832,96,0.0198675496688742,"Unknown"
"CCTATTACAACACCCG","SRA526435","SRS1915196","Mus musculus","10x chromium","Cortex, hippocampus and subventricular zone","CCTATTACAACACCCG",1555,2659,31,0.0116585182399398,"Unknown"
"CCTATTACAAGCCGTC","SRA526435","SRS1915196","Mus musculus","10x chromium","Cortex, hippocampus and subventricular zone","CCTATTACAAGCCGTC",2997,7121,107,0.0150259794972616,"Unknown"
"CCTATTACAATGAATG","SRA526435","SRS1915196","Mus musculus","10x chromium","Cortex, hippocampus and subventricular zone","CCTATTACAATGAATG",2790,7104,67,0.00943130630630631,"Unknown"
"CCTATTACAATGACCT","SRA526435","SRS1915196","Mus musculus","10x chromium","Cortex, hippocampus and subventricular zone","CCTATTACAATGACCT",1966,3887,51,0.0131206586056084,"Unknown"
"CCTATTACACGGTAAG","SRA526435","SRS1915196","Mus musculus","10x chromium","Cortex, hippocampus and subventricular zone","CCTATTACACGGTAAG",1501,2704,36,0.0133136094674556,"Unknown"
"CCTATTACAGACTCGC","SRA526435","SRS1915196","Mus musculus","10x chromium","Cortex, hippocampus and subventricular zone","CCTATTACAGACTCGC",1475,2814,31,0.0110163468372424,"Unknown"
"CCTATTACAGATGGCA","SRA526435","SRS1915196","Mus musculus","10x chromium","Cortex, hippocampus and subventricular zone","CCTATTACAGATGGCA",1499,2792,42,0.0150429799426934,"Unknown"
"CCTATTACATCCGCGA","SRA526435","SRS1915196","Mus musculus","10x chromium","Cortex, hippocampus and subventricular zone","CCTATTACATCCGCGA",1852,3623,41,0.0113165884626001,"Unknown"
"CCTATTACATTCGACA","SRA526435","SRS1915196","Mus musculus","10x chromium","Cortex, hippocampus and subventricular zone","CCTATTACATTCGACA",1677,3226,104,0.032238065716057,"Unknown"
"CCTATTAGTATCGCAT","SRA526435","SRS1915196","Mus musculus","10x chromium","Cortex, hippocampus and subventricular zone","CCTATTAGTATCGCAT",210,9769,7,0.000716552359504555,"Erythroid-like and erythroid precursor cells"
"CCTATTAGTTGCCTCT","SRA526435","SRS1915196","Mus musculus","10x chromium","Cortex, hippocampus and subventricular zone","CCTATTAGTTGCCTCT",2878,6637,85,0.0128069911104415,"Unknown"
"CCTATTATCACGAAGG","SRA526435","SRS1915196","Mus musculus","10x chromium","Cortex, hippocampus and subventricular zone","CCTATTATCACGAAGG",2662,6592,76,0.0115291262135922,"Unknown"
"CCTATTATCAGGTTCA","SRA526435","SRS1915196","Mus musculus","10x chromium","Cortex, hippocampus and subventricular zone","CCTATTATCAGGTTCA",1359,2063,24,0.0116335433834222,"Unknown"
"CCTATTATCATACGGT","SRA526435","SRS1915196","Mus musculus","10x chromium","Cortex, hippocampus and subventricular zone","CCTATTATCATACGGT",3755,12060,51,0.00422885572139303,"Unknown"
"CCTATTATCTCCAGGG","SRA526435","SRS1915196","Mus musculus","10x chromium","Cortex, hippocampus and subventricular zone","CCTATTATCTCCAGGG",2384,5208,36,0.00691244239631336,"Unknown"
"CCTCAGTAGACAAGCC","SRA526435","SRS1915196","Mus musculus","10x chromium","Cortex, hippocampus and subventricular zone","CCTCAGTAGACAAGCC",3382,9212,64,0.00694745983499783,"Unknown"
"CCTCAGTAGCCCAACC","SRA526435","SRS1915196","Mus musculus","10x chromium","Cortex, hippocampus and subventricular zone","CCTCAGTAGCCCAACC",1687,2995,39,0.0130217028380634,"Unknown"
"CCTCAGTAGCGCCTCA","SRA526435","SRS1915196","Mus musculus","10x chromium","Cortex, hippocampus and subventricular zone","CCTCAGTAGCGCCTCA",2588,5499,68,0.0123658847063102,"Unknown"
"CCTCAGTAGCTACCTA","SRA526435","SRS1915196","Mus musculus","10x chromium","Cortex, hippocampus and subventricular zone","CCTCAGTAGCTACCTA",1687,3069,26,0.00847181492342783,"Unknown"
"CCTCAGTAGTCGTACT","SRA526435","SRS1915196","Mus musculus","10x chromium","Cortex, hippocampus and subventricular zone","CCTCAGTAGTCGTACT",2290,4578,32,0.00698995194408038,"Unknown"
"CCTCAGTCAAATCCGT","SRA526435","SRS1915196","Mus musculus","10x chromium","Cortex, hippocampus and subventricular zone","CCTCAGTCAAATCCGT",1301,2121,61,0.0287600188590288,"Unknown"
"CCTCAGTCAACACGCC","SRA526435","SRS1915196","Mus musculus","10x chromium","Cortex, hippocampus and subventricular zone","CCTCAGTCAACACGCC",1169,1816,17,0.00936123348017621,"Unknown"
"CCTCAGTCACACTGCG","SRA526435","SRS1915196","Mus musculus","10x chromium","Cortex, hippocampus and subventricular zone","CCTCAGTCACACTGCG",2249,5055,68,0.0134520276953511,"Unknown"
"CCTCAGTCACTCGACG","SRA526435","SRS1915196","Mus musculus","10x chromium","Cortex, hippocampus and subventricular zone","CCTCAGTCACTCGACG",2107,4344,60,0.0138121546961326,"Unknown"
"CCTCAGTGTCGCATCG","SRA526435","SRS1915196","Mus musculus","10x chromium","Cortex, hippocampus and subventricular zone","CCTCAGTGTCGCATCG",1897,4025,84,0.0208695652173913,"Unknown"
"CCTCAGTGTCGCGGTT","SRA526435","SRS1915196","Mus musculus","10x chromium","Cortex, hippocampus and subventricular zone","CCTCAGTGTCGCGGTT",2410,5188,68,0.0131071703932151,"Unknown"
"CCTCAGTGTGCTCTTC","SRA526435","SRS1915196","Mus musculus","10x chromium","Cortex, hippocampus and subventricular zone","CCTCAGTGTGCTCTTC",2936,6770,54,0.00797636632200886,"Oligodendrocyte progenitor cells"
"CCTCAGTGTTAGATGA","SRA526435","SRS1915196","Mus musculus","10x chromium","Cortex, hippocampus and subventricular zone","CCTCAGTGTTAGATGA",2080,4195,48,0.0114421930870083,"Unknown"
"CCTCAGTTCAACGAAA","SRA526435","SRS1915196","Mus musculus","10x chromium","Cortex, hippocampus and subventricular zone","CCTCAGTTCAACGAAA",2266,4723,54,0.0114334109676053,"Unknown"
"CCTCAGTTCAATCTCT","SRA526435","SRS1915196","Mus musculus","10x chromium","Cortex, hippocampus and subventricular zone","CCTCAGTTCAATCTCT",864,1388,119,0.0857348703170029,"Unknown"
"CCTCAGTTCACAGGCC","SRA526435","SRS1915196","Mus musculus","10x chromium","Cortex, hippocampus and subventricular zone","CCTCAGTTCACAGGCC",2892,6891,36,0.00522420548541576,"Unknown"
"CCTCAGTTCATGTAGC","SRA526435","SRS1915196","Mus musculus","10x chromium","Cortex, hippocampus and subventricular zone","CCTCAGTTCATGTAGC",2611,6350,107,0.0168503937007874,"Unknown"
"CCTCAGTTCCTGTACC","SRA526435","SRS1915196","Mus musculus","10x chromium","Cortex, hippocampus and subventricular zone","CCTCAGTTCCTGTACC",1425,2339,57,0.0243693886276186,"Unknown"
"CCTCAGTTCGAGCCCA","SRA526435","SRS1915196","Mus musculus","10x chromium","Cortex, hippocampus and subventricular zone","CCTCAGTTCGAGCCCA",2103,4279,49,0.0114512736620706,"Unknown"
"CCTCTGAAGAAACCAT","SRA526435","SRS1915196","Mus musculus","10x chromium","Cortex, hippocampus and subventricular zone","CCTCTGAAGAAACCAT",2507,5633,38,0.00674596129948518,"Unknown"
"CCTCTGAAGACATAAC","SRA526435","SRS1915196","Mus musculus","10x chromium","Cortex, hippocampus and subventricular zone","CCTCTGAAGACATAAC",1135,1817,31,0.0170610897083104,"Unknown"
"CCTCTGAAGAGCTATA","SRA526435","SRS1915196","Mus musculus","10x chromium","Cortex, hippocampus and subventricular zone","CCTCTGAAGAGCTATA",2867,6807,62,0.00910827089760541,"Unknown"
"CCTCTGAAGAGGTACC","SRA526435","SRS1915196","Mus musculus","10x chromium","Cortex, hippocampus and subventricular zone","CCTCTGAAGAGGTACC",2826,6309,86,0.0136313203360279,"Unknown"
"CCTCTGAAGCAATCTC","SRA526435","SRS1915196","Mus musculus","10x chromium","Cortex, hippocampus and subventricular zone","CCTCTGAAGCAATCTC",4157,11974,103,0.00860197093703023,"Unknown"
"CCTCTGAAGCTGATAA","SRA526435","SRS1915196","Mus musculus","10x chromium","Cortex, hippocampus and subventricular zone","CCTCTGAAGCTGATAA",2361,5416,53,0.00978581979320532,"Unknown"
"CCTCTGAAGGACATTA","SRA526435","SRS1915196","Mus musculus","10x chromium","Cortex, hippocampus and subventricular zone","CCTCTGAAGGACATTA",911,1406,105,0.0746799431009957,"Unknown"
"CCTCTGAAGGCCCTTG","SRA526435","SRS1915196","Mus musculus","10x chromium","Cortex, hippocampus and subventricular zone","CCTCTGAAGGCCCTTG",2268,4701,67,0.0142522867475005,"Unknown"
"CCTCTGACAATGGACG","SRA526435","SRS1915196","Mus musculus","10x chromium","Cortex, hippocampus and subventricular zone","CCTCTGACAATGGACG",1498,2800,42,0.015,"Unknown"
"CCTCTGACACCCATTC","SRA526435","SRS1915196","Mus musculus","10x chromium","Cortex, hippocampus and subventricular zone","CCTCTGACACCCATTC",2361,5320,52,0.00977443609022556,"Unknown"
"CCTCTGACAGACAAAT","SRA526435","SRS1915196","Mus musculus","10x chromium","Cortex, hippocampus and subventricular zone","CCTCTGACAGACAAAT",1952,3921,68,0.0173425146646264,"Unknown"
"CCTCTGACAGCCTTGG","SRA526435","SRS1915196","Mus musculus","10x chromium","Cortex, hippocampus and subventricular zone","CCTCTGACAGCCTTGG",4318,12178,139,0.0114140252915093,"Unknown"
"CCTCTGACAGGTCGTC","SRA526435","SRS1915196","Mus musculus","10x chromium","Cortex, hippocampus and subventricular zone","CCTCTGACAGGTCGTC",1636,3170,29,0.00914826498422713,"Unknown"
"CCTCTGAGTAACGTTC","SRA526435","SRS1915196","Mus musculus","10x chromium","Cortex, hippocampus and subventricular zone","CCTCTGAGTAACGTTC",1397,2556,37,0.0144757433489828,"Unknown"
"CCTCTGAGTACCATCA","SRA526435","SRS1915196","Mus musculus","10x chromium","Cortex, hippocampus and subventricular zone","CCTCTGAGTACCATCA",2233,4731,34,0.00718664130205031,"Unknown"
"CCTCTGAGTCAATGTC","SRA526435","SRS1915196","Mus musculus","10x chromium","Cortex, hippocampus and subventricular zone","CCTCTGAGTCAATGTC",1886,3475,39,0.0112230215827338,"Unknown"
"CCTCTGAGTTCCAACA","SRA526435","SRS1915196","Mus musculus","10x chromium","Cortex, hippocampus and subventricular zone","CCTCTGAGTTCCAACA",1950,4080,76,0.0186274509803922,"Unknown"
"CCTCTGAGTTCCTCCA","SRA526435","SRS1915196","Mus musculus","10x chromium","Cortex, hippocampus and subventricular zone","CCTCTGAGTTCCTCCA",2992,7215,54,0.00748440748440748,"Unknown"
"CCTCTGAGTTGAGGTG","SRA526435","SRS1915196","Mus musculus","10x chromium","Cortex, hippocampus and subventricular zone","CCTCTGAGTTGAGGTG",2236,4743,93,0.0196078431372549,"Unknown"
"CCTCTGATCACGAAGG","SRA526435","SRS1915196","Mus musculus","10x chromium","Cortex, hippocampus and subventricular zone","CCTCTGATCACGAAGG",2030,5138,47,0.0091475282210977,"Unknown"
"CCTCTGATCTACTCAT","SRA526435","SRS1915196","Mus musculus","10x chromium","Cortex, hippocampus and subventricular zone","CCTCTGATCTACTCAT",1453,3110,62,0.019935691318328,"Unknown"
"CCTCTGATCTGCTGCT","SRA526435","SRS1915196","Mus musculus","10x chromium","Cortex, hippocampus and subventricular zone","CCTCTGATCTGCTGCT",2937,6831,86,0.0125896647635778,"Unknown"
"CCTTACGAGACATAAC","SRA526435","SRS1915196","Mus musculus","10x chromium","Cortex, hippocampus and subventricular zone","CCTTACGAGACATAAC",2464,5663,59,0.0104185060921773,"Unknown"
"CCTTACGAGATCCCGC","SRA526435","SRS1915196","Mus musculus","10x chromium","Cortex, hippocampus and subventricular zone","CCTTACGAGATCCCGC",2461,5597,101,0.0180453814543505,"Unknown"
"CCTTACGAGCCAGGAT","SRA526435","SRS1915196","Mus musculus","10x chromium","Cortex, hippocampus and subventricular zone","CCTTACGAGCCAGGAT",2775,6109,99,0.0162055982975937,"Cajal-Retzius cells"
"CCTTACGAGCGGCTTC","SRA526435","SRS1915196","Mus musculus","10x chromium","Cortex, hippocampus and subventricular zone","CCTTACGAGCGGCTTC",1345,2427,70,0.0288421920065925,"Unknown"
"CCTTACGAGGCAGTCA","SRA526435","SRS1915196","Mus musculus","10x chromium","Cortex, hippocampus and subventricular zone","CCTTACGAGGCAGTCA",1875,3584,56,0.015625,"Unknown"
"CCTTACGAGGCGATAC","SRA526435","SRS1915196","Mus musculus","10x chromium","Cortex, hippocampus and subventricular zone","CCTTACGAGGCGATAC",2409,5016,33,0.00657894736842105,"Unknown"
"CCTTACGAGTAACCCT","SRA526435","SRS1915196","Mus musculus","10x chromium","Cortex, hippocampus and subventricular zone","CCTTACGAGTAACCCT",2315,4820,47,0.00975103734439834,"Unknown"
"CCTTACGAGTGACATA","SRA526435","SRS1915196","Mus musculus","10x chromium","Cortex, hippocampus and subventricular zone","CCTTACGAGTGACATA",2183,4680,44,0.0094017094017094,"Unknown"
"CCTTACGCAACTTGAC","SRA526435","SRS1915196","Mus musculus","10x chromium","Cortex, hippocampus and subventricular zone","CCTTACGCAACTTGAC",2068,4091,56,0.0136885846981178,"Unknown"
"CCTTACGCAAGCGCTC","SRA526435","SRS1915196","Mus musculus","10x chromium","Cortex, hippocampus and subventricular zone","CCTTACGCAAGCGCTC",2710,6698,57,0.00851000298596596,"Unknown"
"CCTTACGCAATGACCT","SRA526435","SRS1915196","Mus musculus","10x chromium","Cortex, hippocampus and subventricular zone","CCTTACGCAATGACCT",2980,6463,68,0.0105214296766208,"Unknown"
"CCTTACGCACCATGTA","SRA526435","SRS1915196","Mus musculus","10x chromium","Cortex, hippocampus and subventricular zone","CCTTACGCACCATGTA",2254,4707,55,0.0116847248778415,"Unknown"
"CCTTACGCATCCGTGG","SRA526435","SRS1915196","Mus musculus","10x chromium","Cortex, hippocampus and subventricular zone","CCTTACGCATCCGTGG",1522,2845,34,0.0119507908611599,"Unknown"
"CCTTACGCATGTCCTC","SRA526435","SRS1915196","Mus musculus","10x chromium","Cortex, hippocampus and subventricular zone","CCTTACGCATGTCCTC",2368,4908,72,0.0146699266503667,"Cajal-Retzius cells"
"CCTTACGCATTTGCTT","SRA526435","SRS1915196","Mus musculus","10x chromium","Cortex, hippocampus and subventricular zone","CCTTACGCATTTGCTT",1944,3904,41,0.0105020491803279,"Unknown"
"CCTTACGGTACCTACA","SRA526435","SRS1915196","Mus musculus","10x chromium","Cortex, hippocampus and subventricular zone","CCTTACGGTACCTACA",3139,7839,71,0.00905727771399413,"Unknown"
"CCTTACGGTACTTAGC","SRA526435","SRS1915196","Mus musculus","10x chromium","Cortex, hippocampus and subventricular zone","CCTTACGGTACTTAGC",2555,5599,72,0.0128594391855689,"Unknown"
"CCTTACGGTAGCGTAG","SRA526435","SRS1915196","Mus musculus","10x chromium","Cortex, hippocampus and subventricular zone","CCTTACGGTAGCGTAG",2620,6048,73,0.0120701058201058,"Unknown"
"CCTTACGGTCACTTCC","SRA526435","SRS1915196","Mus musculus","10x chromium","Cortex, hippocampus and subventricular zone","CCTTACGGTCACTTCC",2608,6332,118,0.0186355022109918,"Unknown"
"CCTTACGGTGTTAAGA","SRA526435","SRS1915196","Mus musculus","10x chromium","Cortex, hippocampus and subventricular zone","CCTTACGGTGTTAAGA",1087,1824,33,0.0180921052631579,"Unknown"
"CCTTACGTCACCACCT","SRA526435","SRS1915196","Mus musculus","10x chromium","Cortex, hippocampus and subventricular zone","CCTTACGTCACCACCT",2941,6901,73,0.0105781770757861,"Unknown"
"CCTTACGTCCAGAGGA","SRA526435","SRS1915196","Mus musculus","10x chromium","Cortex, hippocampus and subventricular zone","CCTTACGTCCAGAGGA",1863,3810,31,0.00813648293963255,"Unknown"
"CCTTACGTCGAATCCA","SRA526435","SRS1915196","Mus musculus","10x chromium","Cortex, hippocampus and subventricular zone","CCTTACGTCGAATCCA",2029,4085,48,0.011750305997552,"Unknown"
"CCTTACGTCTGGTATG","SRA526435","SRS1915196","Mus musculus","10x chromium","Cortex, hippocampus and subventricular zone","CCTTACGTCTGGTATG",2327,5093,29,0.00569408992735127,"Unknown"
"CCTTCCCAGAATCTCC","SRA526435","SRS1915196","Mus musculus","10x chromium","Cortex, hippocampus and subventricular zone","CCTTCCCAGAATCTCC",2333,5081,57,0.011218264121236,"Unknown"
"CCTTCCCAGCGAGAAA","SRA526435","SRS1915196","Mus musculus","10x chromium","Cortex, hippocampus and subventricular zone","CCTTCCCAGCGAGAAA",1649,3106,73,0.0235028976175145,"Pericytes"
"CCTTCCCAGGCTCATT","SRA526435","SRS1915196","Mus musculus","10x chromium","Cortex, hippocampus and subventricular zone","CCTTCCCAGGCTCATT",2093,3922,47,0.0119836817950025,"Unknown"
"CCTTCCCCAAGCCCAC","SRA526435","SRS1915196","Mus musculus","10x chromium","Cortex, hippocampus and subventricular zone","CCTTCCCCAAGCCCAC",2086,3992,30,0.00751503006012024,"Unknown"
"CCTTCCCCAAGTAATG","SRA526435","SRS1915196","Mus musculus","10x chromium","Cortex, hippocampus and subventricular zone","CCTTCCCCAAGTAATG",1132,1917,26,0.0135628586332812,"Unknown"
"CCTTCCCCAATCCGAT","SRA526435","SRS1915196","Mus musculus","10x chromium","Cortex, hippocampus and subventricular zone","CCTTCCCCAATCCGAT",94,1013,1,0.000987166831194472,"Erythroid-like and erythroid precursor cells"
"CCTTCCCCACAGACAG","SRA526435","SRS1915196","Mus musculus","10x chromium","Cortex, hippocampus and subventricular zone","CCTTCCCCACAGACAG",1193,2163,38,0.0175681923254739,"Unknown"
"CCTTCCCCAGCCTATA","SRA526435","SRS1915196","Mus musculus","10x chromium","Cortex, hippocampus and subventricular zone","CCTTCCCCAGCCTATA",2496,5434,57,0.0104895104895105,"Unknown"
"CCTTCCCGTAGCAAAT","SRA526435","SRS1915196","Mus musculus","10x chromium","Cortex, hippocampus and subventricular zone","CCTTCCCGTAGCAAAT",169,3754,2,0.00053276505061268,"Erythroid-like and erythroid precursor cells"
"CCTTCCCGTCAAAGAT","SRA526435","SRS1915196","Mus musculus","10x chromium","Cortex, hippocampus and subventricular zone","CCTTCCCGTCAAAGAT",2861,6786,63,0.00928381962864721,"Unknown"
"CCTTCCCGTTATCGGT","SRA526435","SRS1915196","Mus musculus","10x chromium","Cortex, hippocampus and subventricular zone","CCTTCCCGTTATCGGT",1441,2645,37,0.0139886578449905,"Unknown"
"CCTTCCCGTTCCATGA","SRA526435","SRS1915196","Mus musculus","10x chromium","Cortex, hippocampus and subventricular zone","CCTTCCCGTTCCATGA",2389,5205,83,0.0159462055715658,"Unknown"
"CCTTCCCGTTTGGGCC","SRA526435","SRS1915196","Mus musculus","10x chromium","Cortex, hippocampus and subventricular zone","CCTTCCCGTTTGGGCC",2149,4356,77,0.0176767676767677,"Unknown"
"CCTTCCCTCAGTGCAT","SRA526435","SRS1915196","Mus musculus","10x chromium","Cortex, hippocampus and subventricular zone","CCTTCCCTCAGTGCAT",979,1551,57,0.0367504835589942,"Unknown"
"CCTTCCCTCCAACCAA","SRA526435","SRS1915196","Mus musculus","10x chromium","Cortex, hippocampus and subventricular zone","CCTTCCCTCCAACCAA",2010,4009,56,0.0139685707158892,"Unknown"
"CCTTCCCTCCCACTTG","SRA526435","SRS1915196","Mus musculus","10x chromium","Cortex, hippocampus and subventricular zone","CCTTCCCTCCCACTTG",2292,5348,54,0.0100972326103216,"Unknown"
"CCTTCCCTCCTTCAAT","SRA526435","SRS1915196","Mus musculus","10x chromium","Cortex, hippocampus and subventricular zone","CCTTCCCTCCTTCAAT",1807,3507,42,0.0119760479041916,"Unknown"
"CCTTCCCTCGCCAAAT","SRA526435","SRS1915196","Mus musculus","10x chromium","Cortex, hippocampus and subventricular zone","CCTTCCCTCGCCAAAT",2682,6188,65,0.0105042016806723,"Unknown"
"CCTTCCCTCGGAAATA","SRA526435","SRS1915196","Mus musculus","10x chromium","Cortex, hippocampus and subventricular zone","CCTTCCCTCGGAAATA",2143,5106,72,0.0141010575793184,"Unknown"
"CCTTCCCTCGGAATCT","SRA526435","SRS1915196","Mus musculus","10x chromium","Cortex, hippocampus and subventricular zone","CCTTCCCTCGGAATCT",2162,4488,35,0.00779857397504456,"Unknown"
"CCTTCCCTCTACCTGC","SRA526435","SRS1915196","Mus musculus","10x chromium","Cortex, hippocampus and subventricular zone","CCTTCCCTCTACCTGC",2203,4837,105,0.0217076700434153,"Unknown"
"CCTTCCCTCTATCCTA","SRA526435","SRS1915196","Mus musculus","10x chromium","Cortex, hippocampus and subventricular zone","CCTTCCCTCTATCCTA",2917,5531,118,0.0213342975953715,"Unknown"
"CCTTCCCTCTGCCAGG","SRA526435","SRS1915196","Mus musculus","10x chromium","Cortex, hippocampus and subventricular zone","CCTTCCCTCTGCCAGG",2479,5255,73,0.0138915318744053,"Unknown"
"CCTTCCCTCTTCCTTC","SRA526435","SRS1915196","Mus musculus","10x chromium","Cortex, hippocampus and subventricular zone","CCTTCCCTCTTCCTTC",3450,9022,92,0.0101972954998892,"Unknown"
"CCTTCCCTCTTGTTTG","SRA526435","SRS1915196","Mus musculus","10x chromium","Cortex, hippocampus and subventricular zone","CCTTCCCTCTTGTTTG",3943,10726,111,0.0103486854372553,"Unknown"
"CCTTCGAAGAAGGCCT","SRA526435","SRS1915196","Mus musculus","10x chromium","Cortex, hippocampus and subventricular zone","CCTTCGAAGAAGGCCT",3200,6626,13,0.00196196800482946,"Unknown"
"CCTTCGAAGCACCGTC","SRA526435","SRS1915196","Mus musculus","10x chromium","Cortex, hippocampus and subventricular zone","CCTTCGAAGCACCGTC",2620,5854,87,0.0148616330714042,"Unknown"
"CCTTCGAAGCAGACTG","SRA526435","SRS1915196","Mus musculus","10x chromium","Cortex, hippocampus and subventricular zone","CCTTCGAAGCAGACTG",4222,13989,116,0.00829222960897848,"Unknown"
"CCTTCGAAGTGTGAAT","SRA526435","SRS1915196","Mus musculus","10x chromium","Cortex, hippocampus and subventricular zone","CCTTCGAAGTGTGAAT",688,1325,11,0.00830188679245283,"Unknown"
"CCTTCGACAATAGCGG","SRA526435","SRS1915196","Mus musculus","10x chromium","Cortex, hippocampus and subventricular zone","CCTTCGACAATAGCGG",1025,1891,74,0.0391327340031729,"Unknown"
"CCTTCGACACCACGTG","SRA526435","SRS1915196","Mus musculus","10x chromium","Cortex, hippocampus and subventricular zone","CCTTCGACACCACGTG",1042,1793,21,0.0117122141662019,"Endothelial cells"
"CCTTCGACACGGCGTT","SRA526435","SRS1915196","Mus musculus","10x chromium","Cortex, hippocampus and subventricular zone","CCTTCGACACGGCGTT",1749,3230,43,0.013312693498452,"Unknown"
"CCTTCGACACTTAACG","SRA526435","SRS1915196","Mus musculus","10x chromium","Cortex, hippocampus and subventricular zone","CCTTCGACACTTAACG",1541,2983,41,0.0137445524639625,"Unknown"
"CCTTCGACAGACAGGT","SRA526435","SRS1915196","Mus musculus","10x chromium","Cortex, hippocampus and subventricular zone","CCTTCGACAGACAGGT",832,1187,4,0.0033698399326032,"Unknown"
"CCTTCGACATCAGTAC","SRA526435","SRS1915196","Mus musculus","10x chromium","Cortex, hippocampus and subventricular zone","CCTTCGACATCAGTAC",1431,2576,32,0.0124223602484472,"Unknown"
"CCTTCGAGTAGGACAC","SRA526435","SRS1915196","Mus musculus","10x chromium","Cortex, hippocampus and subventricular zone","CCTTCGAGTAGGACAC",1615,2723,52,0.0190965846492839,"Unknown"
"CCTTCGAGTATCTGCA","SRA526435","SRS1915196","Mus musculus","10x chromium","Cortex, hippocampus and subventricular zone","CCTTCGAGTATCTGCA",2434,4613,114,0.0247127682636029,"Unknown"
"CCTTCGAGTCCAGTTA","SRA526435","SRS1915196","Mus musculus","10x chromium","Cortex, hippocampus and subventricular zone","CCTTCGAGTCCAGTTA",1803,3507,63,0.0179640718562874,"Unknown"
"CCTTCGAGTCTGGAGA","SRA526435","SRS1915196","Mus musculus","10x chromium","Cortex, hippocampus and subventricular zone","CCTTCGAGTCTGGAGA",1338,2354,76,0.032285471537808,"Unknown"
"CCTTCGATCAGCTCGG","SRA526435","SRS1915196","Mus musculus","10x chromium","Cortex, hippocampus and subventricular zone","CCTTCGATCAGCTCGG",1959,3658,43,0.0117550574084199,"Unknown"
"CCTTCGATCATTCACT","SRA526435","SRS1915196","Mus musculus","10x chromium","Cortex, hippocampus and subventricular zone","CCTTCGATCATTCACT",2126,4508,51,0.0113132209405501,"Unknown"
"CCTTCGATCTACTTAC","SRA526435","SRS1915196","Mus musculus","10x chromium","Cortex, hippocampus and subventricular zone","CCTTCGATCTACTTAC",2161,4406,27,0.00612800726282342,"Unknown"
"CCTTTCTAGAATAGGG","SRA526435","SRS1915196","Mus musculus","10x chromium","Cortex, hippocampus and subventricular zone","CCTTTCTAGAATAGGG",2592,5815,125,0.0214961306964746,"Unknown"
"CCTTTCTAGCCACGCT","SRA526435","SRS1915196","Mus musculus","10x chromium","Cortex, hippocampus and subventricular zone","CCTTTCTAGCCACGCT",2258,5117,92,0.0179792847371507,"Unknown"
"CCTTTCTAGCGAAGGG","SRA526435","SRS1915196","Mus musculus","10x chromium","Cortex, hippocampus and subventricular zone","CCTTTCTAGCGAAGGG",1951,4097,59,0.0144007810593117,"Unknown"
"CCTTTCTAGGTGCACA","SRA526435","SRS1915196","Mus musculus","10x chromium","Cortex, hippocampus and subventricular zone","CCTTTCTAGGTGCACA",2537,5116,96,0.0187646598905395,"Unknown"
"CCTTTCTAGTACGATA","SRA526435","SRS1915196","Mus musculus","10x chromium","Cortex, hippocampus and subventricular zone","CCTTTCTAGTACGATA",2050,4014,39,0.00971599402092676,"Unknown"
"CCTTTCTAGTGGCACA","SRA526435","SRS1915196","Mus musculus","10x chromium","Cortex, hippocampus and subventricular zone","CCTTTCTAGTGGCACA",1043,1824,31,0.0169956140350877,"Unknown"
"CCTTTCTCAAACCCAT","SRA526435","SRS1915196","Mus musculus","10x chromium","Cortex, hippocampus and subventricular zone","CCTTTCTCAAACCCAT",1712,3074,39,0.0126870527000651,"Unknown"
"CCTTTCTCAAATACAG","SRA526435","SRS1915196","Mus musculus","10x chromium","Cortex, hippocampus and subventricular zone","CCTTTCTCAAATACAG",1428,2660,35,0.0131578947368421,"Unknown"
"CCTTTCTCACATCCGG","SRA526435","SRS1915196","Mus musculus","10x chromium","Cortex, hippocampus and subventricular zone","CCTTTCTCACATCCGG",2745,6065,51,0.00840890354492993,"Unknown"
"CCTTTCTCACTATCTT","SRA526435","SRS1915196","Mus musculus","10x chromium","Cortex, hippocampus and subventricular zone","CCTTTCTCACTATCTT",1812,3388,44,0.012987012987013,"Unknown"
"CCTTTCTCAGCCTTTC","SRA526435","SRS1915196","Mus musculus","10x chromium","Cortex, hippocampus and subventricular zone","CCTTTCTCAGCCTTTC",1788,3170,51,0.0160883280757098,"Unknown"
"CCTTTCTCAGGACCCT","SRA526435","SRS1915196","Mus musculus","10x chromium","Cortex, hippocampus and subventricular zone","CCTTTCTCAGGACCCT",2062,4084,48,0.0117531831537708,"Unknown"
"CCTTTCTCATCAGTCA","SRA526435","SRS1915196","Mus musculus","10x chromium","Cortex, hippocampus and subventricular zone","CCTTTCTCATCAGTCA",1268,2441,50,0.0204834084391643,"Unknown"
"CCTTTCTCATCTGGTA","SRA526435","SRS1915196","Mus musculus","10x chromium","Cortex, hippocampus and subventricular zone","CCTTTCTCATCTGGTA",2210,5095,51,0.0100098135426889,"Unknown"
"CCTTTCTCATGCAACT","SRA526435","SRS1915196","Mus musculus","10x chromium","Cortex, hippocampus and subventricular zone","CCTTTCTCATGCAACT",1591,3066,32,0.0104370515329419,"Unknown"
"CCTTTCTCATGGATGG","SRA526435","SRS1915196","Mus musculus","10x chromium","Cortex, hippocampus and subventricular zone","CCTTTCTCATGGATGG",2648,6003,58,0.00966183574879227,"Unknown"
"CCTTTCTGTACCAGTT","SRA526435","SRS1915196","Mus musculus","10x chromium","Cortex, hippocampus and subventricular zone","CCTTTCTGTACCAGTT",3273,7655,87,0.0113651208360549,"Unknown"
"CCTTTCTGTATAGGTA","SRA526435","SRS1915196","Mus musculus","10x chromium","Cortex, hippocampus and subventricular zone","CCTTTCTGTATAGGTA",1992,4116,70,0.0170068027210884,"Unknown"
"CCTTTCTGTCCGAGTC","SRA526435","SRS1915196","Mus musculus","10x chromium","Cortex, hippocampus and subventricular zone","CCTTTCTGTCCGAGTC",1580,2965,48,0.0161888701517707,"Unknown"
"CCTTTCTGTCCTCTTG","SRA526435","SRS1915196","Mus musculus","10x chromium","Cortex, hippocampus and subventricular zone","CCTTTCTGTCCTCTTG",2622,5923,52,0.0087793347965558,"Unknown"
"CCTTTCTGTCGCGTGT","SRA526435","SRS1915196","Mus musculus","10x chromium","Cortex, hippocampus and subventricular zone","CCTTTCTGTCGCGTGT",823,1057,8,0.0075685903500473,"Unknown"
"CCTTTCTGTGACGGTA","SRA526435","SRS1915196","Mus musculus","10x chromium","Cortex, hippocampus and subventricular zone","CCTTTCTGTGACGGTA",1433,2801,31,0.0110674759014638,"Unknown"
"CCTTTCTTCAGCTCGG","SRA526435","SRS1915196","Mus musculus","10x chromium","Cortex, hippocampus and subventricular zone","CCTTTCTTCAGCTCGG",3498,8915,115,0.0128996074032529,"Unknown"
"CCTTTCTTCAGTTTGG","SRA526435","SRS1915196","Mus musculus","10x chromium","Cortex, hippocampus and subventricular zone","CCTTTCTTCAGTTTGG",1396,2618,55,0.0210084033613445,"Unknown"
"CCTTTCTTCATGTCTT","SRA526435","SRS1915196","Mus musculus","10x chromium","Cortex, hippocampus and subventricular zone","CCTTTCTTCATGTCTT",1215,1862,22,0.0118152524167562,"Unknown"
"CCTTTCTTCCGCAGTG","SRA526435","SRS1915196","Mus musculus","10x chromium","Cortex, hippocampus and subventricular zone","CCTTTCTTCCGCAGTG",2355,4727,32,0.00676962132430717,"Unknown"
"CCTTTCTTCGAGAGCA","SRA526435","SRS1915196","Mus musculus","10x chromium","Cortex, hippocampus and subventricular zone","CCTTTCTTCGAGAGCA",2618,6020,75,0.0124584717607973,"Unknown"
"CCTTTCTTCGTTTGCC","SRA526435","SRS1915196","Mus musculus","10x chromium","Cortex, hippocampus and subventricular zone","CCTTTCTTCGTTTGCC",1949,3855,47,0.0121919584954604,"Unknown"
"CCTTTCTTCTTATCTG","SRA526435","SRS1915196","Mus musculus","10x chromium","Cortex, hippocampus and subventricular zone","CCTTTCTTCTTATCTG",3630,11499,118,0.0102617618923385,"Unknown"
"CCTTTCTTCTTCAACT","SRA526435","SRS1915196","Mus musculus","10x chromium","Cortex, hippocampus and subventricular zone","CCTTTCTTCTTCAACT",2284,4754,48,0.0100967606226336,"Unknown"
"CGAACATAGATGTGTA","SRA526435","SRS1915196","Mus musculus","10x chromium","Cortex, hippocampus and subventricular zone","CGAACATAGATGTGTA",1797,3476,45,0.012945914844649,"Unknown"
"CGAACATAGCGTGTCC","SRA526435","SRS1915196","Mus musculus","10x chromium","Cortex, hippocampus and subventricular zone","CGAACATAGCGTGTCC",1416,2485,40,0.0160965794768612,"Unknown"
"CGAACATAGTACGTAA","SRA526435","SRS1915196","Mus musculus","10x chromium","Cortex, hippocampus and subventricular zone","CGAACATAGTACGTAA",977,1664,62,0.0372596153846154,"Unknown"
"CGAACATAGTTATCGC","SRA526435","SRS1915196","Mus musculus","10x chromium","Cortex, hippocampus and subventricular zone","CGAACATAGTTATCGC",1425,2283,43,0.0188348664038546,"Unknown"
"CGAACATCAGCCTTGG","SRA526435","SRS1915196","Mus musculus","10x chromium","Cortex, hippocampus and subventricular zone","CGAACATCAGCCTTGG",3175,8180,123,0.0150366748166259,"Unknown"
"CGAACATCAGGACGTA","SRA526435","SRS1915196","Mus musculus","10x chromium","Cortex, hippocampus and subventricular zone","CGAACATCAGGACGTA",2196,4458,56,0.012561686855092,"Unknown"
"CGAACATCATGCCTTC","SRA526435","SRS1915196","Mus musculus","10x chromium","Cortex, hippocampus and subventricular zone","CGAACATCATGCCTTC",1900,3514,40,0.0113830392714855,"Unknown"
"CGAACATGTAACGTTC","SRA526435","SRS1915196","Mus musculus","10x chromium","Cortex, hippocampus and subventricular zone","CGAACATGTAACGTTC",1828,10751,48,0.00446470095805041,"Erythroid-like and erythroid precursor cells"
"CGAACATGTATCAGTC","SRA526435","SRS1915196","Mus musculus","10x chromium","Cortex, hippocampus and subventricular zone","CGAACATGTATCAGTC",2157,4678,52,0.0111158614792646,"Unknown"
"CGAACATGTCCATGAT","SRA526435","SRS1915196","Mus musculus","10x chromium","Cortex, hippocampus and subventricular zone","CGAACATGTCCATGAT",767,1073,138,0.12861136999068,"Unknown"
"CGAACATGTGAGCGAT","SRA526435","SRS1915196","Mus musculus","10x chromium","Cortex, hippocampus and subventricular zone","CGAACATGTGAGCGAT",173,7871,9,0.00114343793672977,"Erythroid-like and erythroid precursor cells"
"CGAACATGTGATAAAC","SRA526435","SRS1915196","Mus musculus","10x chromium","Cortex, hippocampus and subventricular zone","CGAACATGTGATAAAC",792,1012,28,0.0276679841897233,"Unknown"
"CGAACATGTTCCGTCT","SRA526435","SRS1915196","Mus musculus","10x chromium","Cortex, hippocampus and subventricular zone","CGAACATGTTCCGTCT",3727,9615,60,0.0062402496099844,"Unknown"
"CGAACATTCAATACCG","SRA526435","SRS1915196","Mus musculus","10x chromium","Cortex, hippocampus and subventricular zone","CGAACATTCAATACCG",1362,2290,28,0.0122270742358079,"Unknown"
"CGAACATTCATCACCC","SRA526435","SRS1915196","Mus musculus","10x chromium","Cortex, hippocampus and subventricular zone","CGAACATTCATCACCC",1204,2078,35,0.0168431183830606,"Unknown"
"CGAACATTCATCGGAT","SRA526435","SRS1915196","Mus musculus","10x chromium","Cortex, hippocampus and subventricular zone","CGAACATTCATCGGAT",2076,3873,57,0.0147172734314485,"Unknown"
"CGAACATTCCAGAGGA","SRA526435","SRS1915196","Mus musculus","10x chromium","Cortex, hippocampus and subventricular zone","CGAACATTCCAGAGGA",1947,3818,46,0.0120481927710843,"Unknown"
"CGAACATTCCATTCTA","SRA526435","SRS1915196","Mus musculus","10x chromium","Cortex, hippocampus and subventricular zone","CGAACATTCCATTCTA",1214,2158,32,0.0148285449490269,"Unknown"
"CGAACATTCCGAAGAG","SRA526435","SRS1915196","Mus musculus","10x chromium","Cortex, hippocampus and subventricular zone","CGAACATTCCGAAGAG",1145,2244,44,0.0196078431372549,"Unknown"
"CGAATGTAGACAGAGA","SRA526435","SRS1915196","Mus musculus","10x chromium","Cortex, hippocampus and subventricular zone","CGAATGTAGACAGAGA",931,1511,26,0.0172071475843812,"Unknown"
"CGAATGTAGGACGAAA","SRA526435","SRS1915196","Mus musculus","10x chromium","Cortex, hippocampus and subventricular zone","CGAATGTAGGACGAAA",698,1108,31,0.0279783393501805,"Unknown"
"CGAATGTAGGGTGTTG","SRA526435","SRS1915196","Mus musculus","10x chromium","Cortex, hippocampus and subventricular zone","CGAATGTAGGGTGTTG",1836,3201,28,0.00874726647922524,"Unknown"
"CGAATGTAGTTATCGC","SRA526435","SRS1915196","Mus musculus","10x chromium","Cortex, hippocampus and subventricular zone","CGAATGTAGTTATCGC",1735,3253,41,0.0126037503842607,"Unknown"
"CGAATGTCAAGGTTCT","SRA526435","SRS1915196","Mus musculus","10x chromium","Cortex, hippocampus and subventricular zone","CGAATGTCAAGGTTCT",1465,2445,72,0.0294478527607362,"Unknown"
"CGAATGTCAAGTAGTA","SRA526435","SRS1915196","Mus musculus","10x chromium","Cortex, hippocampus and subventricular zone","CGAATGTCAAGTAGTA",1866,3755,44,0.0117177097203728,"Unknown"
"CGAATGTCACATTCGA","SRA526435","SRS1915196","Mus musculus","10x chromium","Cortex, hippocampus and subventricular zone","CGAATGTCACATTCGA",2239,4750,33,0.00694736842105263,"Unknown"
"CGAATGTCAGATGAGC","SRA526435","SRS1915196","Mus musculus","10x chromium","Cortex, hippocampus and subventricular zone","CGAATGTCAGATGAGC",984,1448,80,0.0552486187845304,"Unknown"
"CGAATGTCAGGTGGAT","SRA526435","SRS1915196","Mus musculus","10x chromium","Cortex, hippocampus and subventricular zone","CGAATGTCAGGTGGAT",1555,2896,32,0.0110497237569061,"Unknown"
"CGAATGTCATATGAGA","SRA526435","SRS1915196","Mus musculus","10x chromium","Cortex, hippocampus and subventricular zone","CGAATGTCATATGAGA",700,1171,32,0.0273270708795901,"Unknown"
"CGAATGTCATGGTAGG","SRA526435","SRS1915196","Mus musculus","10x chromium","Cortex, hippocampus and subventricular zone","CGAATGTCATGGTAGG",1124,1709,99,0.0579286132241077,"Unknown"
"CGAATGTCATGTAGTC","SRA526435","SRS1915196","Mus musculus","10x chromium","Cortex, hippocampus and subventricular zone","CGAATGTCATGTAGTC",999,1447,42,0.0290255701451279,"Unknown"
"CGAATGTGTAAACGCG","SRA526435","SRS1915196","Mus musculus","10x chromium","Cortex, hippocampus and subventricular zone","CGAATGTGTAAACGCG",1956,3959,67,0.0169234655215964,"Unknown"
"CGAATGTGTACGACCC","SRA526435","SRS1915196","Mus musculus","10x chromium","Cortex, hippocampus and subventricular zone","CGAATGTGTACGACCC",1618,3129,57,0.0182166826462128,"Unknown"
"CGAATGTGTCACAAGG","SRA526435","SRS1915196","Mus musculus","10x chromium","Cortex, hippocampus and subventricular zone","CGAATGTGTCACAAGG",2031,3850,52,0.0135064935064935,"Unknown"
"CGAATGTGTCGGCACT","SRA526435","SRS1915196","Mus musculus","10x chromium","Cortex, hippocampus and subventricular zone","CGAATGTGTCGGCACT",1405,2448,22,0.00898692810457516,"Unknown"
"CGAATGTGTCTTCTCG","SRA526435","SRS1915196","Mus musculus","10x chromium","Cortex, hippocampus and subventricular zone","CGAATGTGTCTTCTCG",3744,9905,105,0.0106007067137809,"Unknown"
"CGAATGTGTGCACTTA","SRA526435","SRS1915196","Mus musculus","10x chromium","Cortex, hippocampus and subventricular zone","CGAATGTGTGCACTTA",2474,5703,76,0.0133263194809749,"Unknown"
"CGAATGTGTGTATGGG","SRA526435","SRS1915196","Mus musculus","10x chromium","Cortex, hippocampus and subventricular zone","CGAATGTGTGTATGGG",736,1030,16,0.0155339805825243,"Unknown"
"CGAATGTGTGTTTGGT","SRA526435","SRS1915196","Mus musculus","10x chromium","Cortex, hippocampus and subventricular zone","CGAATGTGTGTTTGGT",2131,4389,60,0.0136705399863295,"Unknown"
"CGAATGTTCAGCTCTC","SRA526435","SRS1915196","Mus musculus","10x chromium","Cortex, hippocampus and subventricular zone","CGAATGTTCAGCTCTC",769,1021,50,0.0489715964740451,"Unknown"
"CGAATGTTCGGAAACG","SRA526435","SRS1915196","Mus musculus","10x chromium","Cortex, hippocampus and subventricular zone","CGAATGTTCGGAAACG",1451,2916,60,0.0205761316872428,"Unknown"
"CGAATGTTCTCTTGAT","SRA526435","SRS1915196","Mus musculus","10x chromium","Cortex, hippocampus and subventricular zone","CGAATGTTCTCTTGAT",2463,5128,52,0.0101404056162246,"Unknown"
"CGAATGTTCTGAAAGA","SRA526435","SRS1915196","Mus musculus","10x chromium","Cortex, hippocampus and subventricular zone","CGAATGTTCTGAAAGA",1767,3274,59,0.018020769700672,"Unknown"
"CGAATGTTCTGGTGTA","SRA526435","SRS1915196","Mus musculus","10x chromium","Cortex, hippocampus and subventricular zone","CGAATGTTCTGGTGTA",1220,1947,25,0.0128402670775552,"Unknown"
"CGAATGTTCTTGCAAG","SRA526435","SRS1915196","Mus musculus","10x chromium","Cortex, hippocampus and subventricular zone","CGAATGTTCTTGCAAG",2981,7070,67,0.00947666195190948,"Unknown"
"CGACCTTAGACTAAGT","SRA526435","SRS1915196","Mus musculus","10x chromium","Cortex, hippocampus and subventricular zone","CGACCTTAGACTAAGT",2032,3903,36,0.00922367409684858,"Unknown"
"CGACCTTAGCCCGAAA","SRA526435","SRS1915196","Mus musculus","10x chromium","Cortex, hippocampus and subventricular zone","CGACCTTAGCCCGAAA",1114,1692,71,0.0419621749408983,"Unknown"
"CGACCTTAGCTCCTTC","SRA526435","SRS1915196","Mus musculus","10x chromium","Cortex, hippocampus and subventricular zone","CGACCTTAGCTCCTTC",1787,3378,65,0.0192421551213736,"Unknown"
"CGACCTTAGGCCGAAT","SRA526435","SRS1915196","Mus musculus","10x chromium","Cortex, hippocampus and subventricular zone","CGACCTTAGGCCGAAT",2194,4653,72,0.0154738878143133,"Unknown"
"CGACCTTAGGTGGGTT","SRA526435","SRS1915196","Mus musculus","10x chromium","Cortex, hippocampus and subventricular zone","CGACCTTAGGTGGGTT",2134,4337,64,0.0147567442932903,"Unknown"
"CGACCTTAGTGCGTGA","SRA526435","SRS1915196","Mus musculus","10x chromium","Cortex, hippocampus and subventricular zone","CGACCTTAGTGCGTGA",2208,4352,73,0.0167738970588235,"Unknown"
"CGACCTTAGTTGCAGG","SRA526435","SRS1915196","Mus musculus","10x chromium","Cortex, hippocampus and subventricular zone","CGACCTTAGTTGCAGG",1088,1743,42,0.0240963855421687,"Unknown"
"CGACCTTCAATCACAC","SRA526435","SRS1915196","Mus musculus","10x chromium","Cortex, hippocampus and subventricular zone","CGACCTTCAATCACAC",1174,1936,31,0.0160123966942149,"Unknown"
"CGACCTTCAATCAGAA","SRA526435","SRS1915196","Mus musculus","10x chromium","Cortex, hippocampus and subventricular zone","CGACCTTCAATCAGAA",1795,3447,31,0.00899332753118654,"Unknown"
"CGACCTTCAATGAATG","SRA526435","SRS1915196","Mus musculus","10x chromium","Cortex, hippocampus and subventricular zone","CGACCTTCAATGAATG",2525,5297,38,0.00717387200302058,"Unknown"
"CGACCTTCACCAACCG","SRA526435","SRS1915196","Mus musculus","10x chromium","Cortex, hippocampus and subventricular zone","CGACCTTCACCAACCG",2271,4468,40,0.00895255147717099,"Unknown"
"CGACCTTCATGCCACG","SRA526435","SRS1915196","Mus musculus","10x chromium","Cortex, hippocampus and subventricular zone","CGACCTTCATGCCACG",1866,3798,65,0.017114270668773,"Unknown"
"CGACCTTGTAAGAGGA","SRA526435","SRS1915196","Mus musculus","10x chromium","Cortex, hippocampus and subventricular zone","CGACCTTGTAAGAGGA",1401,2380,47,0.0197478991596639,"Unknown"
"CGACCTTGTACGACCC","SRA526435","SRS1915196","Mus musculus","10x chromium","Cortex, hippocampus and subventricular zone","CGACCTTGTACGACCC",2713,6432,89,0.0138370646766169,"Unknown"
"CGACCTTGTGAACCTT","SRA526435","SRS1915196","Mus musculus","10x chromium","Cortex, hippocampus and subventricular zone","CGACCTTGTGAACCTT",2087,4044,88,0.0217606330365974,"Pericytes"
"CGACCTTGTGAGGGAG","SRA526435","SRS1915196","Mus musculus","10x chromium","Cortex, hippocampus and subventricular zone","CGACCTTGTGAGGGAG",1891,3594,46,0.0127991096271564,"Unknown"
"CGACCTTTCACGACTA","SRA526435","SRS1915196","Mus musculus","10x chromium","Cortex, hippocampus and subventricular zone","CGACCTTTCACGACTA",2747,6490,55,0.00847457627118644,"Unknown"
"CGACCTTTCGTTTGCC","SRA526435","SRS1915196","Mus musculus","10x chromium","Cortex, hippocampus and subventricular zone","CGACCTTTCGTTTGCC",2746,6002,46,0.00766411196267911,"Unknown"
"CGACCTTTCTAGCACA","SRA526435","SRS1915196","Mus musculus","10x chromium","Cortex, hippocampus and subventricular zone","CGACCTTTCTAGCACA",2688,5442,66,0.0121278941565601,"Unknown"
"CGACCTTTCTTCGAGA","SRA526435","SRS1915196","Mus musculus","10x chromium","Cortex, hippocampus and subventricular zone","CGACCTTTCTTCGAGA",965,1493,74,0.0495646349631614,"Unknown"
"CGACCTTTCTTGCAAG","SRA526435","SRS1915196","Mus musculus","10x chromium","Cortex, hippocampus and subventricular zone","CGACCTTTCTTGCAAG",1657,2906,43,0.0147969717825189,"Unknown"
"CGACCTTTCTTTAGTC","SRA526435","SRS1915196","Mus musculus","10x chromium","Cortex, hippocampus and subventricular zone","CGACCTTTCTTTAGTC",1589,3089,46,0.0148915506636452,"Unknown"
"CGACTTCAGAGACTTA","SRA526435","SRS1915196","Mus musculus","10x chromium","Cortex, hippocampus and subventricular zone","CGACTTCAGAGACTTA",2396,4453,63,0.0141477655513137,"Unknown"
"CGACTTCAGCAAATCA","SRA526435","SRS1915196","Mus musculus","10x chromium","Cortex, hippocampus and subventricular zone","CGACTTCAGCAAATCA",2165,4806,56,0.011652101539742,"Unknown"
"CGACTTCAGGAGTCTG","SRA526435","SRS1915196","Mus musculus","10x chromium","Cortex, hippocampus and subventricular zone","CGACTTCAGGAGTCTG",1746,3257,105,0.0322382560638624,"Unknown"
"CGACTTCAGTCCGTAT","SRA526435","SRS1915196","Mus musculus","10x chromium","Cortex, hippocampus and subventricular zone","CGACTTCAGTCCGTAT",1925,3641,58,0.0159296896457017,"Unknown"
"CGACTTCAGTGACATA","SRA526435","SRS1915196","Mus musculus","10x chromium","Cortex, hippocampus and subventricular zone","CGACTTCAGTGACATA",2820,6902,74,0.0107215299913069,"Unknown"
"CGACTTCCAAGCCATT","SRA526435","SRS1915196","Mus musculus","10x chromium","Cortex, hippocampus and subventricular zone","CGACTTCCAAGCCATT",1494,2502,29,0.0115907274180655,"Unknown"
"CGACTTCCAAGTAATG","SRA526435","SRS1915196","Mus musculus","10x chromium","Cortex, hippocampus and subventricular zone","CGACTTCCAAGTAATG",1453,2488,76,0.0305466237942122,"Oligodendrocyte progenitor cells"
"CGACTTCCACATCCGG","SRA526435","SRS1915196","Mus musculus","10x chromium","Cortex, hippocampus and subventricular zone","CGACTTCCACATCCGG",3633,10337,119,0.0115120441133791,"Unknown"
"CGACTTCCATCAGTCA","SRA526435","SRS1915196","Mus musculus","10x chromium","Cortex, hippocampus and subventricular zone","CGACTTCCATCAGTCA",1517,2779,28,0.0100755667506297,"Unknown"
"CGACTTCCATCCCACT","SRA526435","SRS1915196","Mus musculus","10x chromium","Cortex, hippocampus and subventricular zone","CGACTTCCATCCCACT",2633,5958,65,0.0109097012420275,"Unknown"
"CGACTTCGTAAGAGGA","SRA526435","SRS1915196","Mus musculus","10x chromium","Cortex, hippocampus and subventricular zone","CGACTTCGTAAGAGGA",1156,1783,15,0.00841278743690409,"Unknown"
"CGACTTCGTACAGCAG","SRA526435","SRS1915196","Mus musculus","10x chromium","Cortex, hippocampus and subventricular zone","CGACTTCGTACAGCAG",2022,4289,46,0.0107251107484262,"Unknown"
"CGACTTCGTAGAGTGC","SRA526435","SRS1915196","Mus musculus","10x chromium","Cortex, hippocampus and subventricular zone","CGACTTCGTAGAGTGC",3765,9896,108,0.0109135004042037,"Unknown"
"CGACTTCGTGAGTATA","SRA526435","SRS1915196","Mus musculus","10x chromium","Cortex, hippocampus and subventricular zone","CGACTTCGTGAGTATA",1930,4015,51,0.0127023661270237,"Unknown"
"CGACTTCGTGTGGCTC","SRA526435","SRS1915196","Mus musculus","10x chromium","Cortex, hippocampus and subventricular zone","CGACTTCGTGTGGCTC",1881,3685,71,0.0192672998643148,"Unknown"
"CGACTTCGTGTTAAGA","SRA526435","SRS1915196","Mus musculus","10x chromium","Cortex, hippocampus and subventricular zone","CGACTTCGTGTTAAGA",1301,2085,48,0.023021582733813,"Unknown"
"CGACTTCGTTAGATGA","SRA526435","SRS1915196","Mus musculus","10x chromium","Cortex, hippocampus and subventricular zone","CGACTTCGTTAGATGA",2822,7072,100,0.0141402714932127,"Unknown"
"CGACTTCGTTCTGTTT","SRA526435","SRS1915196","Mus musculus","10x chromium","Cortex, hippocampus and subventricular zone","CGACTTCGTTCTGTTT",3204,7715,56,0.00725858716785483,"Unknown"
"CGACTTCGTTGAGTTC","SRA526435","SRS1915196","Mus musculus","10x chromium","Cortex, hippocampus and subventricular zone","CGACTTCGTTGAGTTC",2161,4585,52,0.0113413304252999,"Unknown"
"CGACTTCGTTGATTGC","SRA526435","SRS1915196","Mus musculus","10x chromium","Cortex, hippocampus and subventricular zone","CGACTTCGTTGATTGC",2197,4046,97,0.0239742956005932,"Unknown"
"CGACTTCGTTGCTCCT","SRA526435","SRS1915196","Mus musculus","10x chromium","Cortex, hippocampus and subventricular zone","CGACTTCGTTGCTCCT",2497,5654,38,0.00672090555359038,"Unknown"
"CGACTTCGTTGTCTTT","SRA526435","SRS1915196","Mus musculus","10x chromium","Cortex, hippocampus and subventricular zone","CGACTTCGTTGTCTTT",1252,1945,15,0.0077120822622108,"Unknown"
"CGACTTCTCACCAGGC","SRA526435","SRS1915196","Mus musculus","10x chromium","Cortex, hippocampus and subventricular zone","CGACTTCTCACCAGGC",2510,5393,49,0.00908585203040979,"Unknown"
"CGACTTCTCATCTGCC","SRA526435","SRS1915196","Mus musculus","10x chromium","Cortex, hippocampus and subventricular zone","CGACTTCTCATCTGCC",1787,3566,52,0.0145821648906338,"Unknown"
"CGACTTCTCCACTGGG","SRA526435","SRS1915196","Mus musculus","10x chromium","Cortex, hippocampus and subventricular zone","CGACTTCTCCACTGGG",2343,5142,58,0.0112796577207312,"Unknown"
"CGACTTCTCGCTGATA","SRA526435","SRS1915196","Mus musculus","10x chromium","Cortex, hippocampus and subventricular zone","CGACTTCTCGCTGATA",79,2070,13,0.00628019323671498,"Erythroid-like and erythroid precursor cells"
"CGACTTCTCGGATGGA","SRA526435","SRS1915196","Mus musculus","10x chromium","Cortex, hippocampus and subventricular zone","CGACTTCTCGGATGGA",3135,8450,141,0.0166863905325444,"Unknown"
"CGACTTCTCGTTTAGG","SRA526435","SRS1915196","Mus musculus","10x chromium","Cortex, hippocampus and subventricular zone","CGACTTCTCGTTTAGG",2977,6580,101,0.0153495440729483,"Cajal-Retzius cells"
"CGAGAAGAGAGGTTGC","SRA526435","SRS1915196","Mus musculus","10x chromium","Cortex, hippocampus and subventricular zone","CGAGAAGAGAGGTTGC",2146,4230,37,0.00874704491725768,"Unknown"
"CGAGAAGAGCCCAACC","SRA526435","SRS1915196","Mus musculus","10x chromium","Cortex, hippocampus and subventricular zone","CGAGAAGAGCCCAACC",1994,3893,65,0.0166966349858721,"Unknown"
"CGAGAAGAGGTAAACT","SRA526435","SRS1915196","Mus musculus","10x chromium","Cortex, hippocampus and subventricular zone","CGAGAAGAGGTAAACT",2682,6554,48,0.00732377174244736,"Unknown"
"CGAGAAGAGGTTCCTA","SRA526435","SRS1915196","Mus musculus","10x chromium","Cortex, hippocampus and subventricular zone","CGAGAAGAGGTTCCTA",1070,1617,29,0.0179344465058751,"Unknown"
"CGAGAAGAGTATCGAA","SRA526435","SRS1915196","Mus musculus","10x chromium","Cortex, hippocampus and subventricular zone","CGAGAAGAGTATCGAA",1411,2682,34,0.0126771066368382,"Unknown"
"CGAGAAGAGTCGTACT","SRA526435","SRS1915196","Mus musculus","10x chromium","Cortex, hippocampus and subventricular zone","CGAGAAGAGTCGTACT",1437,2811,43,0.0152970473141231,"Unknown"
"CGAGAAGCAACACCCG","SRA526435","SRS1915196","Mus musculus","10x chromium","Cortex, hippocampus and subventricular zone","CGAGAAGCAACACCCG",1153,2060,55,0.0266990291262136,"Unknown"
"CGAGAAGCAATCGAAA","SRA526435","SRS1915196","Mus musculus","10x chromium","Cortex, hippocampus and subventricular zone","CGAGAAGCAATCGAAA",1119,1870,64,0.0342245989304813,"Unknown"
"CGAGAAGCACAGGTTT","SRA526435","SRS1915196","Mus musculus","10x chromium","Cortex, hippocampus and subventricular zone","CGAGAAGCACAGGTTT",2101,4242,62,0.0146157472890146,"Unknown"
"CGAGAAGCACGAAGCA","SRA526435","SRS1915196","Mus musculus","10x chromium","Cortex, hippocampus and subventricular zone","CGAGAAGCACGAAGCA",3440,9319,122,0.0130915334263333,"Unknown"
"CGAGAAGCACTATCTT","SRA526435","SRS1915196","Mus musculus","10x chromium","Cortex, hippocampus and subventricular zone","CGAGAAGCACTATCTT",3975,10832,89,0.00821639586410635,"Unknown"
"CGAGAAGCACTCTGTC","SRA526435","SRS1915196","Mus musculus","10x chromium","Cortex, hippocampus and subventricular zone","CGAGAAGCACTCTGTC",1836,3500,46,0.0131428571428571,"Unknown"
"CGAGAAGCAGCGTAAG","SRA526435","SRS1915196","Mus musculus","10x chromium","Cortex, hippocampus and subventricular zone","CGAGAAGCAGCGTAAG",2703,5390,103,0.0191094619666048,"Unknown"
"CGAGAAGCAGCTCGCA","SRA526435","SRS1915196","Mus musculus","10x chromium","Cortex, hippocampus and subventricular zone","CGAGAAGCAGCTCGCA",1487,2829,43,0.0151997172145635,"Unknown"
"CGAGAAGCAGTAACGG","SRA526435","SRS1915196","Mus musculus","10x chromium","Cortex, hippocampus and subventricular zone","CGAGAAGCAGTAACGG",3019,7028,45,0.00640295959021059,"Unknown"
"CGAGAAGGTAAGGGAA","SRA526435","SRS1915196","Mus musculus","10x chromium","Cortex, hippocampus and subventricular zone","CGAGAAGGTAAGGGAA",3377,9485,112,0.0118081180811808,"Unknown"
"CGAGAAGGTATAAACG","SRA526435","SRS1915196","Mus musculus","10x chromium","Cortex, hippocampus and subventricular zone","CGAGAAGGTATAAACG",1450,2616,49,0.0187308868501529,"Unknown"
"CGAGAAGGTCCCGACA","SRA526435","SRS1915196","Mus musculus","10x chromium","Cortex, hippocampus and subventricular zone","CGAGAAGGTCCCGACA",1901,3796,69,0.0181770284510011,"Unknown"
"CGAGAAGGTCGGCACT","SRA526435","SRS1915196","Mus musculus","10x chromium","Cortex, hippocampus and subventricular zone","CGAGAAGGTCGGCACT",1291,2375,30,0.0126315789473684,"Unknown"
"CGAGAAGGTTTGACAC","SRA526435","SRS1915196","Mus musculus","10x chromium","Cortex, hippocampus and subventricular zone","CGAGAAGGTTTGACAC",2380,4947,31,0.00626642409541136,"Unknown"
"CGAGAAGTCAGCACAT","SRA526435","SRS1915196","Mus musculus","10x chromium","Cortex, hippocampus and subventricular zone","CGAGAAGTCAGCACAT",1561,2926,58,0.0198222829801777,"Unknown"
"CGAGAAGTCGCCAGCA","SRA526435","SRS1915196","Mus musculus","10x chromium","Cortex, hippocampus and subventricular zone","CGAGAAGTCGCCAGCA",2701,6306,86,0.0136378052648271,"Unknown"
"CGAGAAGTCGGTCTAA","SRA526435","SRS1915196","Mus musculus","10x chromium","Cortex, hippocampus and subventricular zone","CGAGAAGTCGGTCTAA",2880,6563,72,0.0109705927167454,"Unknown"
"CGAGCACAGGCATGGT","SRA526435","SRS1915196","Mus musculus","10x chromium","Cortex, hippocampus and subventricular zone","CGAGCACAGGCATGGT",1026,1690,23,0.0136094674556213,"Unknown"
"CGAGCACAGTAGGTGC","SRA526435","SRS1915196","Mus musculus","10x chromium","Cortex, hippocampus and subventricular zone","CGAGCACAGTAGGTGC",1491,2446,19,0.00776778413736713,"Unknown"
"CGAGCACCAATGCCAT","SRA526435","SRS1915196","Mus musculus","10x chromium","Cortex, hippocampus and subventricular zone","CGAGCACCAATGCCAT",2592,6184,82,0.0132600258732212,"Unknown"
"CGAGCACCACTGTCGG","SRA526435","SRS1915196","Mus musculus","10x chromium","Cortex, hippocampus and subventricular zone","CGAGCACCACTGTCGG",1814,2934,44,0.0149965916837082,"Unknown"
"CGAGCACCAGGAATCG","SRA526435","SRS1915196","Mus musculus","10x chromium","Cortex, hippocampus and subventricular zone","CGAGCACCAGGAATCG",2004,3996,36,0.00900900900900901,"Unknown"
"CGAGCACCAGTAAGAT","SRA526435","SRS1915196","Mus musculus","10x chromium","Cortex, hippocampus and subventricular zone","CGAGCACCAGTAAGAT",1156,2036,35,0.0171905697445973,"Unknown"
"CGAGCACGTATCACCA","SRA526435","SRS1915196","Mus musculus","10x chromium","Cortex, hippocampus and subventricular zone","CGAGCACGTATCACCA",1582,2852,37,0.0129733520336606,"Unknown"
"CGAGCACGTCAGCTAT","SRA526435","SRS1915196","Mus musculus","10x chromium","Cortex, hippocampus and subventricular zone","CGAGCACGTCAGCTAT",2706,6090,44,0.00722495894909688,"Unknown"
"CGAGCACGTCAGGACA","SRA526435","SRS1915196","Mus musculus","10x chromium","Cortex, hippocampus and subventricular zone","CGAGCACGTCAGGACA",1506,2600,25,0.00961538461538462,"Unknown"
"CGAGCACGTCCGTTAA","SRA526435","SRS1915196","Mus musculus","10x chromium","Cortex, hippocampus and subventricular zone","CGAGCACGTCCGTTAA",1961,3602,42,0.0116601887840089,"Unknown"
"CGAGCACGTCGACTAT","SRA526435","SRS1915196","Mus musculus","10x chromium","Cortex, hippocampus and subventricular zone","CGAGCACGTCGACTAT",2299,4820,59,0.0122406639004149,"Unknown"
"CGAGCACGTCGCGGTT","SRA526435","SRS1915196","Mus musculus","10x chromium","Cortex, hippocampus and subventricular zone","CGAGCACGTCGCGGTT",2081,3899,48,0.0123108489356245,"Unknown"
"CGAGCACGTGGGTATG","SRA526435","SRS1915196","Mus musculus","10x chromium","Cortex, hippocampus and subventricular zone","CGAGCACGTGGGTATG",133,5653,3,0.00053069166814081,"Erythroid-like and erythroid precursor cells"
"CGAGCACGTTCCGGCA","SRA526435","SRS1915196","Mus musculus","10x chromium","Cortex, hippocampus and subventricular zone","CGAGCACGTTCCGGCA",2405,5213,43,0.00824860924611548,"Unknown"
"CGAGCACGTTGATTGC","SRA526435","SRS1915196","Mus musculus","10x chromium","Cortex, hippocampus and subventricular zone","CGAGCACGTTGATTGC",3216,8485,140,0.0164997053624042,"Unknown"
"CGAGCACTCAACACGT","SRA526435","SRS1915196","Mus musculus","10x chromium","Cortex, hippocampus and subventricular zone","CGAGCACTCAACACGT",1984,4499,37,0.00822404978884196,"Unknown"
"CGAGCACTCAATAAGG","SRA526435","SRS1915196","Mus musculus","10x chromium","Cortex, hippocampus and subventricular zone","CGAGCACTCAATAAGG",832,1262,49,0.0388272583201268,"Unknown"
"CGAGCACTCCAAGTAC","SRA526435","SRS1915196","Mus musculus","10x chromium","Cortex, hippocampus and subventricular zone","CGAGCACTCCAAGTAC",2500,5381,75,0.013937929752834,"Pericytes"
"CGAGCACTCGGCATCG","SRA526435","SRS1915196","Mus musculus","10x chromium","Cortex, hippocampus and subventricular zone","CGAGCACTCGGCATCG",2372,4757,76,0.0159764557494219,"Unknown"
"CGAGCACTCTTCAACT","SRA526435","SRS1915196","Mus musculus","10x chromium","Cortex, hippocampus and subventricular zone","CGAGCACTCTTCAACT",1236,2091,75,0.0358680057388809,"Unknown"
"CGAGCCAAGACAGACC","SRA526435","SRS1915196","Mus musculus","10x chromium","Cortex, hippocampus and subventricular zone","CGAGCCAAGACAGACC",1434,2354,50,0.0212404418011895,"Unknown"
"CGAGCCAAGATAGTCA","SRA526435","SRS1915196","Mus musculus","10x chromium","Cortex, hippocampus and subventricular zone","CGAGCCAAGATAGTCA",2858,6647,73,0.0109823980743192,"Unknown"
"CGAGCCAAGGGTCTCC","SRA526435","SRS1915196","Mus musculus","10x chromium","Cortex, hippocampus and subventricular zone","CGAGCCAAGGGTCTCC",1942,3681,52,0.0141265960336865,"Unknown"
"CGAGCCAAGGTAGCTG","SRA526435","SRS1915196","Mus musculus","10x chromium","Cortex, hippocampus and subventricular zone","CGAGCCAAGGTAGCTG",1063,1556,24,0.0154241645244216,"Unknown"
"CGAGCCAAGTAGATGT","SRA526435","SRS1915196","Mus musculus","10x chromium","Cortex, hippocampus and subventricular zone","CGAGCCAAGTAGATGT",2699,6292,51,0.00810553083280356,"Unknown"
"CGAGCCAAGTCGAGTG","SRA526435","SRS1915196","Mus musculus","10x chromium","Cortex, hippocampus and subventricular zone","CGAGCCAAGTCGAGTG",2425,5925,69,0.0116455696202532,"Unknown"
"CGAGCCACAACTGCGC","SRA526435","SRS1915196","Mus musculus","10x chromium","Cortex, hippocampus and subventricular zone","CGAGCCACAACTGCGC",1971,3855,30,0.00778210116731518,"Unknown"
"CGAGCCACAATGACCT","SRA526435","SRS1915196","Mus musculus","10x chromium","Cortex, hippocampus and subventricular zone","CGAGCCACAATGACCT",2826,6379,107,0.0167737889951403,"Unknown"
"CGAGCCACACAAGTAA","SRA526435","SRS1915196","Mus musculus","10x chromium","Cortex, hippocampus and subventricular zone","CGAGCCACACAAGTAA",2781,6314,57,0.00902755780804561,"Unknown"
"CGAGCCACACCAGCAC","SRA526435","SRS1915196","Mus musculus","10x chromium","Cortex, hippocampus and subventricular zone","CGAGCCACACCAGCAC",1953,3639,56,0.0153888430887606,"Unknown"
"CGAGCCAGTAAATGAC","SRA526435","SRS1915196","Mus musculus","10x chromium","Cortex, hippocampus and subventricular zone","CGAGCCAGTAAATGAC",2676,6196,89,0.0143641058747579,"Unknown"
"CGAGCCAGTCGGGTCT","SRA526435","SRS1915196","Mus musculus","10x chromium","Cortex, hippocampus and subventricular zone","CGAGCCAGTCGGGTCT",1739,3222,46,0.0142768466790813,"Unknown"
"CGAGCCAGTTGGTTTG","SRA526435","SRS1915196","Mus musculus","10x chromium","Cortex, hippocampus and subventricular zone","CGAGCCAGTTGGTTTG",1613,3087,40,0.0129575639779721,"Unknown"
"CGAGCCATCAACACTG","SRA526435","SRS1915196","Mus musculus","10x chromium","Cortex, hippocampus and subventricular zone","CGAGCCATCAACACTG",1571,2974,46,0.01546738399462,"Unknown"
"CGAGCCATCCGGGTGT","SRA526435","SRS1915196","Mus musculus","10x chromium","Cortex, hippocampus and subventricular zone","CGAGCCATCCGGGTGT",1621,2793,38,0.0136054421768707,"Unknown"
"CGAGCCATCGGACAAG","SRA526435","SRS1915196","Mus musculus","10x chromium","Cortex, hippocampus and subventricular zone","CGAGCCATCGGACAAG",2769,6253,64,0.0102350871581641,"Unknown"
"CGAGCCATCGGCGCTA","SRA526435","SRS1915196","Mus musculus","10x chromium","Cortex, hippocampus and subventricular zone","CGAGCCATCGGCGCTA",2324,4812,66,0.013715710723192,"Unknown"
"CGAGCCATCTGCGACG","SRA526435","SRS1915196","Mus musculus","10x chromium","Cortex, hippocampus and subventricular zone","CGAGCCATCTGCGACG",899,1236,53,0.0428802588996764,"Unknown"
"CGATCGGAGAGTGAGA","SRA526435","SRS1915196","Mus musculus","10x chromium","Cortex, hippocampus and subventricular zone","CGATCGGAGAGTGAGA",2555,6073,50,0.00823316318129425,"Unknown"
"CGATCGGAGCATCATC","SRA526435","SRS1915196","Mus musculus","10x chromium","Cortex, hippocampus and subventricular zone","CGATCGGAGCATCATC",1550,2762,47,0.0170166545981173,"Unknown"
"CGATCGGAGCTCTCGG","SRA526435","SRS1915196","Mus musculus","10x chromium","Cortex, hippocampus and subventricular zone","CGATCGGAGCTCTCGG",2670,6214,95,0.0152880592211136,"Unknown"
"CGATCGGAGTGTACGG","SRA526435","SRS1915196","Mus musculus","10x chromium","Cortex, hippocampus and subventricular zone","CGATCGGAGTGTACGG",1810,3552,52,0.0146396396396396,"Unknown"
"CGATCGGCAAGCGATG","SRA526435","SRS1915196","Mus musculus","10x chromium","Cortex, hippocampus and subventricular zone","CGATCGGCAAGCGATG",2433,5021,92,0.0183230432184824,"Unknown"
"CGATCGGCAAGCGTAG","SRA526435","SRS1915196","Mus musculus","10x chromium","Cortex, hippocampus and subventricular zone","CGATCGGCAAGCGTAG",1812,3470,33,0.00951008645533141,"Unknown"
"CGATCGGCACAGGTTT","SRA526435","SRS1915196","Mus musculus","10x chromium","Cortex, hippocampus and subventricular zone","CGATCGGCACAGGTTT",1430,2794,35,0.0125268432355047,"Unknown"
"CGATCGGCAGGACCCT","SRA526435","SRS1915196","Mus musculus","10x chromium","Cortex, hippocampus and subventricular zone","CGATCGGCAGGACCCT",2097,4403,38,0.00863047921871451,"Unknown"
"CGATCGGCATGGTCAT","SRA526435","SRS1915196","Mus musculus","10x chromium","Cortex, hippocampus and subventricular zone","CGATCGGCATGGTCAT",1380,2144,10,0.00466417910447761,"Unknown"
"CGATCGGGTATAGGTA","SRA526435","SRS1915196","Mus musculus","10x chromium","Cortex, hippocampus and subventricular zone","CGATCGGGTATAGGTA",1400,2555,29,0.0113502935420744,"Unknown"
"CGATCGGGTGAGCGAT","SRA526435","SRS1915196","Mus musculus","10x chromium","Cortex, hippocampus and subventricular zone","CGATCGGGTGAGCGAT",1402,2414,20,0.00828500414250207,"Unknown"
"CGATCGGGTTACGCGC","SRA526435","SRS1915196","Mus musculus","10x chromium","Cortex, hippocampus and subventricular zone","CGATCGGGTTACGCGC",2727,6416,109,0.0169887780548628,"Unknown"
"CGATCGGGTTCAGGCC","SRA526435","SRS1915196","Mus musculus","10x chromium","Cortex, hippocampus and subventricular zone","CGATCGGGTTCAGGCC",1041,1568,48,0.0306122448979592,"Unknown"
"CGATCGGGTTCGTCTC","SRA526435","SRS1915196","Mus musculus","10x chromium","Cortex, hippocampus and subventricular zone","CGATCGGGTTCGTCTC",1746,3354,37,0.0110316040548599,"Unknown"
"CGATCGGTCAGCGACC","SRA526435","SRS1915196","Mus musculus","10x chromium","Cortex, hippocampus and subventricular zone","CGATCGGTCAGCGACC",1664,2972,43,0.0144683714670256,"Unknown"
"CGATCGGTCAGTACGT","SRA526435","SRS1915196","Mus musculus","10x chromium","Cortex, hippocampus and subventricular zone","CGATCGGTCAGTACGT",1680,3039,46,0.0151365580783152,"Pericytes"
"CGATCGGTCAGTGTTG","SRA526435","SRS1915196","Mus musculus","10x chromium","Cortex, hippocampus and subventricular zone","CGATCGGTCAGTGTTG",1863,3541,54,0.015249929398475,"Unknown"
"CGATCGGTCAGTTTGG","SRA526435","SRS1915196","Mus musculus","10x chromium","Cortex, hippocampus and subventricular zone","CGATCGGTCAGTTTGG",1364,2420,30,0.012396694214876,"Unknown"
"CGATCGGTCATCACCC","SRA526435","SRS1915196","Mus musculus","10x chromium","Cortex, hippocampus and subventricular zone","CGATCGGTCATCACCC",2025,3799,44,0.011581995261911,"Unknown"
"CGATCGGTCCCTCTTT","SRA526435","SRS1915196","Mus musculus","10x chromium","Cortex, hippocampus and subventricular zone","CGATCGGTCCCTCTTT",1686,2898,46,0.0158730158730159,"Unknown"
"CGATCGGTCCGTCAAA","SRA526435","SRS1915196","Mus musculus","10x chromium","Cortex, hippocampus and subventricular zone","CGATCGGTCCGTCAAA",977,1618,22,0.0135970333745365,"Unknown"
"CGATCGGTCTTCATGT","SRA526435","SRS1915196","Mus musculus","10x chromium","Cortex, hippocampus and subventricular zone","CGATCGGTCTTCATGT",917,1385,23,0.0166064981949458,"Unknown"
"CGATGGCAGATCCCAT","SRA526435","SRS1915196","Mus musculus","10x chromium","Cortex, hippocampus and subventricular zone","CGATGGCAGATCCCAT",1331,2111,41,0.0194220748460445,"Unknown"
"CGATGGCAGCTGCGAA","SRA526435","SRS1915196","Mus musculus","10x chromium","Cortex, hippocampus and subventricular zone","CGATGGCAGCTGCGAA",1847,3702,53,0.0143165856293895,"Unknown"
"CGATGGCAGGGCACTA","SRA526435","SRS1915196","Mus musculus","10x chromium","Cortex, hippocampus and subventricular zone","CGATGGCAGGGCACTA",1538,2736,33,0.0120614035087719,"Unknown"
"CGATGGCCAACAACCT","SRA526435","SRS1915196","Mus musculus","10x chromium","Cortex, hippocampus and subventricular zone","CGATGGCCAACAACCT",2235,4364,50,0.0114573785517874,"Unknown"
"CGATGGCCAATAACGA","SRA526435","SRS1915196","Mus musculus","10x chromium","Cortex, hippocampus and subventricular zone","CGATGGCCAATAACGA",2106,4280,38,0.0088785046728972,"Unknown"
"CGATGGCCACATTAGC","SRA526435","SRS1915196","Mus musculus","10x chromium","Cortex, hippocampus and subventricular zone","CGATGGCCACATTAGC",1351,2107,20,0.0094921689606075,"Unknown"
"CGATGGCCACCCAGTG","SRA526435","SRS1915196","Mus musculus","10x chromium","Cortex, hippocampus and subventricular zone","CGATGGCCACCCAGTG",2311,4647,27,0.00581020012911556,"Unknown"
"CGATGGCCACTTACGA","SRA526435","SRS1915196","Mus musculus","10x chromium","Cortex, hippocampus and subventricular zone","CGATGGCCACTTACGA",2643,5765,41,0.00711188204683435,"Unknown"
"CGATGGCCAGCGTCCA","SRA526435","SRS1915196","Mus musculus","10x chromium","Cortex, hippocampus and subventricular zone","CGATGGCCAGCGTCCA",1100,1708,26,0.0152224824355972,"Unknown"
"CGATGGCCAGTTAACC","SRA526435","SRS1915196","Mus musculus","10x chromium","Cortex, hippocampus and subventricular zone","CGATGGCCAGTTAACC",920,1267,30,0.0236779794790845,"Unknown"
"CGATGGCCATGCATGT","SRA526435","SRS1915196","Mus musculus","10x chromium","Cortex, hippocampus and subventricular zone","CGATGGCCATGCATGT",2585,5414,83,0.0153306243073513,"Unknown"
"CGATGGCCATGTCCTC","SRA526435","SRS1915196","Mus musculus","10x chromium","Cortex, hippocampus and subventricular zone","CGATGGCCATGTCCTC",1668,2939,44,0.0149710785981626,"Unknown"
"CGATGGCGTAGCGCAA","SRA526435","SRS1915196","Mus musculus","10x chromium","Cortex, hippocampus and subventricular zone","CGATGGCGTAGCGCAA",2043,3958,47,0.0118746841839313,"Unknown"
"CGATGGCGTATAGGTA","SRA526435","SRS1915196","Mus musculus","10x chromium","Cortex, hippocampus and subventricular zone","CGATGGCGTATAGGTA",1281,2528,73,0.028876582278481,"Unknown"
"CGATGGCGTCCCGACA","SRA526435","SRS1915196","Mus musculus","10x chromium","Cortex, hippocampus and subventricular zone","CGATGGCGTCCCGACA",2553,5798,57,0.0098309761986892,"Unknown"
"CGATGGCGTCCGTTAA","SRA526435","SRS1915196","Mus musculus","10x chromium","Cortex, hippocampus and subventricular zone","CGATGGCGTCCGTTAA",2527,5900,121,0.0205084745762712,"Unknown"
"CGATGGCGTCGACTAT","SRA526435","SRS1915196","Mus musculus","10x chromium","Cortex, hippocampus and subventricular zone","CGATGGCGTCGACTAT",3206,7998,162,0.0202550637659415,"Unknown"
"CGATGGCGTCTGCGGT","SRA526435","SRS1915196","Mus musculus","10x chromium","Cortex, hippocampus and subventricular zone","CGATGGCGTCTGCGGT",3596,9709,113,0.0116386857554846,"Unknown"
"CGATGGCGTGTCAATC","SRA526435","SRS1915196","Mus musculus","10x chromium","Cortex, hippocampus and subventricular zone","CGATGGCGTGTCAATC",660,1046,21,0.0200764818355641,"Unknown"
"CGATGGCGTGTTTGGT","SRA526435","SRS1915196","Mus musculus","10x chromium","Cortex, hippocampus and subventricular zone","CGATGGCGTGTTTGGT",2446,5257,95,0.018071143237588,"Unknown"
"CGATGGCGTTATGTGC","SRA526435","SRS1915196","Mus musculus","10x chromium","Cortex, hippocampus and subventricular zone","CGATGGCGTTATGTGC",1736,3142,47,0.0149586250795672,"Unknown"
"CGATGGCGTTCAGCGC","SRA526435","SRS1915196","Mus musculus","10x chromium","Cortex, hippocampus and subventricular zone","CGATGGCGTTCAGCGC",4475,13681,89,0.0065053724142972,"Unknown"
"CGATGGCTCACTATTC","SRA526435","SRS1915196","Mus musculus","10x chromium","Cortex, hippocampus and subventricular zone","CGATGGCTCACTATTC",2591,6072,83,0.01366930171278,"Unknown"
"CGATGGCTCGCCCTTA","SRA526435","SRS1915196","Mus musculus","10x chromium","Cortex, hippocampus and subventricular zone","CGATGGCTCGCCCTTA",1465,2597,41,0.0157874470542934,"Unknown"
"CGATGGCTCGGAGCAA","SRA526435","SRS1915196","Mus musculus","10x chromium","Cortex, hippocampus and subventricular zone","CGATGGCTCGGAGCAA",3288,8045,152,0.0188937228091983,"Unknown"
"CGATGGCTCGGAGGTA","SRA526435","SRS1915196","Mus musculus","10x chromium","Cortex, hippocampus and subventricular zone","CGATGGCTCGGAGGTA",844,1275,55,0.0431372549019608,"Unknown"
"CGATGGCTCGGGAGTA","SRA526435","SRS1915196","Mus musculus","10x chromium","Cortex, hippocampus and subventricular zone","CGATGGCTCGGGAGTA",1548,2773,21,0.00757302560403895,"Unknown"
"CGATGGCTCGTGGGAA","SRA526435","SRS1915196","Mus musculus","10x chromium","Cortex, hippocampus and subventricular zone","CGATGGCTCGTGGGAA",851,1207,69,0.0571665285832643,"Unknown"
"CGATGGCTCTAACGGT","SRA526435","SRS1915196","Mus musculus","10x chromium","Cortex, hippocampus and subventricular zone","CGATGGCTCTAACGGT",2319,5359,56,0.0104497107669341,"Unknown"
"CGATGGCTCTAACTCT","SRA526435","SRS1915196","Mus musculus","10x chromium","Cortex, hippocampus and subventricular zone","CGATGGCTCTAACTCT",2355,5509,93,0.0168814666908695,"Unknown"
"CGATGGCTCTGCTTGC","SRA526435","SRS1915196","Mus musculus","10x chromium","Cortex, hippocampus and subventricular zone","CGATGGCTCTGCTTGC",2116,4557,39,0.00855826201448321,"Unknown"
"CGATGGCTCTTCCTTC","SRA526435","SRS1915196","Mus musculus","10x chromium","Cortex, hippocampus and subventricular zone","CGATGGCTCTTCCTTC",2256,4414,54,0.0122338015405528,"Unknown"
"CGATGTAAGAGCTATA","SRA526435","SRS1915196","Mus musculus","10x chromium","Cortex, hippocampus and subventricular zone","CGATGTAAGAGCTATA",2476,4591,87,0.0189501197996079,"Unknown"
"CGATGTAAGAGTACCG","SRA526435","SRS1915196","Mus musculus","10x chromium","Cortex, hippocampus and subventricular zone","CGATGTAAGAGTACCG",2071,4492,54,0.0120213713268032,"Unknown"
"CGATGTAAGCTAACAA","SRA526435","SRS1915196","Mus musculus","10x chromium","Cortex, hippocampus and subventricular zone","CGATGTAAGCTAACAA",1062,1695,53,0.0312684365781711,"Unknown"
"CGATGTAAGCTGCAAG","SRA526435","SRS1915196","Mus musculus","10x chromium","Cortex, hippocampus and subventricular zone","CGATGTAAGCTGCAAG",923,1461,47,0.0321697467488022,"Unknown"
"CGATGTAAGTGCGTGA","SRA526435","SRS1915196","Mus musculus","10x chromium","Cortex, hippocampus and subventricular zone","CGATGTAAGTGCGTGA",2200,4474,55,0.0122932498882432,"Unknown"
"CGATGTAAGTTAACGA","SRA526435","SRS1915196","Mus musculus","10x chromium","Cortex, hippocampus and subventricular zone","CGATGTAAGTTAACGA",3532,10470,127,0.0121298949379179,"Unknown"
"CGATGTACAAACCCAT","SRA526435","SRS1915196","Mus musculus","10x chromium","Cortex, hippocampus and subventricular zone","CGATGTACAAACCCAT",2135,4331,34,0.00785038097437082,"Unknown"
"CGATGTACAACTTGAC","SRA526435","SRS1915196","Mus musculus","10x chromium","Cortex, hippocampus and subventricular zone","CGATGTACAACTTGAC",3351,9065,112,0.0123552123552124,"Unknown"
"CGATGTACAATGACCT","SRA526435","SRS1915196","Mus musculus","10x chromium","Cortex, hippocampus and subventricular zone","CGATGTACAATGACCT",2120,4329,50,0.0115500115500116,"Unknown"
"CGATGTACAATTGCTG","SRA526435","SRS1915196","Mus musculus","10x chromium","Cortex, hippocampus and subventricular zone","CGATGTACAATTGCTG",1311,2088,45,0.021551724137931,"Unknown"
"CGATGTACACTACAGT","SRA526435","SRS1915196","Mus musculus","10x chromium","Cortex, hippocampus and subventricular zone","CGATGTACACTACAGT",2661,7159,60,0.00838105880709596,"Unknown"
"CGATGTACAGATCCAT","SRA526435","SRS1915196","Mus musculus","10x chromium","Cortex, hippocampus and subventricular zone","CGATGTACAGATCCAT",3615,10299,151,0.0146616176327799,"Unknown"
"CGATGTACAGCTGCAC","SRA526435","SRS1915196","Mus musculus","10x chromium","Cortex, hippocampus and subventricular zone","CGATGTACAGCTGCAC",117,3490,11,0.00315186246418338,"Erythroid-like and erythroid precursor cells"
"CGATGTACATCCGTGG","SRA526435","SRS1915196","Mus musculus","10x chromium","Cortex, hippocampus and subventricular zone","CGATGTACATCCGTGG",2687,6458,96,0.0148652833694642,"Unknown"
"CGATGTAGTAAACCTC","SRA526435","SRS1915196","Mus musculus","10x chromium","Cortex, hippocampus and subventricular zone","CGATGTAGTAAACCTC",2209,4674,43,0.00919982884039367,"Unknown"
"CGATGTAGTAGCGTCC","SRA526435","SRS1915196","Mus musculus","10x chromium","Cortex, hippocampus and subventricular zone","CGATGTAGTAGCGTCC",1614,2499,28,0.0112044817927171,"Cajal-Retzius cells"
"CGATGTAGTATATCCG","SRA526435","SRS1915196","Mus musculus","10x chromium","Cortex, hippocampus and subventricular zone","CGATGTAGTATATCCG",3084,8036,79,0.00983076157292185,"Unknown"
"CGATGTAGTCATACTG","SRA526435","SRS1915196","Mus musculus","10x chromium","Cortex, hippocampus and subventricular zone","CGATGTAGTCATACTG",2279,4324,35,0.00809435707678076,"Unknown"
"CGATGTAGTCCCGACA","SRA526435","SRS1915196","Mus musculus","10x chromium","Cortex, hippocampus and subventricular zone","CGATGTAGTCCCGACA",1528,3108,52,0.0167310167310167,"Unknown"
"CGATGTAGTCCGAATT","SRA526435","SRS1915196","Mus musculus","10x chromium","Cortex, hippocampus and subventricular zone","CGATGTAGTCCGAATT",2037,5593,130,0.0232433398891471,"Microglia"
"CGATGTAGTGTGTGCC","SRA526435","SRS1915196","Mus musculus","10x chromium","Cortex, hippocampus and subventricular zone","CGATGTAGTGTGTGCC",217,10180,5,0.000491159135559921,"Erythroid-like and erythroid precursor cells"
"CGATGTAGTTTGTTGG","SRA526435","SRS1915196","Mus musculus","10x chromium","Cortex, hippocampus and subventricular zone","CGATGTAGTTTGTTGG",2568,5667,76,0.0134109758249515,"Unknown"
"CGATGTATCAACGGGA","SRA526435","SRS1915196","Mus musculus","10x chromium","Cortex, hippocampus and subventricular zone","CGATGTATCAACGGGA",1129,1970,27,0.0137055837563452,"Unknown"
"CGATGTATCACTTATC","SRA526435","SRS1915196","Mus musculus","10x chromium","Cortex, hippocampus and subventricular zone","CGATGTATCACTTATC",3597,9467,112,0.0118305693461498,"Unknown"
"CGATGTATCGCATGGC","SRA526435","SRS1915196","Mus musculus","10x chromium","Cortex, hippocampus and subventricular zone","CGATGTATCGCATGGC",2543,5215,59,0.011313518696069,"Unknown"
"CGATGTATCTCCCTGA","SRA526435","SRS1915196","Mus musculus","10x chromium","Cortex, hippocampus and subventricular zone","CGATGTATCTCCCTGA",2621,5979,63,0.0105368790767687,"Unknown"
"CGATTGAAGAAGGTGA","SRA526435","SRS1915196","Mus musculus","10x chromium","Cortex, hippocampus and subventricular zone","CGATTGAAGAAGGTGA",2089,4585,41,0.00894220283533261,"Unknown"
"CGATTGAAGAATTCCC","SRA526435","SRS1915196","Mus musculus","10x chromium","Cortex, hippocampus and subventricular zone","CGATTGAAGAATTCCC",757,1056,32,0.0303030303030303,"Unknown"
"CGATTGAAGATATACG","SRA526435","SRS1915196","Mus musculus","10x chromium","Cortex, hippocampus and subventricular zone","CGATTGAAGATATACG",1626,3303,36,0.0108991825613079,"Unknown"
"CGATTGAAGCACGCCT","SRA526435","SRS1915196","Mus musculus","10x chromium","Cortex, hippocampus and subventricular zone","CGATTGAAGCACGCCT",1890,3575,72,0.0201398601398601,"Unknown"
"CGATTGAAGCGTGAGT","SRA526435","SRS1915196","Mus musculus","10x chromium","Cortex, hippocampus and subventricular zone","CGATTGAAGCGTGAGT",3618,9085,107,0.0117776554760594,"Unknown"
"CGATTGAAGTCATGCT","SRA526435","SRS1915196","Mus musculus","10x chromium","Cortex, hippocampus and subventricular zone","CGATTGAAGTCATGCT",1227,2240,57,0.0254464285714286,"Unknown"
"CGATTGACACCGAAAG","SRA526435","SRS1915196","Mus musculus","10x chromium","Cortex, hippocampus and subventricular zone","CGATTGACACCGAAAG",3523,9309,85,0.00913094854441938,"Unknown"
"CGATTGACACCGTTGG","SRA526435","SRS1915196","Mus musculus","10x chromium","Cortex, hippocampus and subventricular zone","CGATTGACACCGTTGG",1853,3342,69,0.0206463195691203,"Unknown"
"CGATTGACACGGCGTT","SRA526435","SRS1915196","Mus musculus","10x chromium","Cortex, hippocampus and subventricular zone","CGATTGACACGGCGTT",2953,7781,102,0.0131088549029688,"Unknown"
"CGATTGACATCCGCGA","SRA526435","SRS1915196","Mus musculus","10x chromium","Cortex, hippocampus and subventricular zone","CGATTGACATCCGCGA",2402,5294,60,0.011333585190782,"Unknown"
"CGATTGACATCTATGG","SRA526435","SRS1915196","Mus musculus","10x chromium","Cortex, hippocampus and subventricular zone","CGATTGACATCTATGG",1122,1906,4,0.00209863588667366,"Unknown"
"CGATTGAGTACGCACC","SRA526435","SRS1915196","Mus musculus","10x chromium","Cortex, hippocampus and subventricular zone","CGATTGAGTACGCACC",1806,3433,36,0.0104864549956306,"Unknown"
"CGATTGAGTCAATACC","SRA526435","SRS1915196","Mus musculus","10x chromium","Cortex, hippocampus and subventricular zone","CGATTGAGTCAATACC",1521,2642,112,0.0423921271763815,"Unknown"
"CGATTGAGTCACCCAG","SRA526435","SRS1915196","Mus musculus","10x chromium","Cortex, hippocampus and subventricular zone","CGATTGAGTCACCCAG",2372,4565,63,0.0138006571741511,"Unknown"
"CGATTGAGTCCGTCAG","SRA526435","SRS1915196","Mus musculus","10x chromium","Cortex, hippocampus and subventricular zone","CGATTGAGTCCGTCAG",2441,5292,62,0.0117157974300831,"Unknown"
"CGATTGAGTCTCAACA","SRA526435","SRS1915196","Mus musculus","10x chromium","Cortex, hippocampus and subventricular zone","CGATTGAGTCTCAACA",4505,14195,113,0.00796054948925678,"Unknown"
"CGATTGAGTGAGGGTT","SRA526435","SRS1915196","Mus musculus","10x chromium","Cortex, hippocampus and subventricular zone","CGATTGAGTGAGGGTT",2605,5367,50,0.00931619154089808,"Endothelial cells"
"CGATTGAGTTAAAGTG","SRA526435","SRS1915196","Mus musculus","10x chromium","Cortex, hippocampus and subventricular zone","CGATTGAGTTAAAGTG",1977,4386,56,0.0127678978568171,"Unknown"
"CGATTGAGTTACCAGT","SRA526435","SRS1915196","Mus musculus","10x chromium","Cortex, hippocampus and subventricular zone","CGATTGAGTTACCAGT",1004,1367,60,0.0438917337234821,"Unknown"
"CGATTGAGTTCACGGC","SRA526435","SRS1915196","Mus musculus","10x chromium","Cortex, hippocampus and subventricular zone","CGATTGAGTTCACGGC",1159,2041,72,0.0352768250857423,"Unknown"
"CGATTGAGTTCAGCGC","SRA526435","SRS1915196","Mus musculus","10x chromium","Cortex, hippocampus and subventricular zone","CGATTGAGTTCAGCGC",2671,6046,49,0.00810453192193186,"Unknown"
"CGATTGATCTTTCCTC","SRA526435","SRS1915196","Mus musculus","10x chromium","Cortex, hippocampus and subventricular zone","CGATTGATCTTTCCTC",3389,8715,115,0.0131956397016638,"Unknown"
"CGCCAAGAGAATAGGG","SRA526435","SRS1915196","Mus musculus","10x chromium","Cortex, hippocampus and subventricular zone","CGCCAAGAGAATAGGG",1515,3059,60,0.019614253023864,"Unknown"
"CGCCAAGAGCCACGTC","SRA526435","SRS1915196","Mus musculus","10x chromium","Cortex, hippocampus and subventricular zone","CGCCAAGAGCCACGTC",2573,5537,64,0.0115586057431822,"Unknown"
"CGCCAAGAGCTGCGAA","SRA526435","SRS1915196","Mus musculus","10x chromium","Cortex, hippocampus and subventricular zone","CGCCAAGAGCTGCGAA",2504,4890,62,0.012678936605317,"Unknown"
"CGCCAAGAGGGTGTGT","SRA526435","SRS1915196","Mus musculus","10x chromium","Cortex, hippocampus and subventricular zone","CGCCAAGAGGGTGTGT",2573,6243,141,0.0225852955309947,"Pericytes"
"CGCCAAGAGGTGCTTT","SRA526435","SRS1915196","Mus musculus","10x chromium","Cortex, hippocampus and subventricular zone","CGCCAAGAGGTGCTTT",124,4890,4,0.00081799591002045,"Erythroid-like and erythroid precursor cells"
"CGCCAAGAGTGTGGCA","SRA526435","SRS1915196","Mus musculus","10x chromium","Cortex, hippocampus and subventricular zone","CGCCAAGAGTGTGGCA",1001,1587,19,0.0119722747321991,"Unknown"
"CGCCAAGAGTTAGGTA","SRA526435","SRS1915196","Mus musculus","10x chromium","Cortex, hippocampus and subventricular zone","CGCCAAGAGTTAGGTA",3831,11202,61,0.00544545616854133,"Oligodendrocyte progenitor cells"
"CGCCAAGAGTTGCAGG","SRA526435","SRS1915196","Mus musculus","10x chromium","Cortex, hippocampus and subventricular zone","CGCCAAGAGTTGCAGG",1859,3583,31,0.00865196762489534,"Unknown"
"CGCCAAGCAATCGGTT","SRA526435","SRS1915196","Mus musculus","10x chromium","Cortex, hippocampus and subventricular zone","CGCCAAGCAATCGGTT",2553,5647,64,0.0113334513901186,"Unknown"
"CGCCAAGCAATGGAAT","SRA526435","SRS1915196","Mus musculus","10x chromium","Cortex, hippocampus and subventricular zone","CGCCAAGCAATGGAAT",4898,19315,139,0.00719647942013979,"Unknown"
"CGCCAAGCACCGAAAG","SRA526435","SRS1915196","Mus musculus","10x chromium","Cortex, hippocampus and subventricular zone","CGCCAAGCACCGAAAG",3086,7995,76,0.00950594121325829,"Unknown"
"CGCCAAGCAGACAAGC","SRA526435","SRS1915196","Mus musculus","10x chromium","Cortex, hippocampus and subventricular zone","CGCCAAGCAGACAAGC",5331,18700,233,0.0124598930481283,"Unknown"
"CGCCAAGCATGAAGTA","SRA526435","SRS1915196","Mus musculus","10x chromium","Cortex, hippocampus and subventricular zone","CGCCAAGCATGAAGTA",52,1888,1,0.000529661016949153,"Erythroid-like and erythroid precursor cells"
"CGCCAAGGTACAAGTA","SRA526435","SRS1915196","Mus musculus","10x chromium","Cortex, hippocampus and subventricular zone","CGCCAAGGTACAAGTA",2241,4699,66,0.0140455416045967,"Unknown"
"CGCCAAGGTACGCTGC","SRA526435","SRS1915196","Mus musculus","10x chromium","Cortex, hippocampus and subventricular zone","CGCCAAGGTACGCTGC",104,3495,1,0.000286123032904149,"Erythroid-like and erythroid precursor cells"
"CGCCAAGGTCGTCTTC","SRA526435","SRS1915196","Mus musculus","10x chromium","Cortex, hippocampus and subventricular zone","CGCCAAGGTCGTCTTC",2183,4328,53,0.0122458410351201,"Unknown"
"CGCCAAGGTGCAACGA","SRA526435","SRS1915196","Mus musculus","10x chromium","Cortex, hippocampus and subventricular zone","CGCCAAGGTGCAACGA",1848,3426,77,0.0224751897256276,"Unknown"
"CGCCAAGTCACGCGGT","SRA526435","SRS1915196","Mus musculus","10x chromium","Cortex, hippocampus and subventricular zone","CGCCAAGTCACGCGGT",3157,7505,103,0.0137241838774151,"Unknown"
"CGCGGTAAGATACACA","SRA526435","SRS1915196","Mus musculus","10x chromium","Cortex, hippocampus and subventricular zone","CGCGGTAAGATACACA",61,1679,6,0.00357355568790947,"Erythroid-like and erythroid precursor cells"
"CGCGGTAAGCAGGTCA","SRA526435","SRS1915196","Mus musculus","10x chromium","Cortex, hippocampus and subventricular zone","CGCGGTAAGCAGGTCA",1231,1915,29,0.0151436031331593,"Unknown"
"CGCGGTAAGGTCGGAT","SRA526435","SRS1915196","Mus musculus","10x chromium","Cortex, hippocampus and subventricular zone","CGCGGTAAGGTCGGAT",2220,4263,35,0.00821018062397373,"Unknown"
"CGCGGTAAGTGAAGAG","SRA526435","SRS1915196","Mus musculus","10x chromium","Cortex, hippocampus and subventricular zone","CGCGGTAAGTGAAGAG",1453,2992,41,0.0137032085561497,"Unknown"
"CGCGGTACAATGAAAC","SRA526435","SRS1915196","Mus musculus","10x chromium","Cortex, hippocampus and subventricular zone","CGCGGTACAATGAAAC",2164,5168,137,0.0265092879256966,"Unknown"
"CGCGGTACACATCTTT","SRA526435","SRS1915196","Mus musculus","10x chromium","Cortex, hippocampus and subventricular zone","CGCGGTACACATCTTT",1901,3494,59,0.0168860904407556,"Unknown"
"CGCGGTACACCATCCT","SRA526435","SRS1915196","Mus musculus","10x chromium","Cortex, hippocampus and subventricular zone","CGCGGTACACCATCCT",3205,6717,64,0.00952806312341819,"Unknown"
"CGCGGTACAGACGCCT","SRA526435","SRS1915196","Mus musculus","10x chromium","Cortex, hippocampus and subventricular zone","CGCGGTACAGACGCCT",78,1233,1,0.0008110300081103,"Erythroid-like and erythroid precursor cells"
"CGCGGTACAGATAATG","SRA526435","SRS1915196","Mus musculus","10x chromium","Cortex, hippocampus and subventricular zone","CGCGGTACAGATAATG",2531,5744,67,0.0116643454038997,"Unknown"
"CGCGGTACAGCCTGTG","SRA526435","SRS1915196","Mus musculus","10x chromium","Cortex, hippocampus and subventricular zone","CGCGGTACAGCCTGTG",2151,4750,41,0.00863157894736842,"Unknown"
"CGCGGTACAGCGTAAG","SRA526435","SRS1915196","Mus musculus","10x chromium","Cortex, hippocampus and subventricular zone","CGCGGTACAGCGTAAG",2217,4780,63,0.0131799163179916,"Unknown"
"CGCGGTACATGCATGT","SRA526435","SRS1915196","Mus musculus","10x chromium","Cortex, hippocampus and subventricular zone","CGCGGTACATGCATGT",2015,4520,46,0.0101769911504425,"Unknown"
"CGCGGTACATGCTAGT","SRA526435","SRS1915196","Mus musculus","10x chromium","Cortex, hippocampus and subventricular zone","CGCGGTACATGCTAGT",2364,4873,49,0.0100554073466037,"Unknown"
"CGCGGTAGTATCTGCA","SRA526435","SRS1915196","Mus musculus","10x chromium","Cortex, hippocampus and subventricular zone","CGCGGTAGTATCTGCA",819,1061,42,0.0395852968897267,"Unknown"
"CGCGGTAGTCAAGCGA","SRA526435","SRS1915196","Mus musculus","10x chromium","Cortex, hippocampus and subventricular zone","CGCGGTAGTCAAGCGA",2882,6865,98,0.0142753095411508,"Unknown"
"CGCGGTAGTCCTGCTT","SRA526435","SRS1915196","Mus musculus","10x chromium","Cortex, hippocampus and subventricular zone","CGCGGTAGTCCTGCTT",1835,3461,50,0.014446691707599,"Unknown"
"CGCGGTAGTGTTTGGT","SRA526435","SRS1915196","Mus musculus","10x chromium","Cortex, hippocampus and subventricular zone","CGCGGTAGTGTTTGGT",3026,7482,52,0.00695001336541032,"Unknown"
"CGCGGTAGTTCCCTTG","SRA526435","SRS1915196","Mus musculus","10x chromium","Cortex, hippocampus and subventricular zone","CGCGGTAGTTCCCTTG",3120,8112,108,0.0133136094674556,"Unknown"
"CGCGGTATCATGTAGC","SRA526435","SRS1915196","Mus musculus","10x chromium","Cortex, hippocampus and subventricular zone","CGCGGTATCATGTAGC",1705,3111,64,0.0205721632915461,"Unknown"
"CGCGGTATCCAAACAC","SRA526435","SRS1915196","Mus musculus","10x chromium","Cortex, hippocampus and subventricular zone","CGCGGTATCCAAACAC",2886,7925,78,0.00984227129337539,"Unknown"
"CGCGGTATCGTCCAGG","SRA526435","SRS1915196","Mus musculus","10x chromium","Cortex, hippocampus and subventricular zone","CGCGGTATCGTCCAGG",1792,3416,50,0.0146370023419204,"Unknown"
"CGCGGTATCTCGTATT","SRA526435","SRS1915196","Mus musculus","10x chromium","Cortex, hippocampus and subventricular zone","CGCGGTATCTCGTATT",1679,3047,54,0.0177223498523138,"Unknown"
"CGCGGTATCTTGCCGT","SRA526435","SRS1915196","Mus musculus","10x chromium","Cortex, hippocampus and subventricular zone","CGCGGTATCTTGCCGT",999,1348,7,0.00519287833827893,"Unknown"
"CGCGTTTAGAAAGTGG","SRA526435","SRS1915196","Mus musculus","10x chromium","Cortex, hippocampus and subventricular zone","CGCGTTTAGAAAGTGG",2066,4098,53,0.0129331381161542,"Unknown"
"CGCGTTTAGCTGCGAA","SRA526435","SRS1915196","Mus musculus","10x chromium","Cortex, hippocampus and subventricular zone","CGCGTTTAGCTGCGAA",1380,2339,9,0.00384779820436084,"Unknown"
"CGCGTTTAGGTGTGGT","SRA526435","SRS1915196","Mus musculus","10x chromium","Cortex, hippocampus and subventricular zone","CGCGTTTAGGTGTGGT",1890,3416,63,0.0184426229508197,"Unknown"
"CGCGTTTAGTGAATTG","SRA526435","SRS1915196","Mus musculus","10x chromium","Cortex, hippocampus and subventricular zone","CGCGTTTAGTGAATTG",1871,3657,35,0.00957068635493574,"Unknown"
"CGCGTTTAGTGCGATG","SRA526435","SRS1915196","Mus musculus","10x chromium","Cortex, hippocampus and subventricular zone","CGCGTTTAGTGCGATG",3054,7863,93,0.0118275467378863,"Unknown"
"CGCGTTTAGTTATCGC","SRA526435","SRS1915196","Mus musculus","10x chromium","Cortex, hippocampus and subventricular zone","CGCGTTTAGTTATCGC",2702,6178,98,0.0158627387504047,"Unknown"
"CGCGTTTCAACTGCTA","SRA526435","SRS1915196","Mus musculus","10x chromium","Cortex, hippocampus and subventricular zone","CGCGTTTCAACTGCTA",2628,6642,115,0.0173140620295092,"Unknown"
"CGCGTTTCAAGCCTAT","SRA526435","SRS1915196","Mus musculus","10x chromium","Cortex, hippocampus and subventricular zone","CGCGTTTCAAGCCTAT",2054,4092,52,0.0127077223851417,"Unknown"
"CGCGTTTCAATCTGCA","SRA526435","SRS1915196","Mus musculus","10x chromium","Cortex, hippocampus and subventricular zone","CGCGTTTCAATCTGCA",2998,7216,114,0.0157982261640798,"Unknown"
"CGCGTTTCAATTGCTG","SRA526435","SRS1915196","Mus musculus","10x chromium","Cortex, hippocampus and subventricular zone","CGCGTTTCAATTGCTG",724,1093,51,0.0466605672461116,"Unknown"
"CGCGTTTCAGCAGTTT","SRA526435","SRS1915196","Mus musculus","10x chromium","Cortex, hippocampus and subventricular zone","CGCGTTTCAGCAGTTT",3292,8090,92,0.011372064276885,"Unknown"
"CGCGTTTCAGCGTAAG","SRA526435","SRS1915196","Mus musculus","10x chromium","Cortex, hippocampus and subventricular zone","CGCGTTTCAGCGTAAG",2505,5436,78,0.0143487858719647,"Unknown"
"CGCGTTTCATATGGTC","SRA526435","SRS1915196","Mus musculus","10x chromium","Cortex, hippocampus and subventricular zone","CGCGTTTCATATGGTC",3446,8383,83,0.0099009900990099,"Unknown"
"CGCGTTTCATTACGAC","SRA526435","SRS1915196","Mus musculus","10x chromium","Cortex, hippocampus and subventricular zone","CGCGTTTCATTACGAC",2095,4068,87,0.0213864306784661,"Unknown"
"CGCGTTTGTAATTGGA","SRA526435","SRS1915196","Mus musculus","10x chromium","Cortex, hippocampus and subventricular zone","CGCGTTTGTAATTGGA",2818,7581,124,0.0163566811766258,"Microglia"
"CGCGTTTGTCAGAGGT","SRA526435","SRS1915196","Mus musculus","10x chromium","Cortex, hippocampus and subventricular zone","CGCGTTTGTCAGAGGT",1934,3853,31,0.00804567869192837,"Unknown"
"CGCGTTTGTCCGAATT","SRA526435","SRS1915196","Mus musculus","10x chromium","Cortex, hippocampus and subventricular zone","CGCGTTTGTCCGAATT",893,1346,58,0.0430906389301634,"Unknown"
"CGCGTTTGTCTCCCTA","SRA526435","SRS1915196","Mus musculus","10x chromium","Cortex, hippocampus and subventricular zone","CGCGTTTGTCTCCCTA",2544,5851,51,0.00871645872500427,"Unknown"
"CGCGTTTGTGCAGACA","SRA526435","SRS1915196","Mus musculus","10x chromium","Cortex, hippocampus and subventricular zone","CGCGTTTGTGCAGACA",1698,3186,39,0.012241054613936,"Unknown"
"CGCGTTTGTGTCCTCT","SRA526435","SRS1915196","Mus musculus","10x chromium","Cortex, hippocampus and subventricular zone","CGCGTTTGTGTCCTCT",871,1634,30,0.018359853121175,"Unknown"
"CGCGTTTGTGTGAAAT","SRA526435","SRS1915196","Mus musculus","10x chromium","Cortex, hippocampus and subventricular zone","CGCGTTTGTGTGAAAT",2586,5736,49,0.00854253835425384,"Unknown"
"CGCGTTTGTTATGCGT","SRA526435","SRS1915196","Mus musculus","10x chromium","Cortex, hippocampus and subventricular zone","CGCGTTTGTTATGCGT",2540,5619,68,0.0121017974728599,"Unknown"
"CGCGTTTGTTCAGCGC","SRA526435","SRS1915196","Mus musculus","10x chromium","Cortex, hippocampus and subventricular zone","CGCGTTTGTTCAGCGC",2300,4493,21,0.00467393723569998,"Unknown"
"CGCGTTTTCAATAAGG","SRA526435","SRS1915196","Mus musculus","10x chromium","Cortex, hippocampus and subventricular zone","CGCGTTTTCAATAAGG",1013,2009,49,0.024390243902439,"Unknown"
"CGCGTTTTCATGTCCC","SRA526435","SRS1915196","Mus musculus","10x chromium","Cortex, hippocampus and subventricular zone","CGCGTTTTCATGTCCC",2382,4935,53,0.0107396149949341,"Unknown"
"CGCGTTTTCCAGATCA","SRA526435","SRS1915196","Mus musculus","10x chromium","Cortex, hippocampus and subventricular zone","CGCGTTTTCCAGATCA",1535,2961,70,0.0236406619385343,"Unknown"
"CGCGTTTTCGTGGACC","SRA526435","SRS1915196","Mus musculus","10x chromium","Cortex, hippocampus and subventricular zone","CGCGTTTTCGTGGACC",3031,7374,112,0.0151885001356116,"Unknown"
"CGCGTTTTCGTTTGCC","SRA526435","SRS1915196","Mus musculus","10x chromium","Cortex, hippocampus and subventricular zone","CGCGTTTTCGTTTGCC",2343,5089,38,0.00746708587148752,"Unknown"
"CGCTATCAGAAGGGTA","SRA526435","SRS1915196","Mus musculus","10x chromium","Cortex, hippocampus and subventricular zone","CGCTATCAGAAGGGTA",3831,10833,64,0.00590787408843349,"Unknown"
"CGCTATCAGACACTAA","SRA526435","SRS1915196","Mus musculus","10x chromium","Cortex, hippocampus and subventricular zone","CGCTATCAGACACTAA",1539,2825,28,0.00991150442477876,"Unknown"
"CGCTATCAGATGCCAG","SRA526435","SRS1915196","Mus musculus","10x chromium","Cortex, hippocampus and subventricular zone","CGCTATCAGATGCCAG",2008,4057,63,0.0155287157998521,"Unknown"
"CGCTATCAGTCGAGTG","SRA526435","SRS1915196","Mus musculus","10x chromium","Cortex, hippocampus and subventricular zone","CGCTATCAGTCGAGTG",1624,3074,42,0.0136629798308393,"Unknown"
"CGCTATCAGTCTCAAC","SRA526435","SRS1915196","Mus musculus","10x chromium","Cortex, hippocampus and subventricular zone","CGCTATCAGTCTCAAC",2277,4718,57,0.0120813904196694,"Unknown"
"CGCTATCCACGGATAG","SRA526435","SRS1915196","Mus musculus","10x chromium","Cortex, hippocampus and subventricular zone","CGCTATCCACGGATAG",3258,7821,97,0.0124025060733921,"Unknown"
"CGCTATCCAGAAGCAC","SRA526435","SRS1915196","Mus musculus","10x chromium","Cortex, hippocampus and subventricular zone","CGCTATCCAGAAGCAC",696,1049,6,0.00571973307912297,"Unknown"
"CGCTATCCAGCTATTG","SRA526435","SRS1915196","Mus musculus","10x chromium","Cortex, hippocampus and subventricular zone","CGCTATCCAGCTATTG",2874,7508,103,0.0137187000532765,"Unknown"
"CGCTATCGTAGGGACT","SRA526435","SRS1915196","Mus musculus","10x chromium","Cortex, hippocampus and subventricular zone","CGCTATCGTAGGGACT",1382,2084,15,0.00719769673704415,"Unknown"
"CGCTATCGTCAAAGCG","SRA526435","SRS1915196","Mus musculus","10x chromium","Cortex, hippocampus and subventricular zone","CGCTATCGTCAAAGCG",2028,3702,70,0.0189086980010805,"Unknown"
"CGCTATCGTCCGTTAA","SRA526435","SRS1915196","Mus musculus","10x chromium","Cortex, hippocampus and subventricular zone","CGCTATCGTCCGTTAA",2265,4747,64,0.0134821992837582,"Unknown"
"CGCTATCGTCTCTCGT","SRA526435","SRS1915196","Mus musculus","10x chromium","Cortex, hippocampus and subventricular zone","CGCTATCGTCTCTCGT",2016,3646,93,0.0255074053757543,"Unknown"
"CGCTATCGTGTGTGCC","SRA526435","SRS1915196","Mus musculus","10x chromium","Cortex, hippocampus and subventricular zone","CGCTATCGTGTGTGCC",1387,2603,41,0.0157510564733,"Unknown"
"CGCTATCGTTCGTTGA","SRA526435","SRS1915196","Mus musculus","10x chromium","Cortex, hippocampus and subventricular zone","CGCTATCGTTCGTTGA",2917,6932,49,0.00706866705135603,"Unknown"
"CGCTATCTCACAATGC","SRA526435","SRS1915196","Mus musculus","10x chromium","Cortex, hippocampus and subventricular zone","CGCTATCTCACAATGC",1294,2320,85,0.0366379310344828,"Unknown"
"CGCTATCTCATCGGAT","SRA526435","SRS1915196","Mus musculus","10x chromium","Cortex, hippocampus and subventricular zone","CGCTATCTCATCGGAT",2010,3834,29,0.00756390193009911,"Unknown"
"CGCTATCTCCCAGGTG","SRA526435","SRS1915196","Mus musculus","10x chromium","Cortex, hippocampus and subventricular zone","CGCTATCTCCCAGGTG",2977,7579,70,0.00923604697189603,"Unknown"
"CGCTATCTCCGCATCT","SRA526435","SRS1915196","Mus musculus","10x chromium","Cortex, hippocampus and subventricular zone","CGCTATCTCCGCATCT",1990,3843,49,0.0127504553734062,"Unknown"
"CGCTATCTCTGAAAGA","SRA526435","SRS1915196","Mus musculus","10x chromium","Cortex, hippocampus and subventricular zone","CGCTATCTCTGAAAGA",1926,3955,87,0.0219974715549937,"Unknown"
"CGCTGGAAGACACTAA","SRA526435","SRS1915196","Mus musculus","10x chromium","Cortex, hippocampus and subventricular zone","CGCTGGAAGACACTAA",2771,6656,72,0.0108173076923077,"Unknown"
"CGCTGGAAGCCAGTTT","SRA526435","SRS1915196","Mus musculus","10x chromium","Cortex, hippocampus and subventricular zone","CGCTGGAAGCCAGTTT",1492,2472,30,0.0121359223300971,"Unknown"
"CGCTGGAAGGAATGGA","SRA526435","SRS1915196","Mus musculus","10x chromium","Cortex, hippocampus and subventricular zone","CGCTGGAAGGAATGGA",2875,7511,81,0.0107841831979763,"Unknown"
"CGCTGGAAGGCTAGCA","SRA526435","SRS1915196","Mus musculus","10x chromium","Cortex, hippocampus and subventricular zone","CGCTGGAAGGCTAGCA",2161,5088,83,0.016312893081761,"Endothelial cells"
"CGCTGGAAGTCGCCGT","SRA526435","SRS1915196","Mus musculus","10x chromium","Cortex, hippocampus and subventricular zone","CGCTGGAAGTCGCCGT",1980,3962,46,0.0116102978293791,"Unknown"
"CGCTGGAAGTTGTCGT","SRA526435","SRS1915196","Mus musculus","10x chromium","Cortex, hippocampus and subventricular zone","CGCTGGAAGTTGTCGT",2376,4804,45,0.00936719400499584,"Unknown"
"CGCTGGACACTTACGA","SRA526435","SRS1915196","Mus musculus","10x chromium","Cortex, hippocampus and subventricular zone","CGCTGGACACTTACGA",2003,3845,75,0.0195058517555267,"Unknown"
"CGCTGGACAGCTGCTG","SRA526435","SRS1915196","Mus musculus","10x chromium","Cortex, hippocampus and subventricular zone","CGCTGGACAGCTGCTG",1137,1768,62,0.0350678733031674,"Unknown"
"CGCTGGAGTACGCACC","SRA526435","SRS1915196","Mus musculus","10x chromium","Cortex, hippocampus and subventricular zone","CGCTGGAGTACGCACC",3104,7275,51,0.00701030927835052,"Unknown"
"CGCTGGAGTCTCCCTA","SRA526435","SRS1915196","Mus musculus","10x chromium","Cortex, hippocampus and subventricular zone","CGCTGGAGTCTCCCTA",2389,5305,55,0.0103675777568332,"Unknown"
"CGCTGGATCCAACCAA","SRA526435","SRS1915196","Mus musculus","10x chromium","Cortex, hippocampus and subventricular zone","CGCTGGATCCAACCAA",1995,3662,35,0.00955761878754779,"Unknown"
"CGCTGGATCCAGATCA","SRA526435","SRS1915196","Mus musculus","10x chromium","Cortex, hippocampus and subventricular zone","CGCTGGATCCAGATCA",1183,1752,26,0.0148401826484018,"Unknown"
"CGCTGGATCCTAGTGA","SRA526435","SRS1915196","Mus musculus","10x chromium","Cortex, hippocampus and subventricular zone","CGCTGGATCCTAGTGA",3481,8889,64,0.00719991000112499,"Unknown"
"CGCTTCAAGCGTTGCC","SRA526435","SRS1915196","Mus musculus","10x chromium","Cortex, hippocampus and subventricular zone","CGCTTCAAGCGTTGCC",2107,4269,53,0.0124150855001171,"Unknown"
"CGCTTCAAGGCGATAC","SRA526435","SRS1915196","Mus musculus","10x chromium","Cortex, hippocampus and subventricular zone","CGCTTCAAGGCGATAC",747,1063,19,0.0178739416745061,"Unknown"
"CGCTTCAAGTCGCCGT","SRA526435","SRS1915196","Mus musculus","10x chromium","Cortex, hippocampus and subventricular zone","CGCTTCAAGTCGCCGT",4750,15108,146,0.00966375430235637,"Unknown"
"CGCTTCAAGTGAAGAG","SRA526435","SRS1915196","Mus musculus","10x chromium","Cortex, hippocampus and subventricular zone","CGCTTCAAGTGAAGAG",2398,5267,43,0.00816404025061705,"Unknown"
"CGCTTCAAGTTCGCGC","SRA526435","SRS1915196","Mus musculus","10x chromium","Cortex, hippocampus and subventricular zone","CGCTTCAAGTTCGCGC",1286,2099,54,0.0257265364459266,"Unknown"
"CGCTTCACAGGACCCT","SRA526435","SRS1915196","Mus musculus","10x chromium","Cortex, hippocampus and subventricular zone","CGCTTCACAGGACCCT",1342,2154,98,0.0454967502321263,"Unknown"
"CGCTTCACAGGACGTA","SRA526435","SRS1915196","Mus musculus","10x chromium","Cortex, hippocampus and subventricular zone","CGCTTCACAGGACGTA",79,1952,8,0.00409836065573771,"Erythroid-like and erythroid precursor cells"
"CGCTTCACAGGGAGAG","SRA526435","SRS1915196","Mus musculus","10x chromium","Cortex, hippocampus and subventricular zone","CGCTTCACAGGGAGAG",2088,4097,41,0.0100073224310471,"Unknown"
"CGCTTCACAGTGGAGT","SRA526435","SRS1915196","Mus musculus","10x chromium","Cortex, hippocampus and subventricular zone","CGCTTCACAGTGGAGT",1215,1802,34,0.0188679245283019,"Unknown"
"CGCTTCAGTACCGCTG","SRA526435","SRS1915196","Mus musculus","10x chromium","Cortex, hippocampus and subventricular zone","CGCTTCAGTACCGCTG",2458,5158,56,0.0108569212873207,"Unknown"
"CGCTTCAGTCTAGAGG","SRA526435","SRS1915196","Mus musculus","10x chromium","Cortex, hippocampus and subventricular zone","CGCTTCAGTCTAGAGG",2581,5717,68,0.0118943501836628,"Unknown"
"CGCTTCATCACGATGT","SRA526435","SRS1915196","Mus musculus","10x chromium","Cortex, hippocampus and subventricular zone","CGCTTCATCACGATGT",2034,5068,55,0.010852407261247,"Unknown"
"CGCTTCATCATTATCC","SRA526435","SRS1915196","Mus musculus","10x chromium","Cortex, hippocampus and subventricular zone","CGCTTCATCATTATCC",2049,3924,32,0.00815494393476045,"Unknown"
"CGCTTCATCGACCAGC","SRA526435","SRS1915196","Mus musculus","10x chromium","Cortex, hippocampus and subventricular zone","CGCTTCATCGACCAGC",2035,3943,77,0.0195282779609434,"Unknown"
"CGGACACAGCCACCTG","SRA526435","SRS1915196","Mus musculus","10x chromium","Cortex, hippocampus and subventricular zone","CGGACACAGCCACCTG",256,4677,10,0.0021381227282446,"Erythroid-like and erythroid precursor cells"
"CGGACACAGCGTAATA","SRA526435","SRS1915196","Mus musculus","10x chromium","Cortex, hippocampus and subventricular zone","CGGACACAGCGTAATA",2408,6265,77,0.0122905027932961,"Unknown"
"CGGACACAGTATCGAA","SRA526435","SRS1915196","Mus musculus","10x chromium","Cortex, hippocampus and subventricular zone","CGGACACAGTATCGAA",2726,6587,60,0.00910885076666161,"Unknown"
"CGGACACCAATGGTCT","SRA526435","SRS1915196","Mus musculus","10x chromium","Cortex, hippocampus and subventricular zone","CGGACACCAATGGTCT",1046,1783,32,0.0179472798653954,"Unknown"
"CGGACACCAGAGCCAA","SRA526435","SRS1915196","Mus musculus","10x chromium","Cortex, hippocampus and subventricular zone","CGGACACCAGAGCCAA",1985,3696,48,0.012987012987013,"Unknown"
"CGGACACGTCATATCG","SRA526435","SRS1915196","Mus musculus","10x chromium","Cortex, hippocampus and subventricular zone","CGGACACGTCATATCG",1494,2448,30,0.0122549019607843,"Unknown"
"CGGACACTCAACGCTA","SRA526435","SRS1915196","Mus musculus","10x chromium","Cortex, hippocampus and subventricular zone","CGGACACTCAACGCTA",2166,4492,77,0.0171415850400712,"Unknown"
"CGGACACTCACGCGGT","SRA526435","SRS1915196","Mus musculus","10x chromium","Cortex, hippocampus and subventricular zone","CGGACACTCACGCGGT",3031,7814,66,0.00844637829536729,"Unknown"
"CGGACACTCAGAGGTG","SRA526435","SRS1915196","Mus musculus","10x chromium","Cortex, hippocampus and subventricular zone","CGGACACTCAGAGGTG",3171,8272,170,0.0205512572533849,"Unknown"
"CGGACACTCAGGCGAA","SRA526435","SRS1915196","Mus musculus","10x chromium","Cortex, hippocampus and subventricular zone","CGGACACTCAGGCGAA",2410,4841,72,0.0148729601322041,"Unknown"
"CGGACACTCCCGACTT","SRA526435","SRS1915196","Mus musculus","10x chromium","Cortex, hippocampus and subventricular zone","CGGACACTCCCGACTT",3102,7943,166,0.0208989046959587,"Unknown"
"CGGACACTCGACGGAA","SRA526435","SRS1915196","Mus musculus","10x chromium","Cortex, hippocampus and subventricular zone","CGGACACTCGACGGAA",2264,4821,41,0.0085044596556731,"Unknown"
"CGGACACTCGAGCCCA","SRA526435","SRS1915196","Mus musculus","10x chromium","Cortex, hippocampus and subventricular zone","CGGACACTCGAGCCCA",2413,4866,66,0.0135635018495684,"Unknown"
"CGGACACTCGTCCGTT","SRA526435","SRS1915196","Mus musculus","10x chromium","Cortex, hippocampus and subventricular zone","CGGACACTCGTCCGTT",2388,5055,42,0.00830860534124629,"Unknown"
"CGGACACTCGTCTGAA","SRA526435","SRS1915196","Mus musculus","10x chromium","Cortex, hippocampus and subventricular zone","CGGACACTCGTCTGAA",1410,2510,56,0.0223107569721116,"Unknown"
"CGGACGTAGCCAGGAT","SRA526435","SRS1915196","Mus musculus","10x chromium","Cortex, hippocampus and subventricular zone","CGGACGTAGCCAGGAT",2654,5526,98,0.0177343467245747,"Cajal-Retzius cells"
"CGGACGTAGCGACGTA","SRA526435","SRS1915196","Mus musculus","10x chromium","Cortex, hippocampus and subventricular zone","CGGACGTAGCGACGTA",1613,3879,44,0.011343129672596,"Unknown"
"CGGACGTAGCGTCAAG","SRA526435","SRS1915196","Mus musculus","10x chromium","Cortex, hippocampus and subventricular zone","CGGACGTAGCGTCAAG",1669,3199,46,0.0143794935917474,"Unknown"
"CGGACGTAGGACGAAA","SRA526435","SRS1915196","Mus musculus","10x chromium","Cortex, hippocampus and subventricular zone","CGGACGTAGGACGAAA",2681,5229,59,0.011283228150698,"Oligodendrocyte progenitor cells"
"CGGACGTAGGTGTTAA","SRA526435","SRS1915196","Mus musculus","10x chromium","Cortex, hippocampus and subventricular zone","CGGACGTAGGTGTTAA",689,1123,65,0.0578806767586821,"Unknown"
"CGGACGTCACATAACC","SRA526435","SRS1915196","Mus musculus","10x chromium","Cortex, hippocampus and subventricular zone","CGGACGTCACATAACC",3148,7879,84,0.0106612514278462,"Unknown"
"CGGACGTCACATGTGT","SRA526435","SRS1915196","Mus musculus","10x chromium","Cortex, hippocampus and subventricular zone","CGGACGTCACATGTGT",2400,5444,69,0.0126745040411462,"Unknown"
"CGGACGTCACCTGGTG","SRA526435","SRS1915196","Mus musculus","10x chromium","Cortex, hippocampus and subventricular zone","CGGACGTCACCTGGTG",2773,6422,96,0.0149486141388975,"Unknown"
"CGGACGTCACTAGTAC","SRA526435","SRS1915196","Mus musculus","10x chromium","Cortex, hippocampus and subventricular zone","CGGACGTCACTAGTAC",1933,3772,54,0.0143160127253446,"Unknown"
"CGGACGTCACTTCGAA","SRA526435","SRS1915196","Mus musculus","10x chromium","Cortex, hippocampus and subventricular zone","CGGACGTCACTTCGAA",2198,4239,56,0.0132106628921916,"Unknown"
"CGGACGTCATTCGACA","SRA526435","SRS1915196","Mus musculus","10x chromium","Cortex, hippocampus and subventricular zone","CGGACGTCATTCGACA",2385,5147,97,0.0188459296677676,"Unknown"
"CGGACGTCATTTGCTT","SRA526435","SRS1915196","Mus musculus","10x chromium","Cortex, hippocampus and subventricular zone","CGGACGTCATTTGCTT",1769,3446,32,0.00928612884503772,"Unknown"
"CGGACGTGTAACGTTC","SRA526435","SRS1915196","Mus musculus","10x chromium","Cortex, hippocampus and subventricular zone","CGGACGTGTAACGTTC",3715,10562,163,0.0154326832039386,"Unknown"
"CGGACGTGTAGAGTGC","SRA526435","SRS1915196","Mus musculus","10x chromium","Cortex, hippocampus and subventricular zone","CGGACGTGTAGAGTGC",1372,2426,25,0.0103050288540808,"Unknown"
"CGGACGTGTCTAGCCG","SRA526435","SRS1915196","Mus musculus","10x chromium","Cortex, hippocampus and subventricular zone","CGGACGTGTCTAGCCG",2678,6281,52,0.00827893647508359,"Unknown"
"CGGACGTGTCTGATCA","SRA526435","SRS1915196","Mus musculus","10x chromium","Cortex, hippocampus and subventricular zone","CGGACGTGTCTGATCA",1971,3686,56,0.0151926207270754,"Unknown"
"CGGACGTGTGATGATA","SRA526435","SRS1915196","Mus musculus","10x chromium","Cortex, hippocampus and subventricular zone","CGGACGTGTGATGATA",2934,6265,53,0.00845969672785315,"Unknown"
"CGGACGTGTGTGCGTC","SRA526435","SRS1915196","Mus musculus","10x chromium","Cortex, hippocampus and subventricular zone","CGGACGTGTGTGCGTC",1947,3773,30,0.00795123244102836,"Unknown"
"CGGACGTTCAAGATCC","SRA526435","SRS1915196","Mus musculus","10x chromium","Cortex, hippocampus and subventricular zone","CGGACGTTCAAGATCC",2886,6719,112,0.016669147194523,"Unknown"
"CGGACGTTCACTATTC","SRA526435","SRS1915196","Mus musculus","10x chromium","Cortex, hippocampus and subventricular zone","CGGACGTTCACTATTC",1758,3122,8,0.0025624599615631,"Unknown"
"CGGACGTTCCGCAGTG","SRA526435","SRS1915196","Mus musculus","10x chromium","Cortex, hippocampus and subventricular zone","CGGACGTTCCGCAGTG",1082,1746,75,0.0429553264604811,"Unknown"
"CGGACGTTCGGCGCAT","SRA526435","SRS1915196","Mus musculus","10x chromium","Cortex, hippocampus and subventricular zone","CGGACGTTCGGCGCAT",68,2239,16,0.00714604734256364,"Erythroid-like and erythroid precursor cells"
"CGGACGTTCTCCGGTT","SRA526435","SRS1915196","Mus musculus","10x chromium","Cortex, hippocampus and subventricular zone","CGGACGTTCTCCGGTT",2391,5416,76,0.0140324963072378,"Unknown"
"CGGACGTTCTTTACAC","SRA526435","SRS1915196","Mus musculus","10x chromium","Cortex, hippocampus and subventricular zone","CGGACGTTCTTTACAC",2251,4697,105,0.022354694485842,"Unknown"
"CGGACTGAGACTTTCG","SRA526435","SRS1915196","Mus musculus","10x chromium","Cortex, hippocampus and subventricular zone","CGGACTGAGACTTTCG",2171,4510,55,0.0121951219512195,"Unknown"
"CGGACTGAGATCTGCT","SRA526435","SRS1915196","Mus musculus","10x chromium","Cortex, hippocampus and subventricular zone","CGGACTGAGATCTGCT",1970,3615,46,0.0127247579529737,"Endothelial cells"
"CGGACTGAGCTTATCG","SRA526435","SRS1915196","Mus musculus","10x chromium","Cortex, hippocampus and subventricular zone","CGGACTGAGCTTATCG",2119,4376,49,0.0111974405850091,"Unknown"
"CGGACTGAGTCAAGCG","SRA526435","SRS1915196","Mus musculus","10x chromium","Cortex, hippocampus and subventricular zone","CGGACTGAGTCAAGCG",2152,4482,137,0.0305667112896029,"Cajal-Retzius cells"
"CGGACTGCAAAGCGGT","SRA526435","SRS1915196","Mus musculus","10x chromium","Cortex, hippocampus and subventricular zone","CGGACTGCAAAGCGGT",1824,3240,111,0.0342592592592593,"Unknown"
"CGGACTGCAACGATCT","SRA526435","SRS1915196","Mus musculus","10x chromium","Cortex, hippocampus and subventricular zone","CGGACTGCAACGATCT",1717,3212,43,0.013387297633873,"Unknown"
"CGGACTGCACTGCCAG","SRA526435","SRS1915196","Mus musculus","10x chromium","Cortex, hippocampus and subventricular zone","CGGACTGCACTGCCAG",2022,3777,64,0.0169446650781043,"Unknown"
"CGGACTGCATGCATGT","SRA526435","SRS1915196","Mus musculus","10x chromium","Cortex, hippocampus and subventricular zone","CGGACTGCATGCATGT",2348,4690,39,0.00831556503198294,"Unknown"
"CGGACTGGTAAAGGAG","SRA526435","SRS1915196","Mus musculus","10x chromium","Cortex, hippocampus and subventricular zone","CGGACTGGTAAAGGAG",1938,3739,53,0.0141749130783632,"Unknown"
"CGGACTGGTAGGGACT","SRA526435","SRS1915196","Mus musculus","10x chromium","Cortex, hippocampus and subventricular zone","CGGACTGGTAGGGACT",2001,4091,52,0.0127108286482523,"Unknown"
"CGGACTGGTCCGAATT","SRA526435","SRS1915196","Mus musculus","10x chromium","Cortex, hippocampus and subventricular zone","CGGACTGGTCCGAATT",2700,6402,90,0.014058106841612,"Unknown"
"CGGACTGGTCTCCACT","SRA526435","SRS1915196","Mus musculus","10x chromium","Cortex, hippocampus and subventricular zone","CGGACTGGTCTCCACT",1826,4319,84,0.0194489465153971,"Unknown"
"CGGACTGGTTCGGGCT","SRA526435","SRS1915196","Mus musculus","10x chromium","Cortex, hippocampus and subventricular zone","CGGACTGGTTCGGGCT",2922,6475,78,0.012046332046332,"Unknown"
"CGGACTGTCAATAAGG","SRA526435","SRS1915196","Mus musculus","10x chromium","Cortex, hippocampus and subventricular zone","CGGACTGTCAATAAGG",4134,12729,85,0.0066776651740121,"Unknown"
"CGGACTGTCATAGCAC","SRA526435","SRS1915196","Mus musculus","10x chromium","Cortex, hippocampus and subventricular zone","CGGACTGTCATAGCAC",1597,3036,46,0.0151515151515152,"Unknown"
"CGGACTGTCCGAACGC","SRA526435","SRS1915196","Mus musculus","10x chromium","Cortex, hippocampus and subventricular zone","CGGACTGTCCGAACGC",1852,3290,30,0.00911854103343465,"Unknown"
"CGGACTGTCGACAGCC","SRA526435","SRS1915196","Mus musculus","10x chromium","Cortex, hippocampus and subventricular zone","CGGACTGTCGACAGCC",2594,5523,59,0.0106826000362122,"Unknown"
"CGGACTGTCGTACCGG","SRA526435","SRS1915196","Mus musculus","10x chromium","Cortex, hippocampus and subventricular zone","CGGACTGTCGTACCGG",1367,2247,34,0.0151312861593235,"Unknown"
"CGGACTGTCTGCAGTA","SRA526435","SRS1915196","Mus musculus","10x chromium","Cortex, hippocampus and subventricular zone","CGGACTGTCTGCAGTA",2056,3973,75,0.0188774226025673,"Unknown"
"CGGAGCTAGAGTCGGT","SRA526435","SRS1915196","Mus musculus","10x chromium","Cortex, hippocampus and subventricular zone","CGGAGCTAGAGTCGGT",3381,8599,75,0.00872194441214095,"Unknown"
"CGGAGCTAGATGGGTC","SRA526435","SRS1915196","Mus musculus","10x chromium","Cortex, hippocampus and subventricular zone","CGGAGCTAGATGGGTC",1856,3537,50,0.0141362736782584,"Unknown"
"CGGAGCTAGCGCTCCA","SRA526435","SRS1915196","Mus musculus","10x chromium","Cortex, hippocampus and subventricular zone","CGGAGCTAGCGCTCCA",1511,2761,36,0.0130387540746106,"Unknown"
"CGGAGCTAGCGGATCA","SRA526435","SRS1915196","Mus musculus","10x chromium","Cortex, hippocampus and subventricular zone","CGGAGCTAGCGGATCA",2276,4639,42,0.0090536753610692,"Unknown"
"CGGAGCTAGCGTGTCC","SRA526435","SRS1915196","Mus musculus","10x chromium","Cortex, hippocampus and subventricular zone","CGGAGCTAGCGTGTCC",2222,4620,47,0.0101731601731602,"Unknown"
"CGGAGCTAGCTAAGAT","SRA526435","SRS1915196","Mus musculus","10x chromium","Cortex, hippocampus and subventricular zone","CGGAGCTAGCTAAGAT",1185,1858,28,0.0150699677072121,"Unknown"
"CGGAGCTAGGAATTAC","SRA526435","SRS1915196","Mus musculus","10x chromium","Cortex, hippocampus and subventricular zone","CGGAGCTAGGAATTAC",991,1591,49,0.0307982401005657,"Unknown"
"CGGAGCTAGGTGCAAC","SRA526435","SRS1915196","Mus musculus","10x chromium","Cortex, hippocampus and subventricular zone","CGGAGCTAGGTGCAAC",1985,3800,53,0.0139473684210526,"Unknown"
"CGGAGCTAGGTGCTTT","SRA526435","SRS1915196","Mus musculus","10x chromium","Cortex, hippocampus and subventricular zone","CGGAGCTAGGTGCTTT",912,1371,50,0.0364697301239971,"Unknown"
"CGGAGCTCAACGATGG","SRA526435","SRS1915196","Mus musculus","10x chromium","Cortex, hippocampus and subventricular zone","CGGAGCTCAACGATGG",1321,2348,32,0.0136286201022147,"Unknown"
"CGGAGCTCAAGTTCTG","SRA526435","SRS1915196","Mus musculus","10x chromium","Cortex, hippocampus and subventricular zone","CGGAGCTCAAGTTCTG",2790,6734,94,0.013959013959014,"Unknown"
"CGGAGCTCATCCCATC","SRA526435","SRS1915196","Mus musculus","10x chromium","Cortex, hippocampus and subventricular zone","CGGAGCTCATCCCATC",1933,3683,46,0.0124898180830844,"Unknown"
"CGGAGCTCATCCGGGT","SRA526435","SRS1915196","Mus musculus","10x chromium","Cortex, hippocampus and subventricular zone","CGGAGCTCATCCGGGT",2275,4691,81,0.0172671072266041,"Unknown"
"CGGAGCTGTAGGGACT","SRA526435","SRS1915196","Mus musculus","10x chromium","Cortex, hippocampus and subventricular zone","CGGAGCTGTAGGGACT",2146,4307,68,0.0157882516833062,"Unknown"
"CGGAGCTGTCAGAAGC","SRA526435","SRS1915196","Mus musculus","10x chromium","Cortex, hippocampus and subventricular zone","CGGAGCTGTCAGAAGC",2121,4359,47,0.010782289515944,"Unknown"
"CGGAGCTGTCTAGTCA","SRA526435","SRS1915196","Mus musculus","10x chromium","Cortex, hippocampus and subventricular zone","CGGAGCTGTCTAGTCA",3903,11790,163,0.0138252756573367,"Unknown"
"CGGAGCTGTCTTGATG","SRA526435","SRS1915196","Mus musculus","10x chromium","Cortex, hippocampus and subventricular zone","CGGAGCTGTCTTGATG",819,1205,60,0.0497925311203319,"Unknown"
"CGGAGCTGTTACTGAC","SRA526435","SRS1915196","Mus musculus","10x chromium","Cortex, hippocampus and subventricular zone","CGGAGCTGTTACTGAC",1878,3484,43,0.0123421354764638,"Unknown"
"CGGAGCTGTTCAGACT","SRA526435","SRS1915196","Mus musculus","10x chromium","Cortex, hippocampus and subventricular zone","CGGAGCTGTTCAGACT",1051,1722,57,0.0331010452961672,"Unknown"
"CGGAGCTGTTCCACAA","SRA526435","SRS1915196","Mus musculus","10x chromium","Cortex, hippocampus and subventricular zone","CGGAGCTGTTCCACAA",2195,4676,52,0.0111206159110351,"Unknown"
"CGGAGCTGTTTGACTG","SRA526435","SRS1915196","Mus musculus","10x chromium","Cortex, hippocampus and subventricular zone","CGGAGCTGTTTGACTG",1486,2892,34,0.0117565698478562,"Unknown"
"CGGAGCTTCACTCTTA","SRA526435","SRS1915196","Mus musculus","10x chromium","Cortex, hippocampus and subventricular zone","CGGAGCTTCACTCTTA",3414,9136,110,0.0120402802101576,"Unknown"
"CGGAGCTTCCGTACAA","SRA526435","SRS1915196","Mus musculus","10x chromium","Cortex, hippocampus and subventricular zone","CGGAGCTTCCGTACAA",1775,3311,47,0.014195107218363,"Unknown"
"CGGAGCTTCGACAGCC","SRA526435","SRS1915196","Mus musculus","10x chromium","Cortex, hippocampus and subventricular zone","CGGAGCTTCGACAGCC",2019,3986,54,0.0135474159558455,"Unknown"
"CGGAGCTTCGAGAGCA","SRA526435","SRS1915196","Mus musculus","10x chromium","Cortex, hippocampus and subventricular zone","CGGAGCTTCGAGAGCA",1144,1660,7,0.00421686746987952,"Unknown"
"CGGAGTCAGAGTACAT","SRA526435","SRS1915196","Mus musculus","10x chromium","Cortex, hippocampus and subventricular zone","CGGAGTCAGAGTACAT",2586,5521,87,0.0157580148523818,"Unknown"
"CGGAGTCAGGCAAAGA","SRA526435","SRS1915196","Mus musculus","10x chromium","Cortex, hippocampus and subventricular zone","CGGAGTCAGGCAAAGA",2251,5069,87,0.0171631485500099,"Unknown"
"CGGAGTCAGTAAGTAC","SRA526435","SRS1915196","Mus musculus","10x chromium","Cortex, hippocampus and subventricular zone","CGGAGTCAGTAAGTAC",952,1945,83,0.0426735218508997,"Unknown"
"CGGAGTCAGTCTCGGC","SRA526435","SRS1915196","Mus musculus","10x chromium","Cortex, hippocampus and subventricular zone","CGGAGTCAGTCTCGGC",1678,3057,48,0.0157016683022571,"Unknown"
"CGGAGTCCACCACCAG","SRA526435","SRS1915196","Mus musculus","10x chromium","Cortex, hippocampus and subventricular zone","CGGAGTCCACCACCAG",856,1326,41,0.030920060331825,"Unknown"
"CGGAGTCCACCACGTG","SRA526435","SRS1915196","Mus musculus","10x chromium","Cortex, hippocampus and subventricular zone","CGGAGTCCACCACGTG",2325,4775,60,0.012565445026178,"Unknown"
"CGGAGTCCAGGGATTG","SRA526435","SRS1915196","Mus musculus","10x chromium","Cortex, hippocampus and subventricular zone","CGGAGTCCAGGGATTG",1085,1646,16,0.00972053462940462,"Unknown"
"CGGAGTCGTACGACCC","SRA526435","SRS1915196","Mus musculus","10x chromium","Cortex, hippocampus and subventricular zone","CGGAGTCGTACGACCC",1592,2885,53,0.018370883882149,"Unknown"
"CGGAGTCGTAGCACGA","SRA526435","SRS1915196","Mus musculus","10x chromium","Cortex, hippocampus and subventricular zone","CGGAGTCGTAGCACGA",2015,3893,72,0.0184947341381968,"Unknown"
"CGGAGTCGTCAGGACA","SRA526435","SRS1915196","Mus musculus","10x chromium","Cortex, hippocampus and subventricular zone","CGGAGTCGTCAGGACA",1686,3450,56,0.016231884057971,"Unknown"
"CGGAGTCGTCGACTGC","SRA526435","SRS1915196","Mus musculus","10x chromium","Cortex, hippocampus and subventricular zone","CGGAGTCGTCGACTGC",2230,4450,49,0.0110112359550562,"Unknown"
"CGGAGTCGTCTTGTCC","SRA526435","SRS1915196","Mus musculus","10x chromium","Cortex, hippocampus and subventricular zone","CGGAGTCGTCTTGTCC",1394,2545,53,0.0208251473477407,"Unknown"
"CGGAGTCGTGCCTGCA","SRA526435","SRS1915196","Mus musculus","10x chromium","Cortex, hippocampus and subventricular zone","CGGAGTCGTGCCTGCA",2246,4512,126,0.0279255319148936,"Unknown"
"CGGAGTCGTGTTGAGG","SRA526435","SRS1915196","Mus musculus","10x chromium","Cortex, hippocampus and subventricular zone","CGGAGTCGTGTTGAGG",2267,4589,56,0.0122030943560689,"Unknown"
"CGGAGTCGTTAAGAAC","SRA526435","SRS1915196","Mus musculus","10x chromium","Cortex, hippocampus and subventricular zone","CGGAGTCGTTAAGAAC",1743,3058,40,0.013080444735121,"Pericytes"
"CGGAGTCGTTGATTCG","SRA526435","SRS1915196","Mus musculus","10x chromium","Cortex, hippocampus and subventricular zone","CGGAGTCGTTGATTCG",2349,5689,105,0.0184566707681491,"Unknown"
"CGGAGTCTCAGCTCGG","SRA526435","SRS1915196","Mus musculus","10x chromium","Cortex, hippocampus and subventricular zone","CGGAGTCTCAGCTCGG",5770,23525,333,0.0141551540913921,"Endothelial cells"
"CGGAGTCTCTGTCTCG","SRA526435","SRS1915196","Mus musculus","10x chromium","Cortex, hippocampus and subventricular zone","CGGAGTCTCTGTCTCG",2420,5030,78,0.015506958250497,"Unknown"
"CGGCTAGAGAAGAAGC","SRA526435","SRS1915196","Mus musculus","10x chromium","Cortex, hippocampus and subventricular zone","CGGCTAGAGAAGAAGC",2122,4680,68,0.0145299145299145,"Unknown"
"CGGCTAGAGCATGGCA","SRA526435","SRS1915196","Mus musculus","10x chromium","Cortex, hippocampus and subventricular zone","CGGCTAGAGCATGGCA",2755,7061,80,0.0113298399660105,"Unknown"
"CGGCTAGAGGCAATTA","SRA526435","SRS1915196","Mus musculus","10x chromium","Cortex, hippocampus and subventricular zone","CGGCTAGAGGCAATTA",2010,3799,50,0.0131613582521716,"Unknown"
"CGGCTAGAGGCATTGG","SRA526435","SRS1915196","Mus musculus","10x chromium","Cortex, hippocampus and subventricular zone","CGGCTAGAGGCATTGG",2072,4204,200,0.0475737392959087,"Unknown"
"CGGCTAGCAATGAAAC","SRA526435","SRS1915196","Mus musculus","10x chromium","Cortex, hippocampus and subventricular zone","CGGCTAGCAATGAAAC",1940,3972,63,0.0158610271903323,"Unknown"
"CGGCTAGCAGGAACGT","SRA526435","SRS1915196","Mus musculus","10x chromium","Cortex, hippocampus and subventricular zone","CGGCTAGCAGGAACGT",804,1050,22,0.020952380952381,"Unknown"
"CGGCTAGCAGGAATCG","SRA526435","SRS1915196","Mus musculus","10x chromium","Cortex, hippocampus and subventricular zone","CGGCTAGCAGGAATCG",1938,3550,56,0.0157746478873239,"Unknown"
"CGGCTAGCATGCATGT","SRA526435","SRS1915196","Mus musculus","10x chromium","Cortex, hippocampus and subventricular zone","CGGCTAGCATGCATGT",843,1232,74,0.0600649350649351,"Unknown"
"CGGCTAGGTAGATTAG","SRA526435","SRS1915196","Mus musculus","10x chromium","Cortex, hippocampus and subventricular zone","CGGCTAGGTAGATTAG",2144,4192,18,0.00429389312977099,"Unknown"
"CGGCTAGGTGTATGGG","SRA526435","SRS1915196","Mus musculus","10x chromium","Cortex, hippocampus and subventricular zone","CGGCTAGGTGTATGGG",2719,6199,43,0.00693660267785127,"Unknown"
"CGGCTAGTCAATAAGG","SRA526435","SRS1915196","Mus musculus","10x chromium","Cortex, hippocampus and subventricular zone","CGGCTAGTCAATAAGG",2248,4515,115,0.0254706533776301,"Unknown"
"CGGCTAGTCACAGTAC","SRA526435","SRS1915196","Mus musculus","10x chromium","Cortex, hippocampus and subventricular zone","CGGCTAGTCACAGTAC",1400,2106,56,0.0265906932573599,"Unknown"
"CGGCTAGTCAGCTTAG","SRA526435","SRS1915196","Mus musculus","10x chromium","Cortex, hippocampus and subventricular zone","CGGCTAGTCAGCTTAG",2002,4073,63,0.0154677142155659,"Unknown"
"CGGCTAGTCCGAGCCA","SRA526435","SRS1915196","Mus musculus","10x chromium","Cortex, hippocampus and subventricular zone","CGGCTAGTCCGAGCCA",2146,4261,48,0.0112649612766956,"Unknown"
"CGGGTCAAGCAATCTC","SRA526435","SRS1915196","Mus musculus","10x chromium","Cortex, hippocampus and subventricular zone","CGGGTCAAGCAATCTC",1236,1962,45,0.0229357798165138,"Unknown"
"CGGGTCAAGCACGCCT","SRA526435","SRS1915196","Mus musculus","10x chromium","Cortex, hippocampus and subventricular zone","CGGGTCAAGCACGCCT",2856,7110,51,0.00717299578059072,"Unknown"
"CGGGTCAAGCGTTTAC","SRA526435","SRS1915196","Mus musculus","10x chromium","Cortex, hippocampus and subventricular zone","CGGGTCAAGCGTTTAC",1605,2765,20,0.00723327305605787,"Unknown"
"CGGGTCAAGGCAGGTT","SRA526435","SRS1915196","Mus musculus","10x chromium","Cortex, hippocampus and subventricular zone","CGGGTCAAGGCAGGTT",2199,4331,93,0.0214731009004849,"Unknown"
"CGGGTCACACATCTTT","SRA526435","SRS1915196","Mus musculus","10x chromium","Cortex, hippocampus and subventricular zone","CGGGTCACACATCTTT",2408,5308,86,0.0162019593067069,"Unknown"
"CGGGTCACACCGGAAA","SRA526435","SRS1915196","Mus musculus","10x chromium","Cortex, hippocampus and subventricular zone","CGGGTCACACCGGAAA",2480,5466,58,0.0106110501280644,"Unknown"
"CGGGTCACAGACAAGC","SRA526435","SRS1915196","Mus musculus","10x chromium","Cortex, hippocampus and subventricular zone","CGGGTCACAGACAAGC",1323,2424,25,0.0103135313531353,"Unknown"
"CGGGTCACAGCGTCCA","SRA526435","SRS1915196","Mus musculus","10x chromium","Cortex, hippocampus and subventricular zone","CGGGTCACAGCGTCCA",3739,10561,73,0.00691222422119118,"Unknown"
"CGGGTCACAGGAATCG","SRA526435","SRS1915196","Mus musculus","10x chromium","Cortex, hippocampus and subventricular zone","CGGGTCACAGGAATCG",1210,1987,29,0.0145948666331152,"Unknown"
"CGGGTCACAGGGATTG","SRA526435","SRS1915196","Mus musculus","10x chromium","Cortex, hippocampus and subventricular zone","CGGGTCACAGGGATTG",1593,2906,33,0.0113558155540262,"Unknown"
"CGGGTCACAGGGCATA","SRA526435","SRS1915196","Mus musculus","10x chromium","Cortex, hippocampus and subventricular zone","CGGGTCACAGGGCATA",1136,1910,33,0.0172774869109948,"Unknown"
"CGGGTCACAGTTCCCT","SRA526435","SRS1915196","Mus musculus","10x chromium","Cortex, hippocampus and subventricular zone","CGGGTCACAGTTCCCT",1246,2093,30,0.0143334925943622,"Unknown"
"CGGGTCAGTAATCGTC","SRA526435","SRS1915196","Mus musculus","10x chromium","Cortex, hippocampus and subventricular zone","CGGGTCAGTAATCGTC",1680,3143,35,0.0111358574610245,"Unknown"
"CGGGTCAGTAGCCTAT","SRA526435","SRS1915196","Mus musculus","10x chromium","Cortex, hippocampus and subventricular zone","CGGGTCAGTAGCCTAT",2421,5334,75,0.0140607424071991,"Unknown"
"CGGGTCAGTAGCGTGA","SRA526435","SRS1915196","Mus musculus","10x chromium","Cortex, hippocampus and subventricular zone","CGGGTCAGTAGCGTGA",1948,4006,10,0.00249625561657514,"Unknown"
"CGGGTCAGTATAGGGC","SRA526435","SRS1915196","Mus musculus","10x chromium","Cortex, hippocampus and subventricular zone","CGGGTCAGTATAGGGC",2125,4138,54,0.0130497825036249,"Unknown"
"CGGGTCAGTCCGTTAA","SRA526435","SRS1915196","Mus musculus","10x chromium","Cortex, hippocampus and subventricular zone","CGGGTCAGTCCGTTAA",2810,6157,86,0.0139678414812409,"Unknown"
"CGGGTCAGTGAAATCA","SRA526435","SRS1915196","Mus musculus","10x chromium","Cortex, hippocampus and subventricular zone","CGGGTCAGTGAAATCA",2335,5740,27,0.00470383275261324,"Unknown"
"CGGGTCAGTTACAGAA","SRA526435","SRS1915196","Mus musculus","10x chromium","Cortex, hippocampus and subventricular zone","CGGGTCAGTTACAGAA",1970,3445,27,0.00783744557329463,"Unknown"
"CGGGTCAGTTACCAGT","SRA526435","SRS1915196","Mus musculus","10x chromium","Cortex, hippocampus and subventricular zone","CGGGTCAGTTACCAGT",1689,2846,25,0.00878425860857344,"Unknown"
"CGGGTCAGTTCAGGCC","SRA526435","SRS1915196","Mus musculus","10x chromium","Cortex, hippocampus and subventricular zone","CGGGTCAGTTCAGGCC",628,1086,42,0.0386740331491713,"Unknown"
"CGGGTCAGTTGGGACA","SRA526435","SRS1915196","Mus musculus","10x chromium","Cortex, hippocampus and subventricular zone","CGGGTCAGTTGGGACA",1799,3235,60,0.0185471406491499,"Unknown"
"CGGGTCATCAACGGGA","SRA526435","SRS1915196","Mus musculus","10x chromium","Cortex, hippocampus and subventricular zone","CGGGTCATCAACGGGA",2167,4591,71,0.0154650402962318,"Unknown"
"CGGGTCATCAAGAAGT","SRA526435","SRS1915196","Mus musculus","10x chromium","Cortex, hippocampus and subventricular zone","CGGGTCATCAAGAAGT",1871,3720,59,0.0158602150537634,"Unknown"
"CGGGTCATCAAGGCTT","SRA526435","SRS1915196","Mus musculus","10x chromium","Cortex, hippocampus and subventricular zone","CGGGTCATCAAGGCTT",1467,2339,26,0.0111158614792646,"Unknown"
"CGGTTAAAGGACAGCT","SRA526435","SRS1915196","Mus musculus","10x chromium","Cortex, hippocampus and subventricular zone","CGGTTAAAGGACAGCT",2146,4538,84,0.0185103569854561,"Unknown"
"CGGTTAAAGGTTCCTA","SRA526435","SRS1915196","Mus musculus","10x chromium","Cortex, hippocampus and subventricular zone","CGGTTAAAGGTTCCTA",1547,2755,62,0.0225045372050817,"Unknown"
"CGGTTAAAGTAATCCC","SRA526435","SRS1915196","Mus musculus","10x chromium","Cortex, hippocampus and subventricular zone","CGGTTAAAGTAATCCC",731,1026,6,0.00584795321637427,"Unknown"
"CGGTTAAAGTCCGGTC","SRA526435","SRS1915196","Mus musculus","10x chromium","Cortex, hippocampus and subventricular zone","CGGTTAAAGTCCGGTC",2167,4589,39,0.0084985835694051,"Unknown"
"CGGTTAACAACTGCTA","SRA526435","SRS1915196","Mus musculus","10x chromium","Cortex, hippocampus and subventricular zone","CGGTTAACAACTGCTA",1131,1824,40,0.0219298245614035,"Unknown"
"CGGTTAACAAGCCGTC","SRA526435","SRS1915196","Mus musculus","10x chromium","Cortex, hippocampus and subventricular zone","CGGTTAACAAGCCGTC",1682,3245,53,0.0163328197226502,"Unknown"
"CGGTTAACACCAGGTC","SRA526435","SRS1915196","Mus musculus","10x chromium","Cortex, hippocampus and subventricular zone","CGGTTAACACCAGGTC",2068,4678,41,0.00876442924326635,"Unknown"
"CGGTTAACAGTGAGTG","SRA526435","SRS1915196","Mus musculus","10x chromium","Cortex, hippocampus and subventricular zone","CGGTTAACAGTGAGTG",1372,2341,53,0.0226398974797095,"Unknown"
"CGGTTAACATCTATGG","SRA526435","SRS1915196","Mus musculus","10x chromium","Cortex, hippocampus and subventricular zone","CGGTTAACATCTATGG",2626,6411,77,0.0120106067696147,"Unknown"
"CGGTTAAGTACCGTAT","SRA526435","SRS1915196","Mus musculus","10x chromium","Cortex, hippocampus and subventricular zone","CGGTTAAGTACCGTAT",2836,7368,114,0.0154723127035831,"Unknown"
"CGGTTAAGTACTCTCC","SRA526435","SRS1915196","Mus musculus","10x chromium","Cortex, hippocampus and subventricular zone","CGGTTAAGTACTCTCC",2276,4705,60,0.0127523910733262,"Unknown"
"CGGTTAAGTAGGGACT","SRA526435","SRS1915196","Mus musculus","10x chromium","Cortex, hippocampus and subventricular zone","CGGTTAAGTAGGGACT",1505,2447,40,0.0163465467919902,"Unknown"
"CGGTTAAGTCCTCTTG","SRA526435","SRS1915196","Mus musculus","10x chromium","Cortex, hippocampus and subventricular zone","CGGTTAAGTCCTCTTG",1859,3544,40,0.0112866817155756,"Unknown"
"CGGTTAAGTGACGCCT","SRA526435","SRS1915196","Mus musculus","10x chromium","Cortex, hippocampus and subventricular zone","CGGTTAAGTGACGCCT",3622,9488,98,0.0103288364249578,"Unknown"
"CGGTTAAGTGCTGTAT","SRA526435","SRS1915196","Mus musculus","10x chromium","Cortex, hippocampus and subventricular zone","CGGTTAAGTGCTGTAT",3858,11490,138,0.0120104438642298,"Unknown"
"CGGTTAAGTGTCTGAT","SRA526435","SRS1915196","Mus musculus","10x chromium","Cortex, hippocampus and subventricular zone","CGGTTAAGTGTCTGAT",2393,4712,121,0.025679117147708,"Unknown"
"CGGTTAAGTTATCCGA","SRA526435","SRS1915196","Mus musculus","10x chromium","Cortex, hippocampus and subventricular zone","CGGTTAAGTTATCCGA",2932,7678,89,0.011591560302162,"Unknown"
"CGGTTAAGTTATGTGC","SRA526435","SRS1915196","Mus musculus","10x chromium","Cortex, hippocampus and subventricular zone","CGGTTAAGTTATGTGC",1059,1624,29,0.0178571428571429,"Unknown"
"CGGTTAATCAAACGGG","SRA526435","SRS1915196","Mus musculus","10x chromium","Cortex, hippocampus and subventricular zone","CGGTTAATCAAACGGG",2177,4827,41,0.00849388854360887,"Unknown"
"CGGTTAATCAAAGACA","SRA526435","SRS1915196","Mus musculus","10x chromium","Cortex, hippocampus and subventricular zone","CGGTTAATCAAAGACA",1208,1991,53,0.0266197890507283,"Unknown"
"CGGTTAATCACAACGT","SRA526435","SRS1915196","Mus musculus","10x chromium","Cortex, hippocampus and subventricular zone","CGGTTAATCACAACGT",2273,4805,57,0.0118626430801249,"Unknown"
"CGGTTAATCTTAGCCC","SRA526435","SRS1915196","Mus musculus","10x chromium","Cortex, hippocampus and subventricular zone","CGGTTAATCTTAGCCC",1665,3325,26,0.00781954887218045,"Unknown"
"CGTAGCGAGCGAGAAA","SRA526435","SRS1915196","Mus musculus","10x chromium","Cortex, hippocampus and subventricular zone","CGTAGCGAGCGAGAAA",2030,3737,54,0.0144500936580145,"Unknown"
"CGTAGCGAGCTCCTTC","SRA526435","SRS1915196","Mus musculus","10x chromium","Cortex, hippocampus and subventricular zone","CGTAGCGAGCTCCTTC",3459,8693,149,0.0171402277694697,"Unknown"
"CGTAGCGAGCTGCGAA","SRA526435","SRS1915196","Mus musculus","10x chromium","Cortex, hippocampus and subventricular zone","CGTAGCGAGCTGCGAA",1179,1927,93,0.0482615464452517,"Unknown"
"CGTAGCGAGGATGTAT","SRA526435","SRS1915196","Mus musculus","10x chromium","Cortex, hippocampus and subventricular zone","CGTAGCGAGGATGTAT",907,1380,30,0.0217391304347826,"Unknown"
"CGTAGCGAGTTGTAGA","SRA526435","SRS1915196","Mus musculus","10x chromium","Cortex, hippocampus and subventricular zone","CGTAGCGAGTTGTAGA",2571,5624,134,0.0238264580369844,"Unknown"
"CGTAGCGCAAACGCGA","SRA526435","SRS1915196","Mus musculus","10x chromium","Cortex, hippocampus and subventricular zone","CGTAGCGCAAACGCGA",1964,3683,113,0.0306815096388813,"Unknown"
"CGTAGCGCAAATACAG","SRA526435","SRS1915196","Mus musculus","10x chromium","Cortex, hippocampus and subventricular zone","CGTAGCGCAAATACAG",1630,2746,48,0.0174799708667152,"Unknown"
"CGTAGCGCAATAACGA","SRA526435","SRS1915196","Mus musculus","10x chromium","Cortex, hippocampus and subventricular zone","CGTAGCGCAATAACGA",1238,2314,28,0.0121002592912705,"Unknown"
"CGTAGCGCACACGCTG","SRA526435","SRS1915196","Mus musculus","10x chromium","Cortex, hippocampus and subventricular zone","CGTAGCGCACACGCTG",1549,2817,14,0.00496982605608804,"Unknown"
"CGTAGCGCACGGTGTC","SRA526435","SRS1915196","Mus musculus","10x chromium","Cortex, hippocampus and subventricular zone","CGTAGCGCACGGTGTC",2197,4623,55,0.0118970365563487,"Pericytes"
"CGTAGCGCAGAGTGTG","SRA526435","SRS1915196","Mus musculus","10x chromium","Cortex, hippocampus and subventricular zone","CGTAGCGCAGAGTGTG",540,1113,21,0.0188679245283019,"Microglia"
"CGTAGCGGTACACCGC","SRA526435","SRS1915196","Mus musculus","10x chromium","Cortex, hippocampus and subventricular zone","CGTAGCGGTACACCGC",721,1201,8,0.00666111573688593,"Microglia"
"CGTAGCGGTATAGTAG","SRA526435","SRS1915196","Mus musculus","10x chromium","Cortex, hippocampus and subventricular zone","CGTAGCGGTATAGTAG",3453,8290,48,0.00579010856453559,"Unknown"
"CGTAGCGGTCCGCTGA","SRA526435","SRS1915196","Mus musculus","10x chromium","Cortex, hippocampus and subventricular zone","CGTAGCGGTCCGCTGA",2801,5932,40,0.00674308833445718,"Unknown"
"CGTAGCGGTCGACTAT","SRA526435","SRS1915196","Mus musculus","10x chromium","Cortex, hippocampus and subventricular zone","CGTAGCGGTCGACTAT",1966,3585,27,0.00753138075313808,"Cajal-Retzius cells"
"CGTAGCGGTGATAAGT","SRA526435","SRS1915196","Mus musculus","10x chromium","Cortex, hippocampus and subventricular zone","CGTAGCGGTGATAAGT",1658,3033,47,0.0154962083745467,"Unknown"
"CGTAGCGGTGCCTTGG","SRA526435","SRS1915196","Mus musculus","10x chromium","Cortex, hippocampus and subventricular zone","CGTAGCGGTGCCTTGG",1752,3406,39,0.0114503816793893,"Unknown"
"CGTAGCGGTGTGAAAT","SRA526435","SRS1915196","Mus musculus","10x chromium","Cortex, hippocampus and subventricular zone","CGTAGCGGTGTGAAAT",836,1249,107,0.0856685348278623,"Unknown"
"CGTAGCGGTTAAGGGC","SRA526435","SRS1915196","Mus musculus","10x chromium","Cortex, hippocampus and subventricular zone","CGTAGCGGTTAAGGGC",2563,5349,119,0.022247148999813,"Unknown"
"CGTAGCGGTTATGTGC","SRA526435","SRS1915196","Mus musculus","10x chromium","Cortex, hippocampus and subventricular zone","CGTAGCGGTTATGTGC",853,1457,15,0.0102951269732327,"Unknown"
"CGTAGCGGTTCGCGAC","SRA526435","SRS1915196","Mus musculus","10x chromium","Cortex, hippocampus and subventricular zone","CGTAGCGGTTCGCGAC",1775,3247,43,0.0132429935324915,"Unknown"
"CGTAGCGTCATAACCG","SRA526435","SRS1915196","Mus musculus","10x chromium","Cortex, hippocampus and subventricular zone","CGTAGCGTCATAACCG",2289,4871,58,0.0119072059125436,"Unknown"
"CGTAGCGTCCTTAATC","SRA526435","SRS1915196","Mus musculus","10x chromium","Cortex, hippocampus and subventricular zone","CGTAGCGTCCTTAATC",1883,3618,51,0.0140961857379768,"Unknown"
"CGTAGCGTCGCCCTTA","SRA526435","SRS1915196","Mus musculus","10x chromium","Cortex, hippocampus and subventricular zone","CGTAGCGTCGCCCTTA",1626,3029,70,0.0231099372730274,"Unknown"
"CGTAGCGTCGGTTCGG","SRA526435","SRS1915196","Mus musculus","10x chromium","Cortex, hippocampus and subventricular zone","CGTAGCGTCGGTTCGG",1315,2294,44,0.019180470793374,"Unknown"
"CGTAGGCAGACTCGGA","SRA526435","SRS1915196","Mus musculus","10x chromium","Cortex, hippocampus and subventricular zone","CGTAGGCAGACTCGGA",2434,5100,70,0.0137254901960784,"Unknown"
"CGTAGGCAGCGCCTCA","SRA526435","SRS1915196","Mus musculus","10x chromium","Cortex, hippocampus and subventricular zone","CGTAGGCAGCGCCTCA",1343,2325,46,0.0197849462365591,"Unknown"
"CGTAGGCAGCTACCGC","SRA526435","SRS1915196","Mus musculus","10x chromium","Cortex, hippocampus and subventricular zone","CGTAGGCAGCTACCGC",2110,4171,61,0.0146247902181731,"Unknown"
"CGTAGGCAGGCTAGCA","SRA526435","SRS1915196","Mus musculus","10x chromium","Cortex, hippocampus and subventricular zone","CGTAGGCAGGCTAGCA",2433,5378,104,0.0193380438824842,"Unknown"
"CGTAGGCCACAGAGGT","SRA526435","SRS1915196","Mus musculus","10x chromium","Cortex, hippocampus and subventricular zone","CGTAGGCCACAGAGGT",1796,3334,54,0.0161967606478704,"Unknown"
"CGTAGGCCAGATGAGC","SRA526435","SRS1915196","Mus musculus","10x chromium","Cortex, hippocampus and subventricular zone","CGTAGGCCAGATGAGC",2128,4084,55,0.0134671890303624,"Unknown"
"CGTAGGCCAGGATTGG","SRA526435","SRS1915196","Mus musculus","10x chromium","Cortex, hippocampus and subventricular zone","CGTAGGCCAGGATTGG",1099,1902,36,0.0189274447949527,"Unknown"
"CGTAGGCCAGGGTATG","SRA526435","SRS1915196","Mus musculus","10x chromium","Cortex, hippocampus and subventricular zone","CGTAGGCCAGGGTATG",856,1496,44,0.0294117647058824,"Unknown"
"CGTAGGCCATCGATTG","SRA526435","SRS1915196","Mus musculus","10x chromium","Cortex, hippocampus and subventricular zone","CGTAGGCCATCGATTG",955,1499,68,0.0453635757171448,"Unknown"
"CGTAGGCGTAAATACG","SRA526435","SRS1915196","Mus musculus","10x chromium","Cortex, hippocampus and subventricular zone","CGTAGGCGTAAATACG",4128,12627,158,0.0125128692484359,"Unknown"
"CGTAGGCGTACAAGTA","SRA526435","SRS1915196","Mus musculus","10x chromium","Cortex, hippocampus and subventricular zone","CGTAGGCGTACAAGTA",2012,3765,36,0.00956175298804781,"Unknown"
"CGTAGGCGTAGCGTCC","SRA526435","SRS1915196","Mus musculus","10x chromium","Cortex, hippocampus and subventricular zone","CGTAGGCGTAGCGTCC",2365,4918,8,0.00162667751118341,"Unknown"
"CGTAGGCGTCTGGTCG","SRA526435","SRS1915196","Mus musculus","10x chromium","Cortex, hippocampus and subventricular zone","CGTAGGCGTCTGGTCG",1325,2384,38,0.0159395973154362,"Unknown"
"CGTAGGCGTGTGGCTC","SRA526435","SRS1915196","Mus musculus","10x chromium","Cortex, hippocampus and subventricular zone","CGTAGGCGTGTGGCTC",2340,4933,98,0.0198662071761606,"Unknown"
"CGTAGGCTCAACACAC","SRA526435","SRS1915196","Mus musculus","10x chromium","Cortex, hippocampus and subventricular zone","CGTAGGCTCAACACAC",1070,1807,6,0.00332042058660764,"Unknown"
"CGTAGGCTCAAGGTAA","SRA526435","SRS1915196","Mus musculus","10x chromium","Cortex, hippocampus and subventricular zone","CGTAGGCTCAAGGTAA",2931,6522,73,0.0111928856179086,"Unknown"
"CGTAGGCTCAGCGATT","SRA526435","SRS1915196","Mus musculus","10x chromium","Cortex, hippocampus and subventricular zone","CGTAGGCTCAGCGATT",1199,2463,49,0.0198944376776289,"Unknown"
"CGTAGGCTCTTGCAAG","SRA526435","SRS1915196","Mus musculus","10x chromium","Cortex, hippocampus and subventricular zone","CGTAGGCTCTTGCAAG",1589,2947,50,0.0169664065151001,"Unknown"
"CGTAGGCTCTTGCATT","SRA526435","SRS1915196","Mus musculus","10x chromium","Cortex, hippocampus and subventricular zone","CGTAGGCTCTTGCATT",2151,4336,138,0.0318265682656827,"Unknown"
"CGTCACTAGATCACGG","SRA526435","SRS1915196","Mus musculus","10x chromium","Cortex, hippocampus and subventricular zone","CGTCACTAGATCACGG",3364,8947,91,0.0101710070414664,"Unknown"
"CGTCACTAGATGAGAG","SRA526435","SRS1915196","Mus musculus","10x chromium","Cortex, hippocampus and subventricular zone","CGTCACTAGATGAGAG",3027,7251,117,0.0161357054199421,"Unknown"
"CGTCACTAGCGGATCA","SRA526435","SRS1915196","Mus musculus","10x chromium","Cortex, hippocampus and subventricular zone","CGTCACTAGCGGATCA",762,1152,24,0.0208333333333333,"Unknown"
"CGTCACTAGGCTAGCA","SRA526435","SRS1915196","Mus musculus","10x chromium","Cortex, hippocampus and subventricular zone","CGTCACTAGGCTAGCA",2768,6732,84,0.0124777183600713,"Unknown"
"CGTCACTCAATGAAAC","SRA526435","SRS1915196","Mus musculus","10x chromium","Cortex, hippocampus and subventricular zone","CGTCACTCAATGAAAC",2571,5886,85,0.0144410465511383,"Unknown"
"CGTCACTCACTAAGTC","SRA526435","SRS1915196","Mus musculus","10x chromium","Cortex, hippocampus and subventricular zone","CGTCACTCACTAAGTC",3654,10037,113,0.0112583441267311,"Unknown"
"CGTCACTCAGTATAAG","SRA526435","SRS1915196","Mus musculus","10x chromium","Cortex, hippocampus and subventricular zone","CGTCACTCAGTATAAG",1020,1566,62,0.0395913154533844,"Unknown"
"CGTCACTCATCAGTCA","SRA526435","SRS1915196","Mus musculus","10x chromium","Cortex, hippocampus and subventricular zone","CGTCACTCATCAGTCA",2192,4490,43,0.00957683741648107,"Unknown"
"CGTCACTCATGACGGA","SRA526435","SRS1915196","Mus musculus","10x chromium","Cortex, hippocampus and subventricular zone","CGTCACTCATGACGGA",1948,3570,21,0.00588235294117647,"Unknown"
"CGTCACTCATTTGCTT","SRA526435","SRS1915196","Mus musculus","10x chromium","Cortex, hippocampus and subventricular zone","CGTCACTCATTTGCTT",2812,6567,51,0.00776610324349018,"Unknown"
"CGTCACTGTAAACGCG","SRA526435","SRS1915196","Mus musculus","10x chromium","Cortex, hippocampus and subventricular zone","CGTCACTGTAAACGCG",1288,2026,38,0.018756169792695,"Unknown"
"CGTCACTGTCCCTTGT","SRA526435","SRS1915196","Mus musculus","10x chromium","Cortex, hippocampus and subventricular zone","CGTCACTGTCCCTTGT",1994,3721,35,0.00940607363611932,"Unknown"
"CGTCACTGTGAACCTT","SRA526435","SRS1915196","Mus musculus","10x chromium","Cortex, hippocampus and subventricular zone","CGTCACTGTGAACCTT",1543,2701,10,0.00370233246945576,"Unknown"
"CGTCACTGTGTGACCC","SRA526435","SRS1915196","Mus musculus","10x chromium","Cortex, hippocampus and subventricular zone","CGTCACTGTGTGACCC",1447,2491,27,0.0108390204737053,"Unknown"
"CGTCACTGTTCGTGAT","SRA526435","SRS1915196","Mus musculus","10x chromium","Cortex, hippocampus and subventricular zone","CGTCACTGTTCGTGAT",1300,2022,47,0.02324431256182,"Unknown"
"CGTCACTGTTGCGTTA","SRA526435","SRS1915196","Mus musculus","10x chromium","Cortex, hippocampus and subventricular zone","CGTCACTGTTGCGTTA",1124,1792,63,0.03515625,"Unknown"
"CGTCACTGTTTGCATG","SRA526435","SRS1915196","Mus musculus","10x chromium","Cortex, hippocampus and subventricular zone","CGTCACTGTTTGCATG",2087,4343,57,0.0131245682707806,"Unknown"
"CGTCACTTCAACCAAC","SRA526435","SRS1915196","Mus musculus","10x chromium","Cortex, hippocampus and subventricular zone","CGTCACTTCAACCAAC",2466,5178,37,0.00714561606797991,"Unknown"
"CGTCACTTCTCTTGAT","SRA526435","SRS1915196","Mus musculus","10x chromium","Cortex, hippocampus and subventricular zone","CGTCACTTCTCTTGAT",1423,2332,49,0.0210120068610635,"Unknown"
"CGTCACTTCTGACCTC","SRA526435","SRS1915196","Mus musculus","10x chromium","Cortex, hippocampus and subventricular zone","CGTCACTTCTGACCTC",2312,4549,80,0.0175862826994944,"Unknown"
"CGTCAGGAGAGATGAG","SRA526435","SRS1915196","Mus musculus","10x chromium","Cortex, hippocampus and subventricular zone","CGTCAGGAGAGATGAG",2159,4531,67,0.0147870227322887,"Unknown"
"CGTCAGGAGTGAACAT","SRA526435","SRS1915196","Mus musculus","10x chromium","Cortex, hippocampus and subventricular zone","CGTCAGGAGTGAACAT",2307,4746,38,0.00800674252001686,"Unknown"
"CGTCAGGCAATCGGTT","SRA526435","SRS1915196","Mus musculus","10x chromium","Cortex, hippocampus and subventricular zone","CGTCAGGCAATCGGTT",2358,5137,54,0.0105119719680748,"Unknown"
"CGTCAGGCACCTCGTT","SRA526435","SRS1915196","Mus musculus","10x chromium","Cortex, hippocampus and subventricular zone","CGTCAGGCACCTCGTT",2370,5074,49,0.0096570752857706,"Unknown"
"CGTCAGGCAGCGTAAG","SRA526435","SRS1915196","Mus musculus","10x chromium","Cortex, hippocampus and subventricular zone","CGTCAGGCAGCGTAAG",1789,3281,46,0.0140201158183481,"Unknown"
"CGTCAGGCAGTAAGAT","SRA526435","SRS1915196","Mus musculus","10x chromium","Cortex, hippocampus and subventricular zone","CGTCAGGCAGTAAGAT",2828,6825,113,0.0165567765567766,"Unknown"
"CGTCAGGGTACTCTCC","SRA526435","SRS1915196","Mus musculus","10x chromium","Cortex, hippocampus and subventricular zone","CGTCAGGGTACTCTCC",1063,1559,17,0.0109044259140475,"Unknown"
"CGTCAGGGTCTAGTCA","SRA526435","SRS1915196","Mus musculus","10x chromium","Cortex, hippocampus and subventricular zone","CGTCAGGGTCTAGTCA",1747,3153,38,0.0120520139549635,"Unknown"
"CGTCAGGGTGCAACGA","SRA526435","SRS1915196","Mus musculus","10x chromium","Cortex, hippocampus and subventricular zone","CGTCAGGGTGCAACGA",1818,3807,45,0.0118203309692671,"Unknown"
"CGTCAGGGTTAGTGGG","SRA526435","SRS1915196","Mus musculus","10x chromium","Cortex, hippocampus and subventricular zone","CGTCAGGGTTAGTGGG",3003,7361,77,0.0104605352533623,"Oligodendrocyte progenitor cells"
"CGTCAGGTCAACACCA","SRA526435","SRS1915196","Mus musculus","10x chromium","Cortex, hippocampus and subventricular zone","CGTCAGGTCAACACCA",3470,12790,148,0.0115715402658327,"Microglia"
"CGTCAGGTCAACGCTA","SRA526435","SRS1915196","Mus musculus","10x chromium","Cortex, hippocampus and subventricular zone","CGTCAGGTCAACGCTA",1307,2087,40,0.0191662673694298,"Pericytes"
"CGTCAGGTCACCGGGT","SRA526435","SRS1915196","Mus musculus","10x chromium","Cortex, hippocampus and subventricular zone","CGTCAGGTCACCGGGT",2150,4376,64,0.0146252285191956,"Unknown"
"CGTCAGGTCCAAGCCG","SRA526435","SRS1915196","Mus musculus","10x chromium","Cortex, hippocampus and subventricular zone","CGTCAGGTCCAAGCCG",1196,1854,14,0.0075512405609493,"Unknown"
"CGTCAGGTCCTTAATC","SRA526435","SRS1915196","Mus musculus","10x chromium","Cortex, hippocampus and subventricular zone","CGTCAGGTCCTTAATC",1156,1817,42,0.023115024766098,"Unknown"
"CGTCAGGTCGGCTACG","SRA526435","SRS1915196","Mus musculus","10x chromium","Cortex, hippocampus and subventricular zone","CGTCAGGTCGGCTACG",1803,3270,44,0.0134556574923547,"Unknown"
"CGTCAGGTCTGCAAGT","SRA526435","SRS1915196","Mus musculus","10x chromium","Cortex, hippocampus and subventricular zone","CGTCAGGTCTGCAAGT",1948,10475,48,0.00458233890214797,"Erythroid-like and erythroid precursor cells"
"CGTCAGGTCTTGTACT","SRA526435","SRS1915196","Mus musculus","10x chromium","Cortex, hippocampus and subventricular zone","CGTCAGGTCTTGTACT",2058,4155,85,0.0204572803850782,"Unknown"
"CGTCCATAGCGATATA","SRA526435","SRS1915196","Mus musculus","10x chromium","Cortex, hippocampus and subventricular zone","CGTCCATAGCGATATA",3554,9167,64,0.00698156430675248,"Unknown"
"CGTCCATAGGCTAGGT","SRA526435","SRS1915196","Mus musculus","10x chromium","Cortex, hippocampus and subventricular zone","CGTCCATAGGCTAGGT",1032,1817,52,0.0286186020913594,"Unknown"
"CGTCCATAGTTTAGGA","SRA526435","SRS1915196","Mus musculus","10x chromium","Cortex, hippocampus and subventricular zone","CGTCCATAGTTTAGGA",1815,3545,70,0.0197461212976023,"Unknown"
"CGTCCATCACTGTTAG","SRA526435","SRS1915196","Mus musculus","10x chromium","Cortex, hippocampus and subventricular zone","CGTCCATCACTGTTAG",1862,3595,39,0.0108484005563282,"Unknown"
"CGTCCATGTAAATACG","SRA526435","SRS1915196","Mus musculus","10x chromium","Cortex, hippocampus and subventricular zone","CGTCCATGTAAATACG",931,1448,53,0.0366022099447514,"Unknown"
"CGTCCATGTGGTTTCA","SRA526435","SRS1915196","Mus musculus","10x chromium","Cortex, hippocampus and subventricular zone","CGTCCATGTGGTTTCA",3518,8884,122,0.0137325529040973,"Unknown"
"CGTCCATGTTCCACAA","SRA526435","SRS1915196","Mus musculus","10x chromium","Cortex, hippocampus and subventricular zone","CGTCCATGTTCCACAA",1322,2580,58,0.0224806201550388,"Cajal-Retzius cells"
"CGTCCATGTTCGCGAC","SRA526435","SRS1915196","Mus musculus","10x chromium","Cortex, hippocampus and subventricular zone","CGTCCATGTTCGCGAC",2114,4554,60,0.0131752305665349,"Unknown"
"CGTCCATTCCGCATCT","SRA526435","SRS1915196","Mus musculus","10x chromium","Cortex, hippocampus and subventricular zone","CGTCCATTCCGCATCT",1018,1844,22,0.0119305856832972,"Unknown"
"CGTCCATTCCGCGCAA","SRA526435","SRS1915196","Mus musculus","10x chromium","Cortex, hippocampus and subventricular zone","CGTCCATTCCGCGCAA",2237,4642,62,0.013356311934511,"Unknown"
"CGTCCATTCCTATGTT","SRA526435","SRS1915196","Mus musculus","10x chromium","Cortex, hippocampus and subventricular zone","CGTCCATTCCTATGTT",2149,4534,40,0.00882223202470225,"Unknown"
"CGTCCATTCCTTCAAT","SRA526435","SRS1915196","Mus musculus","10x chromium","Cortex, hippocampus and subventricular zone","CGTCCATTCCTTCAAT",1816,3254,39,0.0119852489244007,"Unknown"
"CGTCCATTCGTGGACC","SRA526435","SRS1915196","Mus musculus","10x chromium","Cortex, hippocampus and subventricular zone","CGTCCATTCGTGGACC",2374,4685,44,0.00939167556029883,"Unknown"
"CGTCCATTCTAACCGA","SRA526435","SRS1915196","Mus musculus","10x chromium","Cortex, hippocampus and subventricular zone","CGTCCATTCTAACCGA",1798,3259,39,0.0119668610003068,"Unknown"
"CGTCCATTCTCCAGGG","SRA526435","SRS1915196","Mus musculus","10x chromium","Cortex, hippocampus and subventricular zone","CGTCCATTCTCCAGGG",1482,2661,23,0.00864336715520481,"Unknown"
"CGTCCATTCTCTGTCG","SRA526435","SRS1915196","Mus musculus","10x chromium","Cortex, hippocampus and subventricular zone","CGTCCATTCTCTGTCG",2597,5877,53,0.00901820656797686,"Unknown"
"CGTCTACAGAAAGTGG","SRA526435","SRS1915196","Mus musculus","10x chromium","Cortex, hippocampus and subventricular zone","CGTCTACAGAAAGTGG",2472,5378,39,0.00725176645593157,"Unknown"
"CGTCTACAGAGCCTAG","SRA526435","SRS1915196","Mus musculus","10x chromium","Cortex, hippocampus and subventricular zone","CGTCTACAGAGCCTAG",1565,2444,36,0.0147299509001637,"Unknown"
"CGTCTACAGAGTACCG","SRA526435","SRS1915196","Mus musculus","10x chromium","Cortex, hippocampus and subventricular zone","CGTCTACAGAGTACCG",1439,2508,38,0.0151515151515152,"Unknown"
"CGTCTACAGATGTTAG","SRA526435","SRS1915196","Mus musculus","10x chromium","Cortex, hippocampus and subventricular zone","CGTCTACAGATGTTAG",2007,4022,60,0.0149179512680259,"Unknown"
"CGTCTACAGCGATTCT","SRA526435","SRS1915196","Mus musculus","10x chromium","Cortex, hippocampus and subventricular zone","CGTCTACAGCGATTCT",1562,3010,35,0.0116279069767442,"Unknown"
"CGTCTACAGTAGTGCG","SRA526435","SRS1915196","Mus musculus","10x chromium","Cortex, hippocampus and subventricular zone","CGTCTACAGTAGTGCG",2240,4489,80,0.0178213410559145,"Unknown"
"CGTCTACAGTGCGTGA","SRA526435","SRS1915196","Mus musculus","10x chromium","Cortex, hippocampus and subventricular zone","CGTCTACAGTGCGTGA",1381,2616,53,0.0202599388379205,"Unknown"
"CGTCTACCAAGGGTCA","SRA526435","SRS1915196","Mus musculus","10x chromium","Cortex, hippocampus and subventricular zone","CGTCTACCAAGGGTCA",1579,3155,57,0.0180665610142631,"Unknown"
"CGTCTACCACCGAATT","SRA526435","SRS1915196","Mus musculus","10x chromium","Cortex, hippocampus and subventricular zone","CGTCTACCACCGAATT",1620,2823,48,0.0170031880977683,"Unknown"
"CGTCTACCAGGTCTCG","SRA526435","SRS1915196","Mus musculus","10x chromium","Cortex, hippocampus and subventricular zone","CGTCTACCAGGTCTCG",119,3702,8,0.00216099405726634,"Erythroid-like and erythroid precursor cells"
"CGTCTACCAGTACACT","SRA526435","SRS1915196","Mus musculus","10x chromium","Cortex, hippocampus and subventricular zone","CGTCTACCAGTACACT",1904,3509,124,0.0353377030493018,"Unknown"
"CGTCTACCATGCGCAC","SRA526435","SRS1915196","Mus musculus","10x chromium","Cortex, hippocampus and subventricular zone","CGTCTACCATGCGCAC",3077,7080,41,0.0057909604519774,"Unknown"
"CGTCTACGTCGAATCT","SRA526435","SRS1915196","Mus musculus","10x chromium","Cortex, hippocampus and subventricular zone","CGTCTACGTCGAATCT",2438,4929,50,0.0101440454453236,"Unknown"
"CGTCTACGTGCAACTT","SRA526435","SRS1915196","Mus musculus","10x chromium","Cortex, hippocampus and subventricular zone","CGTCTACGTGCAACTT",2548,5477,48,0.00876392185503013,"Unknown"
"CGTCTACGTTAGTGGG","SRA526435","SRS1915196","Mus musculus","10x chromium","Cortex, hippocampus and subventricular zone","CGTCTACGTTAGTGGG",906,1227,61,0.0497147514262429,"Unknown"
"CGTCTACGTTGGAGGT","SRA526435","SRS1915196","Mus musculus","10x chromium","Cortex, hippocampus and subventricular zone","CGTCTACGTTGGAGGT",2192,5016,80,0.0159489633173844,"Unknown"
"CGTCTACTCACTCCTG","SRA526435","SRS1915196","Mus musculus","10x chromium","Cortex, hippocampus and subventricular zone","CGTCTACTCACTCCTG",3177,7042,61,0.00866231184322636,"Endothelial cells"
"CGTCTACTCAGATAAG","SRA526435","SRS1915196","Mus musculus","10x chromium","Cortex, hippocampus and subventricular zone","CGTCTACTCAGATAAG",784,1330,20,0.0150375939849624,"Unknown"
"CGTCTACTCGCGGATC","SRA526435","SRS1915196","Mus musculus","10x chromium","Cortex, hippocampus and subventricular zone","CGTCTACTCGCGGATC",2530,5649,58,0.0102673039476013,"Unknown"
"CGTCTACTCGTCTGCT","SRA526435","SRS1915196","Mus musculus","10x chromium","Cortex, hippocampus and subventricular zone","CGTCTACTCGTCTGCT",1435,2370,61,0.0257383966244726,"Unknown"
"CGTCTACTCTACTATC","SRA526435","SRS1915196","Mus musculus","10x chromium","Cortex, hippocampus and subventricular zone","CGTCTACTCTACTATC",2997,7437,36,0.00484066155707947,"Unknown"
"CGTCTACTCTGACCTC","SRA526435","SRS1915196","Mus musculus","10x chromium","Cortex, hippocampus and subventricular zone","CGTCTACTCTGACCTC",2484,5693,61,0.0107149130511154,"Unknown"
"CGTGAGCAGAGATGAG","SRA526435","SRS1915196","Mus musculus","10x chromium","Cortex, hippocampus and subventricular zone","CGTGAGCAGAGATGAG",2772,6479,82,0.012656274116376,"Unknown"
"CGTGAGCAGAGTAATC","SRA526435","SRS1915196","Mus musculus","10x chromium","Cortex, hippocampus and subventricular zone","CGTGAGCAGAGTAATC",3006,7705,129,0.0167423750811162,"Unknown"
"CGTGAGCCAAGCGTAG","SRA526435","SRS1915196","Mus musculus","10x chromium","Cortex, hippocampus and subventricular zone","CGTGAGCCAAGCGTAG",2005,3890,65,0.0167095115681234,"Unknown"
"CGTGAGCCAAGCTGAG","SRA526435","SRS1915196","Mus musculus","10x chromium","Cortex, hippocampus and subventricular zone","CGTGAGCCAAGCTGAG",1794,3299,50,0.0151561079114883,"Unknown"
"CGTGAGCCAGATGGGT","SRA526435","SRS1915196","Mus musculus","10x chromium","Cortex, hippocampus and subventricular zone","CGTGAGCCAGATGGGT",1858,3790,95,0.025065963060686,"Unknown"
"CGTGAGCCATGCTAGT","SRA526435","SRS1915196","Mus musculus","10x chromium","Cortex, hippocampus and subventricular zone","CGTGAGCCATGCTAGT",2399,5135,53,0.0103213242453749,"Unknown"
"CGTGAGCCATTGAGCT","SRA526435","SRS1915196","Mus musculus","10x chromium","Cortex, hippocampus and subventricular zone","CGTGAGCCATTGAGCT",108,4027,6,0.00148994288552272,"Erythroid-like and erythroid precursor cells"
"CGTGAGCGTAGGAGTC","SRA526435","SRS1915196","Mus musculus","10x chromium","Cortex, hippocampus and subventricular zone","CGTGAGCGTAGGAGTC",1623,3265,47,0.0143950995405819,"Unknown"
"CGTGAGCGTCAACTGT","SRA526435","SRS1915196","Mus musculus","10x chromium","Cortex, hippocampus and subventricular zone","CGTGAGCGTCAACTGT",1751,3380,58,0.0171597633136095,"Unknown"
"CGTGAGCGTCTACCTC","SRA526435","SRS1915196","Mus musculus","10x chromium","Cortex, hippocampus and subventricular zone","CGTGAGCGTCTACCTC",1896,3628,36,0.00992282249173098,"Unknown"
"CGTGAGCGTCTCATCC","SRA526435","SRS1915196","Mus musculus","10x chromium","Cortex, hippocampus and subventricular zone","CGTGAGCGTCTCATCC",1638,3345,64,0.0191330343796712,"Unknown"
"CGTGAGCGTCTCCACT","SRA526435","SRS1915196","Mus musculus","10x chromium","Cortex, hippocampus and subventricular zone","CGTGAGCGTCTCCACT",1820,3530,60,0.0169971671388102,"Unknown"
"CGTGAGCGTGATGTCT","SRA526435","SRS1915196","Mus musculus","10x chromium","Cortex, hippocampus and subventricular zone","CGTGAGCGTGATGTCT",3628,10343,162,0.0156627670888524,"Unknown"
"CGTGAGCGTTACGCGC","SRA526435","SRS1915196","Mus musculus","10x chromium","Cortex, hippocampus and subventricular zone","CGTGAGCGTTACGCGC",1230,2155,42,0.0194895591647332,"Unknown"
"CGTGAGCGTTATCGGT","SRA526435","SRS1915196","Mus musculus","10x chromium","Cortex, hippocampus and subventricular zone","CGTGAGCGTTATCGGT",2191,4165,36,0.00864345738295318,"Unknown"
"CGTGAGCGTTTGACAC","SRA526435","SRS1915196","Mus musculus","10x chromium","Cortex, hippocampus and subventricular zone","CGTGAGCGTTTGACAC",1998,4178,78,0.0186692197223552,"Unknown"
"CGTGAGCTCACCCTCA","SRA526435","SRS1915196","Mus musculus","10x chromium","Cortex, hippocampus and subventricular zone","CGTGAGCTCACCCTCA",1573,3146,103,0.0327399872854418,"Unknown"
"CGTGAGCTCATACGGT","SRA526435","SRS1915196","Mus musculus","10x chromium","Cortex, hippocampus and subventricular zone","CGTGAGCTCATACGGT",2324,4776,53,0.0110971524288107,"Unknown"
"CGTGAGCTCCGCTGTT","SRA526435","SRS1915196","Mus musculus","10x chromium","Cortex, hippocampus and subventricular zone","CGTGAGCTCCGCTGTT",2102,4259,57,0.0133834233388119,"Unknown"
"CGTGAGCTCCGTCAAA","SRA526435","SRS1915196","Mus musculus","10x chromium","Cortex, hippocampus and subventricular zone","CGTGAGCTCCGTCAAA",2332,5194,57,0.0109742010011552,"Unknown"
"CGTGAGCTCTCCAACC","SRA526435","SRS1915196","Mus musculus","10x chromium","Cortex, hippocampus and subventricular zone","CGTGAGCTCTCCAACC",1701,3332,40,0.0120048019207683,"Unknown"
"CGTGTAAAGACAATAC","SRA526435","SRS1915196","Mus musculus","10x chromium","Cortex, hippocampus and subventricular zone","CGTGTAAAGACAATAC",1711,3288,41,0.0124695863746959,"Unknown"
"CGTGTAAAGATATGGT","SRA526435","SRS1915196","Mus musculus","10x chromium","Cortex, hippocampus and subventricular zone","CGTGTAAAGATATGGT",2107,4505,26,0.00577136514983352,"Unknown"
"CGTGTAAAGCAATATG","SRA526435","SRS1915196","Mus musculus","10x chromium","Cortex, hippocampus and subventricular zone","CGTGTAAAGCAATATG",2450,6128,114,0.0186031331592689,"Pericytes"
"CGTGTAAAGCAATCTC","SRA526435","SRS1915196","Mus musculus","10x chromium","Cortex, hippocampus and subventricular zone","CGTGTAAAGCAATCTC",970,1415,14,0.00989399293286219,"Unknown"
"CGTGTAAAGCTCAACT","SRA526435","SRS1915196","Mus musculus","10x chromium","Cortex, hippocampus and subventricular zone","CGTGTAAAGCTCAACT",1778,3426,57,0.0166374781085814,"Unknown"
"CGTGTAAAGGATGCGT","SRA526435","SRS1915196","Mus musculus","10x chromium","Cortex, hippocampus and subventricular zone","CGTGTAAAGGATGCGT",2826,7240,75,0.0103591160220994,"Unknown"
"CGTGTAAAGGGATACC","SRA526435","SRS1915196","Mus musculus","10x chromium","Cortex, hippocampus and subventricular zone","CGTGTAAAGGGATACC",2468,5765,81,0.014050303555941,"Unknown"
"CGTGTAAAGGTGTTAA","SRA526435","SRS1915196","Mus musculus","10x chromium","Cortex, hippocampus and subventricular zone","CGTGTAAAGGTGTTAA",2726,6327,100,0.0158052789631737,"Unknown"
"CGTGTAAAGTCCTCCT","SRA526435","SRS1915196","Mus musculus","10x chromium","Cortex, hippocampus and subventricular zone","CGTGTAAAGTCCTCCT",2039,4166,41,0.00984157465194431,"Unknown"
"CGTGTAAAGTCGTTTG","SRA526435","SRS1915196","Mus musculus","10x chromium","Cortex, hippocampus and subventricular zone","CGTGTAAAGTCGTTTG",1212,2046,38,0.0185728250244379,"Unknown"
"CGTGTAACAAGCTGTT","SRA526435","SRS1915196","Mus musculus","10x chromium","Cortex, hippocampus and subventricular zone","CGTGTAACAAGCTGTT",1783,3205,40,0.0124804992199688,"Unknown"
"CGTGTAACACTTCTGC","SRA526435","SRS1915196","Mus musculus","10x chromium","Cortex, hippocampus and subventricular zone","CGTGTAACACTTCTGC",1715,3249,41,0.0126192674669129,"Unknown"
"CGTGTAACAGTAACGG","SRA526435","SRS1915196","Mus musculus","10x chromium","Cortex, hippocampus and subventricular zone","CGTGTAACAGTAACGG",944,1468,27,0.0183923705722071,"Unknown"
"CGTGTAAGTACGCTGC","SRA526435","SRS1915196","Mus musculus","10x chromium","Cortex, hippocampus and subventricular zone","CGTGTAAGTACGCTGC",1280,2002,25,0.0124875124875125,"Unknown"
"CGTGTAAGTAGGCTGA","SRA526435","SRS1915196","Mus musculus","10x chromium","Cortex, hippocampus and subventricular zone","CGTGTAAGTAGGCTGA",1238,1999,35,0.0175087543771886,"Unknown"
"CGTGTAAGTTGCCTCT","SRA526435","SRS1915196","Mus musculus","10x chromium","Cortex, hippocampus and subventricular zone","CGTGTAAGTTGCCTCT",1396,2418,33,0.0136476426799007,"Unknown"
"CGTGTAAGTTGCGCAC","SRA526435","SRS1915196","Mus musculus","10x chromium","Cortex, hippocampus and subventricular zone","CGTGTAAGTTGCGCAC",1642,2952,26,0.00880758807588076,"Unknown"
"CGTGTAATCCGCAAGC","SRA526435","SRS1915196","Mus musculus","10x chromium","Cortex, hippocampus and subventricular zone","CGTGTAATCCGCAAGC",1351,2335,43,0.0184154175588865,"Unknown"
"CGTGTAATCGGATGGA","SRA526435","SRS1915196","Mus musculus","10x chromium","Cortex, hippocampus and subventricular zone","CGTGTAATCGGATGGA",1086,1690,34,0.0201183431952663,"Unknown"
"CGTGTAATCGTAGGAG","SRA526435","SRS1915196","Mus musculus","10x chromium","Cortex, hippocampus and subventricular zone","CGTGTAATCGTAGGAG",639,1033,15,0.0145208131655373,"Unknown"
"CGTGTAATCTTACCGC","SRA526435","SRS1915196","Mus musculus","10x chromium","Cortex, hippocampus and subventricular zone","CGTGTAATCTTACCGC",2197,4456,36,0.00807899461400359,"Microglia"
"CGTGTAATCTTAGAGC","SRA526435","SRS1915196","Mus musculus","10x chromium","Cortex, hippocampus and subventricular zone","CGTGTAATCTTAGAGC",1965,4115,19,0.00461725394896719,"Unknown"
"CGTGTCTAGCACCGTC","SRA526435","SRS1915196","Mus musculus","10x chromium","Cortex, hippocampus and subventricular zone","CGTGTCTAGCACCGTC",1754,3079,34,0.0110425462812601,"Unknown"
"CGTGTCTAGGATCGCA","SRA526435","SRS1915196","Mus musculus","10x chromium","Cortex, hippocampus and subventricular zone","CGTGTCTAGGATCGCA",2237,4340,30,0.00691244239631336,"Unknown"
"CGTGTCTAGGATGGTC","SRA526435","SRS1915196","Mus musculus","10x chromium","Cortex, hippocampus and subventricular zone","CGTGTCTAGGATGGTC",2217,4618,68,0.0147249891728021,"Unknown"
"CGTGTCTAGGGAACGG","SRA526435","SRS1915196","Mus musculus","10x chromium","Cortex, hippocampus and subventricular zone","CGTGTCTAGGGAACGG",1327,1967,25,0.012709710218607,"Unknown"
"CGTGTCTAGGGCACTA","SRA526435","SRS1915196","Mus musculus","10x chromium","Cortex, hippocampus and subventricular zone","CGTGTCTAGGGCACTA",2032,3928,27,0.00687372708757637,"Unknown"
"CGTGTCTCAACCGCCA","SRA526435","SRS1915196","Mus musculus","10x chromium","Cortex, hippocampus and subventricular zone","CGTGTCTCAACCGCCA",2582,5810,59,0.0101549053356282,"Unknown"
"CGTGTCTCAAGGTTTC","SRA526435","SRS1915196","Mus musculus","10x chromium","Cortex, hippocampus and subventricular zone","CGTGTCTCAAGGTTTC",3716,10317,133,0.0128913443830571,"Unknown"
"CGTGTCTCAATCCGAT","SRA526435","SRS1915196","Mus musculus","10x chromium","Cortex, hippocampus and subventricular zone","CGTGTCTCAATCCGAT",1268,2304,45,0.01953125,"Unknown"
"CGTGTCTCAATCTACG","SRA526435","SRS1915196","Mus musculus","10x chromium","Cortex, hippocampus and subventricular zone","CGTGTCTCAATCTACG",2661,6228,74,0.0118818240205523,"Unknown"
"CGTGTCTCACCTATCC","SRA526435","SRS1915196","Mus musculus","10x chromium","Cortex, hippocampus and subventricular zone","CGTGTCTCACCTATCC",3251,13521,148,0.0109459359514829,"Unknown"
"CGTGTCTCAGATGGGT","SRA526435","SRS1915196","Mus musculus","10x chromium","Cortex, hippocampus and subventricular zone","CGTGTCTCAGATGGGT",3900,12070,66,0.00546810273405137,"Unknown"
"CGTGTCTCATTCCTCG","SRA526435","SRS1915196","Mus musculus","10x chromium","Cortex, hippocampus and subventricular zone","CGTGTCTCATTCCTCG",2127,4465,69,0.0154535274356103,"Unknown"
"CGTGTCTGTACCATCA","SRA526435","SRS1915196","Mus musculus","10x chromium","Cortex, hippocampus and subventricular zone","CGTGTCTGTACCATCA",2556,5794,82,0.0141525716258198,"Unknown"
"CGTGTCTGTACGACCC","SRA526435","SRS1915196","Mus musculus","10x chromium","Cortex, hippocampus and subventricular zone","CGTGTCTGTACGACCC",1532,2772,59,0.0212842712842713,"Unknown"
"CGTGTCTGTCAGGACA","SRA526435","SRS1915196","Mus musculus","10x chromium","Cortex, hippocampus and subventricular zone","CGTGTCTGTCAGGACA",159,3222,5,0.00155183116076971,"Erythroid-like and erythroid precursor cells"
"CGTGTCTGTCGGCATC","SRA526435","SRS1915196","Mus musculus","10x chromium","Cortex, hippocampus and subventricular zone","CGTGTCTGTCGGCATC",1866,3812,50,0.0131164742917104,"Unknown"
"CGTGTCTGTCTCACCT","SRA526435","SRS1915196","Mus musculus","10x chromium","Cortex, hippocampus and subventricular zone","CGTGTCTGTCTCACCT",2109,4140,41,0.00990338164251208,"Unknown"
"CGTGTCTGTCTGGTCG","SRA526435","SRS1915196","Mus musculus","10x chromium","Cortex, hippocampus and subventricular zone","CGTGTCTGTCTGGTCG",645,1148,43,0.0374564459930314,"Unknown"
"CGTGTCTTCATGCAAC","SRA526435","SRS1915196","Mus musculus","10x chromium","Cortex, hippocampus and subventricular zone","CGTGTCTTCATGCAAC",71,2319,3,0.00129366106080207,"Erythroid-like and erythroid precursor cells"
"CGTGTCTTCCTCGCAT","SRA526435","SRS1915196","Mus musculus","10x chromium","Cortex, hippocampus and subventricular zone","CGTGTCTTCCTCGCAT",2399,5285,47,0.00889309366130558,"Unknown"
"CGTGTCTTCTTCATGT","SRA526435","SRS1915196","Mus musculus","10x chromium","Cortex, hippocampus and subventricular zone","CGTGTCTTCTTCATGT",2540,5840,56,0.00958904109589041,"Unknown"
"CGTTAGAAGAAGGTTT","SRA526435","SRS1915196","Mus musculus","10x chromium","Cortex, hippocampus and subventricular zone","CGTTAGAAGAAGGTTT",1135,1971,41,0.0208016235413496,"Unknown"
"CGTTAGAAGAGACTTA","SRA526435","SRS1915196","Mus musculus","10x chromium","Cortex, hippocampus and subventricular zone","CGTTAGAAGAGACTTA",1255,2126,41,0.0192850423330198,"Unknown"
"CGTTAGAAGATATACG","SRA526435","SRS1915196","Mus musculus","10x chromium","Cortex, hippocampus and subventricular zone","CGTTAGAAGATATACG",1192,1942,16,0.0082389289392379,"Unknown"
"CGTTAGAAGGGCTCTC","SRA526435","SRS1915196","Mus musculus","10x chromium","Cortex, hippocampus and subventricular zone","CGTTAGAAGGGCTCTC",2249,5274,22,0.00417140690178233,"Unknown"
"CGTTAGAAGTCAATAG","SRA526435","SRS1915196","Mus musculus","10x chromium","Cortex, hippocampus and subventricular zone","CGTTAGAAGTCAATAG",2372,5468,68,0.0124359912216533,"Unknown"
"CGTTAGAAGTCACGCC","SRA526435","SRS1915196","Mus musculus","10x chromium","Cortex, hippocampus and subventricular zone","CGTTAGAAGTCACGCC",2454,5411,103,0.0190352984660876,"Unknown"
"CGTTAGAAGTGCTGCC","SRA526435","SRS1915196","Mus musculus","10x chromium","Cortex, hippocampus and subventricular zone","CGTTAGAAGTGCTGCC",2122,4260,33,0.00774647887323944,"Unknown"
"CGTTAGAAGTGGTCCC","SRA526435","SRS1915196","Mus musculus","10x chromium","Cortex, hippocampus and subventricular zone","CGTTAGAAGTGGTCCC",2481,5351,60,0.0112128574098299,"Unknown"
"CGTTAGACATAGGATA","SRA526435","SRS1915196","Mus musculus","10x chromium","Cortex, hippocampus and subventricular zone","CGTTAGACATAGGATA",1745,3973,76,0.0191291215706016,"Unknown"
"CGTTAGACATCCGTGG","SRA526435","SRS1915196","Mus musculus","10x chromium","Cortex, hippocampus and subventricular zone","CGTTAGACATCCGTGG",2371,5138,42,0.00817438692098093,"Unknown"
"CGTTAGACATGGATGG","SRA526435","SRS1915196","Mus musculus","10x chromium","Cortex, hippocampus and subventricular zone","CGTTAGACATGGATGG",2581,6466,56,0.00866068666872873,"Unknown"
"CGTTAGAGTAAAGTCA","SRA526435","SRS1915196","Mus musculus","10x chromium","Cortex, hippocampus and subventricular zone","CGTTAGAGTAAAGTCA",821,1407,35,0.0248756218905473,"Unknown"
"CGTTAGAGTGAGCGAT","SRA526435","SRS1915196","Mus musculus","10x chromium","Cortex, hippocampus and subventricular zone","CGTTAGAGTGAGCGAT",1559,2807,36,0.012825080156751,"Unknown"
"CGTTAGATCAGCTCTC","SRA526435","SRS1915196","Mus musculus","10x chromium","Cortex, hippocampus and subventricular zone","CGTTAGATCAGCTCTC",2786,6865,84,0.0122359796067007,"Unknown"
"CGTTAGATCGGTCTAA","SRA526435","SRS1915196","Mus musculus","10x chromium","Cortex, hippocampus and subventricular zone","CGTTAGATCGGTCTAA",2403,5247,72,0.0137221269296741,"Unknown"
"CGTTAGATCGTCACGG","SRA526435","SRS1915196","Mus musculus","10x chromium","Cortex, hippocampus and subventricular zone","CGTTAGATCGTCACGG",2164,4128,47,0.0113856589147287,"Unknown"
"CGTTCTGAGACGCACA","SRA526435","SRS1915196","Mus musculus","10x chromium","Cortex, hippocampus and subventricular zone","CGTTCTGAGACGCACA",1974,3755,49,0.0130492676431425,"Unknown"
"CGTTCTGAGCAACGGT","SRA526435","SRS1915196","Mus musculus","10x chromium","Cortex, hippocampus and subventricular zone","CGTTCTGAGCAACGGT",2548,5582,74,0.0132568971694733,"Unknown"
"CGTTCTGAGGCCCTCA","SRA526435","SRS1915196","Mus musculus","10x chromium","Cortex, hippocampus and subventricular zone","CGTTCTGAGGCCCTCA",2627,6382,128,0.0200564086493262,"Unknown"
"CGTTCTGAGGCTATCT","SRA526435","SRS1915196","Mus musculus","10x chromium","Cortex, hippocampus and subventricular zone","CGTTCTGAGGCTATCT",1307,2348,27,0.0114991482112436,"Unknown"
"CGTTCTGAGGTGATAT","SRA526435","SRS1915196","Mus musculus","10x chromium","Cortex, hippocampus and subventricular zone","CGTTCTGAGGTGATAT",1972,3849,77,0.0200051961548454,"Unknown"
"CGTTCTGAGTGCGTGA","SRA526435","SRS1915196","Mus musculus","10x chromium","Cortex, hippocampus and subventricular zone","CGTTCTGAGTGCGTGA",2090,4550,71,0.0156043956043956,"Pericytes"
"CGTTCTGAGTGGTAAT","SRA526435","SRS1915196","Mus musculus","10x chromium","Cortex, hippocampus and subventricular zone","CGTTCTGAGTGGTAAT",2751,6880,33,0.00479651162790698,"Unknown"
"CGTTCTGAGTTAGCGG","SRA526435","SRS1915196","Mus musculus","10x chromium","Cortex, hippocampus and subventricular zone","CGTTCTGAGTTAGCGG",1668,3077,50,0.016249593760156,"Unknown"
"CGTTCTGCAATAGCGG","SRA526435","SRS1915196","Mus musculus","10x chromium","Cortex, hippocampus and subventricular zone","CGTTCTGCAATAGCGG",1629,2942,35,0.0118966689326988,"Unknown"
"CGTTCTGCACTATCTT","SRA526435","SRS1915196","Mus musculus","10x chromium","Cortex, hippocampus and subventricular zone","CGTTCTGCACTATCTT",1810,3397,48,0.0141301148071828,"Unknown"
"CGTTCTGCATCCCATC","SRA526435","SRS1915196","Mus musculus","10x chromium","Cortex, hippocampus and subventricular zone","CGTTCTGCATCCCATC",2925,8260,122,0.0147699757869249,"Unknown"
"CGTTCTGCATCCGCGA","SRA526435","SRS1915196","Mus musculus","10x chromium","Cortex, hippocampus and subventricular zone","CGTTCTGCATCCGCGA",1062,1778,50,0.0281214848143982,"Unknown"
"CGTTCTGGTAAGCACG","SRA526435","SRS1915196","Mus musculus","10x chromium","Cortex, hippocampus and subventricular zone","CGTTCTGGTAAGCACG",1410,2266,16,0.00706090026478376,"Unknown"
"CGTTCTGGTCAATACC","SRA526435","SRS1915196","Mus musculus","10x chromium","Cortex, hippocampus and subventricular zone","CGTTCTGGTCAATACC",1755,3533,48,0.0135861873761676,"Unknown"
"CGTTCTGGTCGAGATG","SRA526435","SRS1915196","Mus musculus","10x chromium","Cortex, hippocampus and subventricular zone","CGTTCTGGTCGAGATG",2551,5707,121,0.0212020325915542,"Unknown"
"CGTTCTGGTCTTCAAG","SRA526435","SRS1915196","Mus musculus","10x chromium","Cortex, hippocampus and subventricular zone","CGTTCTGGTCTTCAAG",1463,2322,59,0.0254091300602929,"Endothelial cells"
"CGTTCTGTCAGGATCT","SRA526435","SRS1915196","Mus musculus","10x chromium","Cortex, hippocampus and subventricular zone","CGTTCTGTCAGGATCT",2257,4890,49,0.0100204498977505,"Unknown"
"CGTTCTGTCAGGCCCA","SRA526435","SRS1915196","Mus musculus","10x chromium","Cortex, hippocampus and subventricular zone","CGTTCTGTCAGGCCCA",1946,3788,41,0.0108236536430834,"Unknown"
"CGTTCTGTCCGCTGTT","SRA526435","SRS1915196","Mus musculus","10x chromium","Cortex, hippocampus and subventricular zone","CGTTCTGTCCGCTGTT",2027,3661,46,0.0125648729855231,"Unknown"
"CGTTCTGTCCGTCATC","SRA526435","SRS1915196","Mus musculus","10x chromium","Cortex, hippocampus and subventricular zone","CGTTCTGTCCGTCATC",2925,8220,115,0.0139902676399027,"Unknown"
"CGTTCTGTCGACCAGC","SRA526435","SRS1915196","Mus musculus","10x chromium","Cortex, hippocampus and subventricular zone","CGTTCTGTCGACCAGC",5769,21463,219,0.010203606206029,"Unknown"
"CGTTCTGTCGCAGGCT","SRA526435","SRS1915196","Mus musculus","10x chromium","Cortex, hippocampus and subventricular zone","CGTTCTGTCGCAGGCT",2276,4509,57,0.0126413838988689,"Unknown"
"CGTTCTGTCGTCTGAA","SRA526435","SRS1915196","Mus musculus","10x chromium","Cortex, hippocampus and subventricular zone","CGTTCTGTCGTCTGAA",645,1027,12,0.0116845180136319,"Unknown"
"CGTTCTGTCTCCCTGA","SRA526435","SRS1915196","Mus musculus","10x chromium","Cortex, hippocampus and subventricular zone","CGTTCTGTCTCCCTGA",2498,5759,50,0.00868206285813509,"Unknown"
"CGTTCTGTCTTGACGA","SRA526435","SRS1915196","Mus musculus","10x chromium","Cortex, hippocampus and subventricular zone","CGTTCTGTCTTGACGA",2507,5921,67,0.0113156561391657,"Unknown"
"CGTTGGGAGAAGAAGC","SRA526435","SRS1915196","Mus musculus","10x chromium","Cortex, hippocampus and subventricular zone","CGTTGGGAGAAGAAGC",1771,3275,43,0.0131297709923664,"Unknown"
"CGTTGGGAGATCGGGT","SRA526435","SRS1915196","Mus musculus","10x chromium","Cortex, hippocampus and subventricular zone","CGTTGGGAGATCGGGT",1787,3553,63,0.0177314945116803,"Unknown"
"CGTTGGGAGCGATGAC","SRA526435","SRS1915196","Mus musculus","10x chromium","Cortex, hippocampus and subventricular zone","CGTTGGGAGCGATGAC",2549,5744,31,0.00539693593314763,"Unknown"
"CGTTGGGAGTCTTGCA","SRA526435","SRS1915196","Mus musculus","10x chromium","Cortex, hippocampus and subventricular zone","CGTTGGGAGTCTTGCA",2675,6278,69,0.0109907613889774,"Unknown"
"CGTTGGGAGTTGAGTA","SRA526435","SRS1915196","Mus musculus","10x chromium","Cortex, hippocampus and subventricular zone","CGTTGGGAGTTGAGTA",2919,7096,115,0.016206313416009,"Unknown"
"CGTTGGGCAATGGAGC","SRA526435","SRS1915196","Mus musculus","10x chromium","Cortex, hippocampus and subventricular zone","CGTTGGGCAATGGAGC",3628,9486,104,0.0109635251950242,"Unknown"
"CGTTGGGCACAGATTC","SRA526435","SRS1915196","Mus musculus","10x chromium","Cortex, hippocampus and subventricular zone","CGTTGGGCACAGATTC",1911,3928,79,0.020112016293279,"Unknown"
"CGTTGGGCAGCCACCA","SRA526435","SRS1915196","Mus musculus","10x chromium","Cortex, hippocampus and subventricular zone","CGTTGGGCAGCCACCA",2733,6430,74,0.0115085536547434,"Unknown"
"CGTTGGGCAGCTGTAT","SRA526435","SRS1915196","Mus musculus","10x chromium","Cortex, hippocampus and subventricular zone","CGTTGGGCAGCTGTAT",2420,5123,55,0.0107358969353894,"Unknown"
"CGTTGGGCATTTCAGG","SRA526435","SRS1915196","Mus musculus","10x chromium","Cortex, hippocampus and subventricular zone","CGTTGGGCATTTCAGG",2489,5656,99,0.0175035360678925,"Pericytes"
"CGTTGGGGTCCGAGTC","SRA526435","SRS1915196","Mus musculus","10x chromium","Cortex, hippocampus and subventricular zone","CGTTGGGGTCCGAGTC",2660,5589,64,0.0114510645911612,"Unknown"
"CGTTGGGGTCGGGTCT","SRA526435","SRS1915196","Mus musculus","10x chromium","Cortex, hippocampus and subventricular zone","CGTTGGGGTCGGGTCT",2164,4523,41,0.00906478001326553,"Unknown"
"CGTTGGGGTCTCGTTC","SRA526435","SRS1915196","Mus musculus","10x chromium","Cortex, hippocampus and subventricular zone","CGTTGGGGTCTCGTTC",1476,2627,37,0.0140845070422535,"Unknown"
"CGTTGGGGTGTGCGTC","SRA526435","SRS1915196","Mus musculus","10x chromium","Cortex, hippocampus and subventricular zone","CGTTGGGGTGTGCGTC",1969,3763,24,0.00637788998139782,"Unknown"
"CGTTGGGGTTACAGAA","SRA526435","SRS1915196","Mus musculus","10x chromium","Cortex, hippocampus and subventricular zone","CGTTGGGGTTACAGAA",3454,9075,121,0.0133333333333333,"Unknown"
"CGTTGGGTCAACGAAA","SRA526435","SRS1915196","Mus musculus","10x chromium","Cortex, hippocampus and subventricular zone","CGTTGGGTCAACGAAA",1002,1627,93,0.057160417947142,"Unknown"
"CTAACTTAGAGCTGCA","SRA526435","SRS1915196","Mus musculus","10x chromium","Cortex, hippocampus and subventricular zone","CTAACTTAGAGCTGCA",1788,3277,42,0.0128166005492829,"Unknown"
"CTAACTTAGAGGGCTT","SRA526435","SRS1915196","Mus musculus","10x chromium","Cortex, hippocampus and subventricular zone","CTAACTTAGAGGGCTT",1927,3927,55,0.0140056022408964,"Unknown"
"CTAACTTAGCAATATG","SRA526435","SRS1915196","Mus musculus","10x chromium","Cortex, hippocampus and subventricular zone","CTAACTTAGCAATATG",3960,9709,147,0.0151405912040375,"Cajal-Retzius cells"
"CTAACTTAGGAACTGC","SRA526435","SRS1915196","Mus musculus","10x chromium","Cortex, hippocampus and subventricular zone","CTAACTTAGGAACTGC",1435,2362,90,0.0381033022861981,"Unknown"
"CTAACTTAGTGAACGC","SRA526435","SRS1915196","Mus musculus","10x chromium","Cortex, hippocampus and subventricular zone","CTAACTTAGTGAACGC",1333,2307,54,0.023407022106632,"Unknown"
"CTAACTTAGTGTTGAA","SRA526435","SRS1915196","Mus musculus","10x chromium","Cortex, hippocampus and subventricular zone","CTAACTTAGTGTTGAA",1248,1909,19,0.00995285489785228,"Unknown"
"CTAACTTAGTTGAGTA","SRA526435","SRS1915196","Mus musculus","10x chromium","Cortex, hippocampus and subventricular zone","CTAACTTAGTTGAGTA",94,2295,3,0.00130718954248366,"Erythroid-like and erythroid precursor cells"
"CTAACTTCAAGTTAAG","SRA526435","SRS1915196","Mus musculus","10x chromium","Cortex, hippocampus and subventricular zone","CTAACTTCAAGTTAAG",1643,3288,42,0.0127737226277372,"Unknown"
"CTAACTTGTACCGTAT","SRA526435","SRS1915196","Mus musculus","10x chromium","Cortex, hippocampus and subventricular zone","CTAACTTGTACCGTAT",2573,5977,58,0.00970386481512464,"Unknown"
"CTAACTTGTAGTGAAT","SRA526435","SRS1915196","Mus musculus","10x chromium","Cortex, hippocampus and subventricular zone","CTAACTTGTAGTGAAT",1243,1892,16,0.00845665961945032,"Unknown"
"CTAACTTGTCGAACAG","SRA526435","SRS1915196","Mus musculus","10x chromium","Cortex, hippocampus and subventricular zone","CTAACTTGTCGAACAG",1435,2289,17,0.00742682394058541,"Unknown"
"CTAACTTGTGGTGTAG","SRA526435","SRS1915196","Mus musculus","10x chromium","Cortex, hippocampus and subventricular zone","CTAACTTGTGGTGTAG",1177,2037,45,0.0220913107511046,"Unknown"
"CTAACTTGTGTTGGGA","SRA526435","SRS1915196","Mus musculus","10x chromium","Cortex, hippocampus and subventricular zone","CTAACTTGTGTTGGGA",1035,1670,23,0.0137724550898204,"Unknown"
"CTAACTTGTTCCACGG","SRA526435","SRS1915196","Mus musculus","10x chromium","Cortex, hippocampus and subventricular zone","CTAACTTGTTCCACGG",883,2270,27,0.0118942731277533,"Microglia"
"CTAACTTGTTCGTGAT","SRA526435","SRS1915196","Mus musculus","10x chromium","Cortex, hippocampus and subventricular zone","CTAACTTGTTCGTGAT",1522,2520,53,0.021031746031746,"Unknown"
"CTAACTTTCAGTGTTG","SRA526435","SRS1915196","Mus musculus","10x chromium","Cortex, hippocampus and subventricular zone","CTAACTTTCAGTGTTG",1614,3011,71,0.0235802059116573,"Unknown"
"CTAACTTTCGTGGACC","SRA526435","SRS1915196","Mus musculus","10x chromium","Cortex, hippocampus and subventricular zone","CTAACTTTCGTGGACC",4314,11918,99,0.0083067628796778,"Unknown"
"CTAACTTTCGTTACAG","SRA526435","SRS1915196","Mus musculus","10x chromium","Cortex, hippocampus and subventricular zone","CTAACTTTCGTTACAG",770,1027,4,0.00389483933787731,"Unknown"
"CTAACTTTCGTTGACA","SRA526435","SRS1915196","Mus musculus","10x chromium","Cortex, hippocampus and subventricular zone","CTAACTTTCGTTGACA",2234,4606,58,0.0125922709509336,"Unknown"
"CTAACTTTCTGATTCT","SRA526435","SRS1915196","Mus musculus","10x chromium","Cortex, hippocampus and subventricular zone","CTAACTTTCTGATTCT",1416,2687,50,0.0186081131373279,"Unknown"
"CTAAGACAGAATGTTG","SRA526435","SRS1915196","Mus musculus","10x chromium","Cortex, hippocampus and subventricular zone","CTAAGACAGAATGTTG",3815,10315,123,0.0119243819680078,"Unknown"
"CTAAGACAGGCCGAAT","SRA526435","SRS1915196","Mus musculus","10x chromium","Cortex, hippocampus and subventricular zone","CTAAGACAGGCCGAAT",1425,2308,53,0.0229636048526863,"Unknown"
"CTAAGACAGGCGCTCT","SRA526435","SRS1915196","Mus musculus","10x chromium","Cortex, hippocampus and subventricular zone","CTAAGACAGGCGCTCT",3402,9120,95,0.0104166666666667,"Unknown"
"CTAAGACAGGGAACGG","SRA526435","SRS1915196","Mus musculus","10x chromium","Cortex, hippocampus and subventricular zone","CTAAGACAGGGAACGG",1725,3112,49,0.015745501285347,"Unknown"
"CTAAGACAGGTGCTTT","SRA526435","SRS1915196","Mus musculus","10x chromium","Cortex, hippocampus and subventricular zone","CTAAGACAGGTGCTTT",2530,5857,60,0.0102441522963975,"Unknown"
"CTAAGACAGTTACCCA","SRA526435","SRS1915196","Mus musculus","10x chromium","Cortex, hippocampus and subventricular zone","CTAAGACAGTTACCCA",3390,9069,94,0.010364979600838,"Unknown"
"CTAAGACCACCGCTAG","SRA526435","SRS1915196","Mus musculus","10x chromium","Cortex, hippocampus and subventricular zone","CTAAGACCACCGCTAG",2871,7534,61,0.00809662861693655,"Unknown"
"CTAAGACCAGACGCCT","SRA526435","SRS1915196","Mus musculus","10x chromium","Cortex, hippocampus and subventricular zone","CTAAGACCAGACGCCT",3801,9698,99,0.0102082903691483,"Unknown"
"CTAAGACCAGCTGGCT","SRA526435","SRS1915196","Mus musculus","10x chromium","Cortex, hippocampus and subventricular zone","CTAAGACCAGCTGGCT",1293,2506,23,0.0091779728651237,"Unknown"
"CTAAGACCATATGAGA","SRA526435","SRS1915196","Mus musculus","10x chromium","Cortex, hippocampus and subventricular zone","CTAAGACCATATGAGA",2870,7390,98,0.0132611637347767,"Unknown"
"CTAAGACCATCACCCT","SRA526435","SRS1915196","Mus musculus","10x chromium","Cortex, hippocampus and subventricular zone","CTAAGACCATCACCCT",1625,2869,41,0.0142906936214709,"Unknown"
"CTAAGACCATCCTAGA","SRA526435","SRS1915196","Mus musculus","10x chromium","Cortex, hippocampus and subventricular zone","CTAAGACCATCCTAGA",1376,2393,69,0.0288340994567489,"Unknown"
"CTAAGACCATTACCTT","SRA526435","SRS1915196","Mus musculus","10x chromium","Cortex, hippocampus and subventricular zone","CTAAGACCATTACCTT",1390,2363,33,0.0139652983495556,"Unknown"
"CTAAGACCATTGGGCC","SRA526435","SRS1915196","Mus musculus","10x chromium","Cortex, hippocampus and subventricular zone","CTAAGACCATTGGGCC",1288,2170,49,0.0225806451612903,"Unknown"
"CTAAGACGTAAAGGAG","SRA526435","SRS1915196","Mus musculus","10x chromium","Cortex, hippocampus and subventricular zone","CTAAGACGTAAAGGAG",1820,3410,120,0.0351906158357771,"Cajal-Retzius cells"
"CTAAGACGTAGAGTGC","SRA526435","SRS1915196","Mus musculus","10x chromium","Cortex, hippocampus and subventricular zone","CTAAGACGTAGAGTGC",1780,3224,27,0.00837468982630273,"Unknown"
"CTAAGACGTGTTGGGA","SRA526435","SRS1915196","Mus musculus","10x chromium","Cortex, hippocampus and subventricular zone","CTAAGACGTGTTGGGA",2275,4845,56,0.0115583075335397,"Unknown"
"CTAAGACTCAACACCA","SRA526435","SRS1915196","Mus musculus","10x chromium","Cortex, hippocampus and subventricular zone","CTAAGACTCAACACCA",3217,8746,80,0.00914703864623828,"Unknown"
"CTAAGACTCAATAAGG","SRA526435","SRS1915196","Mus musculus","10x chromium","Cortex, hippocampus and subventricular zone","CTAAGACTCAATAAGG",855,1248,49,0.0392628205128205,"Unknown"
"CTAAGACTCAGTGTTG","SRA526435","SRS1915196","Mus musculus","10x chromium","Cortex, hippocampus and subventricular zone","CTAAGACTCAGTGTTG",1498,2869,51,0.0177762286510979,"Unknown"
"CTAAGACTCCCAAGAT","SRA526435","SRS1915196","Mus musculus","10x chromium","Cortex, hippocampus and subventricular zone","CTAAGACTCCCAAGAT",1612,2798,19,0.00679056468906362,"Unknown"
"CTAAGACTCCGATATG","SRA526435","SRS1915196","Mus musculus","10x chromium","Cortex, hippocampus and subventricular zone","CTAAGACTCCGATATG",1765,3372,28,0.00830367734282325,"Unknown"
"CTAAGACTCTGTGCAA","SRA526435","SRS1915196","Mus musculus","10x chromium","Cortex, hippocampus and subventricular zone","CTAAGACTCTGTGCAA",2207,4945,58,0.0117290192113246,"Unknown"
"CTAATGGAGCTTCGCG","SRA526435","SRS1915196","Mus musculus","10x chromium","Cortex, hippocampus and subventricular zone","CTAATGGAGCTTCGCG",1386,2418,24,0.00992555831265509,"Unknown"
"CTAATGGAGGGATACC","SRA526435","SRS1915196","Mus musculus","10x chromium","Cortex, hippocampus and subventricular zone","CTAATGGAGGGATACC",1183,1983,12,0.00605143721633888,"Unknown"
"CTAATGGCACATCCAA","SRA526435","SRS1915196","Mus musculus","10x chromium","Cortex, hippocampus and subventricular zone","CTAATGGCACATCCAA",2169,4695,36,0.00766773162939297,"Unknown"
"CTAATGGCACCTCGGA","SRA526435","SRS1915196","Mus musculus","10x chromium","Cortex, hippocampus and subventricular zone","CTAATGGCACCTCGGA",1685,2867,49,0.0170910359260551,"Unknown"
"CTAATGGCATCCCATC","SRA526435","SRS1915196","Mus musculus","10x chromium","Cortex, hippocampus and subventricular zone","CTAATGGCATCCCATC",2481,5623,41,0.00729148141561444,"Unknown"
"CTAATGGGTAACGTTC","SRA526435","SRS1915196","Mus musculus","10x chromium","Cortex, hippocampus and subventricular zone","CTAATGGGTAACGTTC",2327,4942,33,0.00667745851881829,"Unknown"
"CTAATGGGTACTCTCC","SRA526435","SRS1915196","Mus musculus","10x chromium","Cortex, hippocampus and subventricular zone","CTAATGGGTACTCTCC",2239,4366,49,0.0112230874942739,"Unknown"
"CTAATGGGTCGAGATG","SRA526435","SRS1915196","Mus musculus","10x chromium","Cortex, hippocampus and subventricular zone","CTAATGGGTCGAGATG",2591,5104,39,0.007641065830721,"Unknown"
"CTAATGGGTCTAGAGG","SRA526435","SRS1915196","Mus musculus","10x chromium","Cortex, hippocampus and subventricular zone","CTAATGGGTCTAGAGG",1803,3329,54,0.0162210874136377,"Unknown"
"CTAATGGGTGACCAAG","SRA526435","SRS1915196","Mus musculus","10x chromium","Cortex, hippocampus and subventricular zone","CTAATGGGTGACCAAG",1317,2252,35,0.0155417406749556,"Unknown"
"CTAATGGGTTCCGGCA","SRA526435","SRS1915196","Mus musculus","10x chromium","Cortex, hippocampus and subventricular zone","CTAATGGGTTCCGGCA",2138,4315,47,0.0108922363847045,"Unknown"
"CTAATGGGTTTGTTGG","SRA526435","SRS1915196","Mus musculus","10x chromium","Cortex, hippocampus and subventricular zone","CTAATGGGTTTGTTGG",837,1759,25,0.0142126208072769,"Microglia"
"CTAATGGTCAGCTGGC","SRA526435","SRS1915196","Mus musculus","10x chromium","Cortex, hippocampus and subventricular zone","CTAATGGTCAGCTGGC",3979,11677,146,0.0125032114412949,"Unknown"
"CTAATGGTCAGGCAAG","SRA526435","SRS1915196","Mus musculus","10x chromium","Cortex, hippocampus and subventricular zone","CTAATGGTCAGGCAAG",1864,3594,35,0.0097384529771842,"Unknown"
"CTAATGGTCCTGCCAT","SRA526435","SRS1915196","Mus musculus","10x chromium","Cortex, hippocampus and subventricular zone","CTAATGGTCCTGCCAT",1879,3403,34,0.00999118424919189,"Unknown"
"CTAATGGTCGAGGTAG","SRA526435","SRS1915196","Mus musculus","10x chromium","Cortex, hippocampus and subventricular zone","CTAATGGTCGAGGTAG",1542,2856,49,0.017156862745098,"Unknown"
"CTAATGGTCGTAGATC","SRA526435","SRS1915196","Mus musculus","10x chromium","Cortex, hippocampus and subventricular zone","CTAATGGTCGTAGATC",271,13552,17,0.00125442739079103,"Erythroid-like and erythroid precursor cells"
"CTAATGGTCTTCAACT","SRA526435","SRS1915196","Mus musculus","10x chromium","Cortex, hippocampus and subventricular zone","CTAATGGTCTTCAACT",878,1358,55,0.040500736377025,"Unknown"
"CTACACCAGAAGGTGA","SRA526435","SRS1915196","Mus musculus","10x chromium","Cortex, hippocampus and subventricular zone","CTACACCAGAAGGTGA",2950,7312,84,0.0114879649890591,"Unknown"
"CTACACCAGAGGACGG","SRA526435","SRS1915196","Mus musculus","10x chromium","Cortex, hippocampus and subventricular zone","CTACACCAGAGGACGG",2217,4937,86,0.0174194855175208,"Unknown"
"CTACACCAGCTGAAAT","SRA526435","SRS1915196","Mus musculus","10x chromium","Cortex, hippocampus and subventricular zone","CTACACCAGCTGAAAT",3476,9497,131,0.0137938296304096,"Unknown"
"CTACACCAGGCATTGG","SRA526435","SRS1915196","Mus musculus","10x chromium","Cortex, hippocampus and subventricular zone","CTACACCAGGCATTGG",2513,5235,43,0.00821394460362942,"Unknown"
"CTACACCAGGTGCACA","SRA526435","SRS1915196","Mus musculus","10x chromium","Cortex, hippocampus and subventricular zone","CTACACCAGGTGCACA",2861,7002,76,0.0108540417023708,"Unknown"
"CTACACCAGGTTCCTA","SRA526435","SRS1915196","Mus musculus","10x chromium","Cortex, hippocampus and subventricular zone","CTACACCAGGTTCCTA",2292,4551,33,0.00725115359261701,"Unknown"
"CTACACCCACAGAGGT","SRA526435","SRS1915196","Mus musculus","10x chromium","Cortex, hippocampus and subventricular zone","CTACACCCACAGAGGT",2423,5330,62,0.0116322701688555,"Unknown"
"CTACACCCACGTCAGC","SRA526435","SRS1915196","Mus musculus","10x chromium","Cortex, hippocampus and subventricular zone","CTACACCCACGTCAGC",2019,4017,64,0.015932287776948,"Unknown"
"CTACACCCAGACAAAT","SRA526435","SRS1915196","Mus musculus","10x chromium","Cortex, hippocampus and subventricular zone","CTACACCCAGACAAAT",1726,3408,52,0.0152582159624413,"Unknown"
"CTACACCCAGATCTGT","SRA526435","SRS1915196","Mus musculus","10x chromium","Cortex, hippocampus and subventricular zone","CTACACCCAGATCTGT",2859,6363,40,0.00628634292000629,"Unknown"
"CTACACCGTACAGCAG","SRA526435","SRS1915196","Mus musculus","10x chromium","Cortex, hippocampus and subventricular zone","CTACACCGTACAGCAG",2292,4690,50,0.0106609808102345,"Unknown"
"CTACACCGTCTCTTTA","SRA526435","SRS1915196","Mus musculus","10x chromium","Cortex, hippocampus and subventricular zone","CTACACCGTCTCTTTA",2691,6110,51,0.00834697217675941,"Unknown"
"CTACACCGTGCTAGCC","SRA526435","SRS1915196","Mus musculus","10x chromium","Cortex, hippocampus and subventricular zone","CTACACCGTGCTAGCC",3892,10337,99,0.00957724678339944,"Unknown"
"CTACACCGTTACGGAG","SRA526435","SRS1915196","Mus musculus","10x chromium","Cortex, hippocampus and subventricular zone","CTACACCGTTACGGAG",2090,3969,47,0.0118417737465357,"Unknown"
"CTACACCTCACCGGGT","SRA526435","SRS1915196","Mus musculus","10x chromium","Cortex, hippocampus and subventricular zone","CTACACCTCACCGGGT",2617,5678,49,0.00862979922507925,"Unknown"
"CTACACCTCAGTTGAC","SRA526435","SRS1915196","Mus musculus","10x chromium","Cortex, hippocampus and subventricular zone","CTACACCTCAGTTGAC",1432,2254,50,0.0221827861579414,"Unknown"
"CTACACCTCCGCATCT","SRA526435","SRS1915196","Mus musculus","10x chromium","Cortex, hippocampus and subventricular zone","CTACACCTCCGCATCT",1508,2597,21,0.00808625336927224,"Unknown"
"CTACACCTCCTATTCA","SRA526435","SRS1915196","Mus musculus","10x chromium","Cortex, hippocampus and subventricular zone","CTACACCTCCTATTCA",2242,4304,69,0.0160315985130112,"Unknown"
"CTACACCTCGAACTGT","SRA526435","SRS1915196","Mus musculus","10x chromium","Cortex, hippocampus and subventricular zone","CTACACCTCGAACTGT",3272,8710,110,0.0126291618828932,"Unknown"
"CTACACCTCTGCGACG","SRA526435","SRS1915196","Mus musculus","10x chromium","Cortex, hippocampus and subventricular zone","CTACACCTCTGCGACG",143,5735,7,0.0012205754141238,"Erythroid-like and erythroid precursor cells"
"CTACACCTCTTGTTTG","SRA526435","SRS1915196","Mus musculus","10x chromium","Cortex, hippocampus and subventricular zone","CTACACCTCTTGTTTG",1335,2113,39,0.0184571699006152,"Unknown"
"CTACATTAGAACAACT","SRA526435","SRS1915196","Mus musculus","10x chromium","Cortex, hippocampus and subventricular zone","CTACATTAGAACAACT",2964,7444,73,0.00980655561526061,"Unknown"
"CTACATTAGAGTACCG","SRA526435","SRS1915196","Mus musculus","10x chromium","Cortex, hippocampus and subventricular zone","CTACATTAGAGTACCG",885,1595,13,0.00815047021943574,"Unknown"
"CTACATTAGATATGCA","SRA526435","SRS1915196","Mus musculus","10x chromium","Cortex, hippocampus and subventricular zone","CTACATTAGATATGCA",1101,2005,40,0.0199501246882793,"Unknown"
"CTACATTAGCCAGTTT","SRA526435","SRS1915196","Mus musculus","10x chromium","Cortex, hippocampus and subventricular zone","CTACATTAGCCAGTTT",1179,2057,27,0.0131259115216334,"Unknown"
"CTACATTAGGATGGAA","SRA526435","SRS1915196","Mus musculus","10x chromium","Cortex, hippocampus and subventricular zone","CTACATTAGGATGGAA",2370,5441,57,0.0104760154383385,"Unknown"
"CTACATTAGTTGCAGG","SRA526435","SRS1915196","Mus musculus","10x chromium","Cortex, hippocampus and subventricular zone","CTACATTAGTTGCAGG",1928,3488,18,0.0051605504587156,"Unknown"
"CTACATTCAAAGAATC","SRA526435","SRS1915196","Mus musculus","10x chromium","Cortex, hippocampus and subventricular zone","CTACATTCAAAGAATC",1943,3561,36,0.0101095197978096,"Unknown"
"CTACATTCAGATGGGT","SRA526435","SRS1915196","Mus musculus","10x chromium","Cortex, hippocampus and subventricular zone","CTACATTCAGATGGGT",2509,5640,44,0.00780141843971631,"Unknown"
"CTACATTCAGATTGCT","SRA526435","SRS1915196","Mus musculus","10x chromium","Cortex, hippocampus and subventricular zone","CTACATTCAGATTGCT",2383,5251,40,0.00761759664825747,"Unknown"
"CTACATTCAGCCAGAA","SRA526435","SRS1915196","Mus musculus","10x chromium","Cortex, hippocampus and subventricular zone","CTACATTCAGCCAGAA",2543,5971,72,0.0120582816948585,"Unknown"
"CTACATTCAGGGAGAG","SRA526435","SRS1915196","Mus musculus","10x chromium","Cortex, hippocampus and subventricular zone","CTACATTCAGGGAGAG",2628,6302,104,0.0165026975563313,"Unknown"
"CTACATTCATCACGTA","SRA526435","SRS1915196","Mus musculus","10x chromium","Cortex, hippocampus and subventricular zone","CTACATTCATCACGTA",1520,2994,25,0.0083500334001336,"Unknown"
"CTACATTCATCGATGT","SRA526435","SRS1915196","Mus musculus","10x chromium","Cortex, hippocampus and subventricular zone","CTACATTCATCGATGT",1746,3265,49,0.0150076569678407,"Unknown"
"CTACATTGTATAGGTA","SRA526435","SRS1915196","Mus musculus","10x chromium","Cortex, hippocampus and subventricular zone","CTACATTGTATAGGTA",1506,3130,62,0.0198083067092652,"Unknown"
"CTACATTGTCAAGCGA","SRA526435","SRS1915196","Mus musculus","10x chromium","Cortex, hippocampus and subventricular zone","CTACATTGTCAAGCGA",1017,1436,26,0.0181058495821727,"Unknown"
"CTACATTGTCAATACC","SRA526435","SRS1915196","Mus musculus","10x chromium","Cortex, hippocampus and subventricular zone","CTACATTGTCAATACC",2616,5803,40,0.00689298638635189,"Unknown"
"CTACATTGTCAGTGGA","SRA526435","SRS1915196","Mus musculus","10x chromium","Cortex, hippocampus and subventricular zone","CTACATTGTCAGTGGA",1768,2896,24,0.00828729281767956,"Unknown"
"CTACATTGTCCTGCTT","SRA526435","SRS1915196","Mus musculus","10x chromium","Cortex, hippocampus and subventricular zone","CTACATTGTCCTGCTT",1267,1859,33,0.0177514792899408,"Unknown"
"CTACATTGTCTCTCGT","SRA526435","SRS1915196","Mus musculus","10x chromium","Cortex, hippocampus and subventricular zone","CTACATTGTCTCTCGT",1305,2181,78,0.0357634112792297,"Unknown"
"CTACATTGTGACCAAG","SRA526435","SRS1915196","Mus musculus","10x chromium","Cortex, hippocampus and subventricular zone","CTACATTGTGACCAAG",149,2604,4,0.00153609831029186,"Erythroid-like and erythroid precursor cells"
"CTACATTGTTTGGCGC","SRA526435","SRS1915196","Mus musculus","10x chromium","Cortex, hippocampus and subventricular zone","CTACATTGTTTGGCGC",1008,1909,46,0.0240963855421687,"Unknown"
"CTACATTTCACTCCTG","SRA526435","SRS1915196","Mus musculus","10x chromium","Cortex, hippocampus and subventricular zone","CTACATTTCACTCCTG",1455,2613,62,0.0237275162648297,"Unknown"
"CTACATTTCAGGATCT","SRA526435","SRS1915196","Mus musculus","10x chromium","Cortex, hippocampus and subventricular zone","CTACATTTCAGGATCT",2021,3873,16,0.00413116447198554,"Unknown"
"CTACATTTCCTCAACC","SRA526435","SRS1915196","Mus musculus","10x chromium","Cortex, hippocampus and subventricular zone","CTACATTTCCTCAACC",1912,3964,61,0.0153884964682139,"Unknown"
"CTACATTTCTCCCTGA","SRA526435","SRS1915196","Mus musculus","10x chromium","Cortex, hippocampus and subventricular zone","CTACATTTCTCCCTGA",2774,6380,69,0.0108150470219436,"Unknown"
"CTACATTTCTCTTATG","SRA526435","SRS1915196","Mus musculus","10x chromium","Cortex, hippocampus and subventricular zone","CTACATTTCTCTTATG",2459,5505,111,0.0201634877384196,"Unknown"
"CTACATTTCTGAGTGT","SRA526435","SRS1915196","Mus musculus","10x chromium","Cortex, hippocampus and subventricular zone","CTACATTTCTGAGTGT",2473,5343,83,0.0155343440014973,"Unknown"
"CTACCCAAGATGCCAG","SRA526435","SRS1915196","Mus musculus","10x chromium","Cortex, hippocampus and subventricular zone","CTACCCAAGATGCCAG",1022,1602,38,0.0237203495630462,"Unknown"
"CTACCCAAGCCAGAAC","SRA526435","SRS1915196","Mus musculus","10x chromium","Cortex, hippocampus and subventricular zone","CTACCCAAGCCAGAAC",1223,2165,26,0.0120092378752887,"Unknown"
"CTACCCAAGCGCTTAT","SRA526435","SRS1915196","Mus musculus","10x chromium","Cortex, hippocampus and subventricular zone","CTACCCAAGCGCTTAT",3406,9052,66,0.00729120636323464,"Unknown"
"CTACCCAAGGCAAAGA","SRA526435","SRS1915196","Mus musculus","10x chromium","Cortex, hippocampus and subventricular zone","CTACCCAAGGCAAAGA",2467,5687,75,0.0131879725690171,"Unknown"
"CTACCCAAGGCGCTCT","SRA526435","SRS1915196","Mus musculus","10x chromium","Cortex, hippocampus and subventricular zone","CTACCCAAGGCGCTCT",584,1075,20,0.0186046511627907,"Unknown"
"CTACCCAAGGTAAACT","SRA526435","SRS1915196","Mus musculus","10x chromium","Cortex, hippocampus and subventricular zone","CTACCCAAGGTAAACT",1922,3627,102,0.0281224152191894,"Unknown"
"CTACCCAAGTAGTGCG","SRA526435","SRS1915196","Mus musculus","10x chromium","Cortex, hippocampus and subventricular zone","CTACCCAAGTAGTGCG",2364,5019,57,0.0113568439928273,"Unknown"
"CTACCCAAGTCACGCC","SRA526435","SRS1915196","Mus musculus","10x chromium","Cortex, hippocampus and subventricular zone","CTACCCAAGTCACGCC",3064,8150,87,0.0106748466257669,"Unknown"
"CTACCCACAAGTAATG","SRA526435","SRS1915196","Mus musculus","10x chromium","Cortex, hippocampus and subventricular zone","CTACCCACAAGTAATG",2170,4540,58,0.0127753303964758,"Unknown"
"CTACCCACACAACGTT","SRA526435","SRS1915196","Mus musculus","10x chromium","Cortex, hippocampus and subventricular zone","CTACCCACACAACGTT",2247,4520,66,0.0146017699115044,"Unknown"
"CTACCCACACTTGGAT","SRA526435","SRS1915196","Mus musculus","10x chromium","Cortex, hippocampus and subventricular zone","CTACCCACACTTGGAT",816,1151,9,0.00781928757602085,"Unknown"
"CTACCCACAGACAAGC","SRA526435","SRS1915196","Mus musculus","10x chromium","Cortex, hippocampus and subventricular zone","CTACCCACAGACAAGC",2178,4231,37,0.00874497754667927,"Unknown"
"CTACCCACAGGCGATA","SRA526435","SRS1915196","Mus musculus","10x chromium","Cortex, hippocampus and subventricular zone","CTACCCACAGGCGATA",913,1362,60,0.0440528634361234,"Unknown"
"CTACCCAGTAGCGTAG","SRA526435","SRS1915196","Mus musculus","10x chromium","Cortex, hippocampus and subventricular zone","CTACCCAGTAGCGTAG",1018,1653,18,0.0108892921960073,"Unknown"
"CTACCCAGTGGTGTAG","SRA526435","SRS1915196","Mus musculus","10x chromium","Cortex, hippocampus and subventricular zone","CTACCCAGTGGTGTAG",2017,4057,53,0.0130638402760661,"Unknown"
"CTACCCAGTTGCTCCT","SRA526435","SRS1915196","Mus musculus","10x chromium","Cortex, hippocampus and subventricular zone","CTACCCAGTTGCTCCT",2104,4163,75,0.0180158539514773,"Unknown"
"CTACCCATCAAACCGT","SRA526435","SRS1915196","Mus musculus","10x chromium","Cortex, hippocampus and subventricular zone","CTACCCATCAAACCGT",2272,4752,101,0.0212542087542088,"Unknown"
"CTACCCATCATAACCG","SRA526435","SRS1915196","Mus musculus","10x chromium","Cortex, hippocampus and subventricular zone","CTACCCATCATAACCG",2260,4855,51,0.0105046343975283,"Unknown"
"CTACCCATCTTGCAAG","SRA526435","SRS1915196","Mus musculus","10x chromium","Cortex, hippocampus and subventricular zone","CTACCCATCTTGCAAG",1438,2655,77,0.0290018832391714,"Unknown"
"CTACCCATCTTTAGTC","SRA526435","SRS1915196","Mus musculus","10x chromium","Cortex, hippocampus and subventricular zone","CTACCCATCTTTAGTC",4094,12112,132,0.0108982826948481,"Unknown"
"CTACGTCAGACGCACA","SRA526435","SRS1915196","Mus musculus","10x chromium","Cortex, hippocampus and subventricular zone","CTACGTCAGACGCACA",1323,2383,67,0.0281158203944608,"Unknown"
"CTACGTCAGATTACCC","SRA526435","SRS1915196","Mus musculus","10x chromium","Cortex, hippocampus and subventricular zone","CTACGTCAGATTACCC",1681,2934,35,0.0119291070211316,"Unknown"
"CTACGTCAGTGCTGCC","SRA526435","SRS1915196","Mus musculus","10x chromium","Cortex, hippocampus and subventricular zone","CTACGTCAGTGCTGCC",3323,9077,121,0.0133303955051228,"Unknown"
"CTACGTCAGTTAGGTA","SRA526435","SRS1915196","Mus musculus","10x chromium","Cortex, hippocampus and subventricular zone","CTACGTCAGTTAGGTA",2742,6448,70,0.0108560794044665,"Unknown"
"CTACGTCCAAACCCAT","SRA526435","SRS1915196","Mus musculus","10x chromium","Cortex, hippocampus and subventricular zone","CTACGTCCAAACCCAT",2653,6286,49,0.00779510022271715,"Unknown"
"CTACGTCCACATTCGA","SRA526435","SRS1915196","Mus musculus","10x chromium","Cortex, hippocampus and subventricular zone","CTACGTCCACATTCGA",2166,4416,35,0.00792572463768116,"Unknown"
"CTACGTCCAGTCGATT","SRA526435","SRS1915196","Mus musculus","10x chromium","Cortex, hippocampus and subventricular zone","CTACGTCCAGTCGATT",2239,4468,37,0.00828111011638317,"Unknown"
"CTACGTCGTCACCTAA","SRA526435","SRS1915196","Mus musculus","10x chromium","Cortex, hippocampus and subventricular zone","CTACGTCGTCACCTAA",2456,4941,28,0.0056668690548472,"Unknown"
"CTACGTCGTCCGTCAG","SRA526435","SRS1915196","Mus musculus","10x chromium","Cortex, hippocampus and subventricular zone","CTACGTCGTCCGTCAG",2930,7102,102,0.0143621515066179,"Unknown"
"CTACGTCGTGTTCGAT","SRA526435","SRS1915196","Mus musculus","10x chromium","Cortex, hippocampus and subventricular zone","CTACGTCGTGTTCGAT",4259,11357,214,0.0188430043145197,"Unknown"
"CTACGTCGTTGTGGAG","SRA526435","SRS1915196","Mus musculus","10x chromium","Cortex, hippocampus and subventricular zone","CTACGTCGTTGTGGAG",2354,4923,59,0.0119845622587853,"Unknown"
"CTACGTCTCACATGCA","SRA526435","SRS1915196","Mus musculus","10x chromium","Cortex, hippocampus and subventricular zone","CTACGTCTCACATGCA",2393,4919,131,0.0266314291522667,"Unknown"
"CTACGTCTCATCATTC","SRA526435","SRS1915196","Mus musculus","10x chromium","Cortex, hippocampus and subventricular zone","CTACGTCTCATCATTC",2518,5977,97,0.0162288773632257,"Unknown"
"CTACGTCTCATGCATG","SRA526435","SRS1915196","Mus musculus","10x chromium","Cortex, hippocampus and subventricular zone","CTACGTCTCATGCATG",2203,4736,66,0.0139358108108108,"Unknown"
"CTACGTCTCGCCTGTT","SRA526435","SRS1915196","Mus musculus","10x chromium","Cortex, hippocampus and subventricular zone","CTACGTCTCGCCTGTT",2125,4296,55,0.0128026070763501,"Unknown"
"CTACGTCTCTGGTATG","SRA526435","SRS1915196","Mus musculus","10x chromium","Cortex, hippocampus and subventricular zone","CTACGTCTCTGGTATG",112,3292,3,0.000911300121506683,"Erythroid-like and erythroid precursor cells"
"CTAGAGTAGAGCTGCA","SRA526435","SRS1915196","Mus musculus","10x chromium","Cortex, hippocampus and subventricular zone","CTAGAGTAGAGCTGCA",1727,3150,25,0.00793650793650794,"Unknown"
"CTAGAGTAGAGGACGG","SRA526435","SRS1915196","Mus musculus","10x chromium","Cortex, hippocampus and subventricular zone","CTAGAGTAGAGGACGG",1520,3052,45,0.0147444298820446,"Unknown"
"CTAGAGTAGATGGCGT","SRA526435","SRS1915196","Mus musculus","10x chromium","Cortex, hippocampus and subventricular zone","CTAGAGTAGATGGCGT",3800,10969,77,0.00701978302488832,"Unknown"
"CTAGAGTAGCTCAACT","SRA526435","SRS1915196","Mus musculus","10x chromium","Cortex, hippocampus and subventricular zone","CTAGAGTAGCTCAACT",3142,7757,57,0.00734820162433931,"Unknown"
"CTAGAGTAGGATGCGT","SRA526435","SRS1915196","Mus musculus","10x chromium","Cortex, hippocampus and subventricular zone","CTAGAGTAGGATGCGT",1276,2392,56,0.0234113712374582,"Unknown"
"CTAGAGTAGGCGACAT","SRA526435","SRS1915196","Mus musculus","10x chromium","Cortex, hippocampus and subventricular zone","CTAGAGTAGGCGACAT",1391,2313,37,0.0159965412883701,"Unknown"
"CTAGAGTAGGTAGCCA","SRA526435","SRS1915196","Mus musculus","10x chromium","Cortex, hippocampus and subventricular zone","CTAGAGTAGGTAGCCA",1641,2939,20,0.00680503572643756,"Unknown"
"CTAGAGTCACCATCCT","SRA526435","SRS1915196","Mus musculus","10x chromium","Cortex, hippocampus and subventricular zone","CTAGAGTCACCATCCT",1770,3257,43,0.013202333435677,"Unknown"
"CTAGAGTCACGGCGTT","SRA526435","SRS1915196","Mus musculus","10x chromium","Cortex, hippocampus and subventricular zone","CTAGAGTCACGGCGTT",2827,7001,62,0.00885587773175261,"Unknown"
"CTAGAGTCAGACGCCT","SRA526435","SRS1915196","Mus musculus","10x chromium","Cortex, hippocampus and subventricular zone","CTAGAGTCAGACGCCT",1094,1759,54,0.030699260943718,"Unknown"
"CTAGAGTCAGGCGATA","SRA526435","SRS1915196","Mus musculus","10x chromium","Cortex, hippocampus and subventricular zone","CTAGAGTCAGGCGATA",2153,4576,39,0.00852272727272727,"Unknown"
"CTAGAGTCAGGTCTCG","SRA526435","SRS1915196","Mus musculus","10x chromium","Cortex, hippocampus and subventricular zone","CTAGAGTCAGGTCTCG",1563,2927,77,0.0263067987700717,"Unknown"
"CTAGAGTCATATGGTC","SRA526435","SRS1915196","Mus musculus","10x chromium","Cortex, hippocampus and subventricular zone","CTAGAGTCATATGGTC",2944,6581,93,0.0141315909436256,"Unknown"
"CTAGAGTCATTAGCCA","SRA526435","SRS1915196","Mus musculus","10x chromium","Cortex, hippocampus and subventricular zone","CTAGAGTCATTAGCCA",105,4488,8,0.0017825311942959,"Erythroid-like and erythroid precursor cells"
"CTAGAGTGTACGAAAT","SRA526435","SRS1915196","Mus musculus","10x chromium","Cortex, hippocampus and subventricular zone","CTAGAGTGTACGAAAT",2705,6770,89,0.0131462333825702,"Unknown"
"CTAGAGTGTAGCGTAG","SRA526435","SRS1915196","Mus musculus","10x chromium","Cortex, hippocampus and subventricular zone","CTAGAGTGTAGCGTAG",1246,2234,35,0.0156669650850492,"Unknown"
"CTAGAGTGTCCTCTTG","SRA526435","SRS1915196","Mus musculus","10x chromium","Cortex, hippocampus and subventricular zone","CTAGAGTGTCCTCTTG",200,8804,2,0.000227169468423444,"Erythroid-like and erythroid precursor cells"
"CTAGAGTGTCCTGCTT","SRA526435","SRS1915196","Mus musculus","10x chromium","Cortex, hippocampus and subventricular zone","CTAGAGTGTCCTGCTT",2204,5084,60,0.011801730920535,"Unknown"
"CTAGAGTGTCTAACGT","SRA526435","SRS1915196","Mus musculus","10x chromium","Cortex, hippocampus and subventricular zone","CTAGAGTGTCTAACGT",2245,4686,69,0.0147247119078105,"Unknown"
"CTAGAGTGTGACAAAT","SRA526435","SRS1915196","Mus musculus","10x chromium","Cortex, hippocampus and subventricular zone","CTAGAGTGTGACAAAT",2270,4536,44,0.00970017636684303,"Unknown"
"CTAGAGTGTGGTCTCG","SRA526435","SRS1915196","Mus musculus","10x chromium","Cortex, hippocampus and subventricular zone","CTAGAGTGTGGTCTCG",1423,2496,63,0.0252403846153846,"Unknown"
"CTAGAGTGTGTAACGG","SRA526435","SRS1915196","Mus musculus","10x chromium","Cortex, hippocampus and subventricular zone","CTAGAGTGTGTAACGG",2606,5709,41,0.00718164301979331,"Unknown"
"CTAGAGTTCACTCTTA","SRA526435","SRS1915196","Mus musculus","10x chromium","Cortex, hippocampus and subventricular zone","CTAGAGTTCACTCTTA",2449,5455,74,0.0135655362053162,"Unknown"
"CTAGAGTTCATAACCG","SRA526435","SRS1915196","Mus musculus","10x chromium","Cortex, hippocampus and subventricular zone","CTAGAGTTCATAACCG",3043,7323,104,0.0142018298511539,"Unknown"
"CTAGAGTTCCCAAGTA","SRA526435","SRS1915196","Mus musculus","10x chromium","Cortex, hippocampus and subventricular zone","CTAGAGTTCCCAAGTA",1601,3065,58,0.0189233278955954,"Unknown"
"CTAGAGTTCGGAAATA","SRA526435","SRS1915196","Mus musculus","10x chromium","Cortex, hippocampus and subventricular zone","CTAGAGTTCGGAAATA",1876,3989,50,0.0125344697919278,"Unknown"
"CTAGAGTTCTCGAGTA","SRA526435","SRS1915196","Mus musculus","10x chromium","Cortex, hippocampus and subventricular zone","CTAGAGTTCTCGAGTA",2144,4633,65,0.0140297863155623,"Unknown"
"CTAGCCTAGATATGGT","SRA526435","SRS1915196","Mus musculus","10x chromium","Cortex, hippocampus and subventricular zone","CTAGCCTAGATATGGT",1850,2909,72,0.0247507734616707,"Unknown"
"CTAGCCTAGCTAAACA","SRA526435","SRS1915196","Mus musculus","10x chromium","Cortex, hippocampus and subventricular zone","CTAGCCTAGCTAAACA",3902,13185,73,0.00553659461509291,"Unknown"
"CTAGCCTCACCGTTGG","SRA526435","SRS1915196","Mus musculus","10x chromium","Cortex, hippocampus and subventricular zone","CTAGCCTCACCGTTGG",3785,10124,108,0.0106677202686685,"Unknown"
"CTAGCCTCACTTCGAA","SRA526435","SRS1915196","Mus musculus","10x chromium","Cortex, hippocampus and subventricular zone","CTAGCCTCACTTCGAA",1718,3381,41,0.0121265897663413,"Unknown"
"CTAGCCTCAGTGGGAT","SRA526435","SRS1915196","Mus musculus","10x chromium","Cortex, hippocampus and subventricular zone","CTAGCCTCAGTGGGAT",1445,2523,100,0.0396353547364249,"Unknown"
"CTAGCCTCATCACGTA","SRA526435","SRS1915196","Mus musculus","10x chromium","Cortex, hippocampus and subventricular zone","CTAGCCTCATCACGTA",2967,7023,47,0.00669229673928521,"Unknown"
"CTAGCCTCATGGTCTA","SRA526435","SRS1915196","Mus musculus","10x chromium","Cortex, hippocampus and subventricular zone","CTAGCCTCATGGTCTA",755,1112,18,0.0161870503597122,"Unknown"
"CTAGCCTGTGAGGGTT","SRA526435","SRS1915196","Mus musculus","10x chromium","Cortex, hippocampus and subventricular zone","CTAGCCTGTGAGGGTT",2555,5518,60,0.0108735048930772,"Unknown"
"CTAGCCTGTTCGGCAC","SRA526435","SRS1915196","Mus musculus","10x chromium","Cortex, hippocampus and subventricular zone","CTAGCCTGTTCGGCAC",1992,3863,48,0.0124255759772198,"Unknown"
"CTAGCCTTCAACGGGA","SRA526435","SRS1915196","Mus musculus","10x chromium","Cortex, hippocampus and subventricular zone","CTAGCCTTCAACGGGA",3680,9168,97,0.0105802792321117,"Unknown"
"CTAGCCTTCCTCATTA","SRA526435","SRS1915196","Mus musculus","10x chromium","Cortex, hippocampus and subventricular zone","CTAGCCTTCCTCATTA",1987,3928,45,0.0114562118126273,"Unknown"
"CTAGCCTTCGGCATCG","SRA526435","SRS1915196","Mus musculus","10x chromium","Cortex, hippocampus and subventricular zone","CTAGCCTTCGGCATCG",978,1358,14,0.0103092783505155,"Unknown"
"CTAGCCTTCTAACTCT","SRA526435","SRS1915196","Mus musculus","10x chromium","Cortex, hippocampus and subventricular zone","CTAGCCTTCTAACTCT",1519,2345,40,0.0170575692963753,"Unknown"
"CTAGCCTTCTACTCAT","SRA526435","SRS1915196","Mus musculus","10x chromium","Cortex, hippocampus and subventricular zone","CTAGCCTTCTACTCAT",1359,2283,114,0.049934296977661,"Unknown"
"CTAGCCTTCTCACATT","SRA526435","SRS1915196","Mus musculus","10x chromium","Cortex, hippocampus and subventricular zone","CTAGCCTTCTCACATT",1208,2243,53,0.0236290682122158,"Unknown"
"CTAGCCTTCTCGAGTA","SRA526435","SRS1915196","Mus musculus","10x chromium","Cortex, hippocampus and subventricular zone","CTAGCCTTCTCGAGTA",2064,4214,68,0.0161366872330327,"Unknown"
"CTAGTGAAGAGTCTGG","SRA526435","SRS1915196","Mus musculus","10x chromium","Cortex, hippocampus and subventricular zone","CTAGTGAAGAGTCTGG",1089,1655,91,0.0549848942598187,"Unknown"
"CTAGTGAAGATCTGAA","SRA526435","SRS1915196","Mus musculus","10x chromium","Cortex, hippocampus and subventricular zone","CTAGTGAAGATCTGAA",2549,6265,61,0.0097366320830008,"Unknown"
"CTAGTGAAGATGGGTC","SRA526435","SRS1915196","Mus musculus","10x chromium","Cortex, hippocampus and subventricular zone","CTAGTGAAGATGGGTC",1520,3006,18,0.00598802395209581,"Unknown"
"CTAGTGAAGGCATGGT","SRA526435","SRS1915196","Mus musculus","10x chromium","Cortex, hippocampus and subventricular zone","CTAGTGAAGGCATGGT",1773,3123,40,0.0128081972462376,"Unknown"
"CTAGTGAAGGGCTCTC","SRA526435","SRS1915196","Mus musculus","10x chromium","Cortex, hippocampus and subventricular zone","CTAGTGAAGGGCTCTC",1910,3594,34,0.00946021146355036,"Unknown"
"CTAGTGAAGGTAGCTG","SRA526435","SRS1915196","Mus musculus","10x chromium","Cortex, hippocampus and subventricular zone","CTAGTGAAGGTAGCTG",2616,6249,83,0.0132821251400224,"Unknown"
"CTAGTGAAGTACGATA","SRA526435","SRS1915196","Mus musculus","10x chromium","Cortex, hippocampus and subventricular zone","CTAGTGAAGTACGATA",2154,5386,85,0.0157816561455626,"Unknown"
"CTAGTGACAACACCCG","SRA526435","SRS1915196","Mus musculus","10x chromium","Cortex, hippocampus and subventricular zone","CTAGTGACAACACCCG",3337,8070,90,0.0111524163568773,"Unknown"
"CTAGTGACACAGTCGC","SRA526435","SRS1915196","Mus musculus","10x chromium","Cortex, hippocampus and subventricular zone","CTAGTGACACAGTCGC",1727,3703,50,0.0135025654874426,"Unknown"
"CTAGTGACACATCTTT","SRA526435","SRS1915196","Mus musculus","10x chromium","Cortex, hippocampus and subventricular zone","CTAGTGACACATCTTT",1476,2613,29,0.0110983543819365,"Unknown"
"CTAGTGACACCAGTTA","SRA526435","SRS1915196","Mus musculus","10x chromium","Cortex, hippocampus and subventricular zone","CTAGTGACACCAGTTA",1249,1927,33,0.01712506486767,"Unknown"
"CTAGTGACACGAAGCA","SRA526435","SRS1915196","Mus musculus","10x chromium","Cortex, hippocampus and subventricular zone","CTAGTGACACGAAGCA",1628,2779,124,0.0446203670385031,"Unknown"
"CTAGTGACACGCTTTC","SRA526435","SRS1915196","Mus musculus","10x chromium","Cortex, hippocampus and subventricular zone","CTAGTGACACGCTTTC",2260,4486,48,0.0106999554168524,"Unknown"
"CTAGTGACACGGTTTA","SRA526435","SRS1915196","Mus musculus","10x chromium","Cortex, hippocampus and subventricular zone","CTAGTGACACGGTTTA",1674,3125,57,0.01824,"Unknown"
"CTAGTGACAGCTGGCT","SRA526435","SRS1915196","Mus musculus","10x chromium","Cortex, hippocampus and subventricular zone","CTAGTGACAGCTGGCT",1029,1958,1,0.000510725229826353,"Unknown"
"CTAGTGACATATACCG","SRA526435","SRS1915196","Mus musculus","10x chromium","Cortex, hippocampus and subventricular zone","CTAGTGACATATACCG",2474,5910,74,0.0125211505922166,"Unknown"
"CTAGTGACATCATCCC","SRA526435","SRS1915196","Mus musculus","10x chromium","Cortex, hippocampus and subventricular zone","CTAGTGACATCATCCC",3752,10562,147,0.0139178185949631,"Unknown"
"CTAGTGACATTAACCG","SRA526435","SRS1915196","Mus musculus","10x chromium","Cortex, hippocampus and subventricular zone","CTAGTGACATTAACCG",4246,12971,192,0.0148022511756996,"Unknown"
"CTAGTGAGTACGCTGC","SRA526435","SRS1915196","Mus musculus","10x chromium","Cortex, hippocampus and subventricular zone","CTAGTGAGTACGCTGC",1573,2855,71,0.0248686514886165,"Unknown"
"CTAGTGAGTAGGGTAC","SRA526435","SRS1915196","Mus musculus","10x chromium","Cortex, hippocampus and subventricular zone","CTAGTGAGTAGGGTAC",1384,2534,48,0.0189423835832676,"Unknown"
"CTAGTGAGTCCAGTGC","SRA526435","SRS1915196","Mus musculus","10x chromium","Cortex, hippocampus and subventricular zone","CTAGTGAGTCCAGTGC",2775,5794,83,0.0143251639627201,"Unknown"
"CTAGTGAGTCGAGATG","SRA526435","SRS1915196","Mus musculus","10x chromium","Cortex, hippocampus and subventricular zone","CTAGTGAGTCGAGATG",2297,4863,68,0.0139831379806704,"Unknown"
"CTAGTGAGTTACAGAA","SRA526435","SRS1915196","Mus musculus","10x chromium","Cortex, hippocampus and subventricular zone","CTAGTGAGTTACAGAA",2337,5548,31,0.00558759913482336,"Unknown"
"CTAGTGAGTTACTGAC","SRA526435","SRS1915196","Mus musculus","10x chromium","Cortex, hippocampus and subventricular zone","CTAGTGAGTTACTGAC",1944,3842,55,0.0143154606975534,"Unknown"
"CTAGTGAGTTGATTCG","SRA526435","SRS1915196","Mus musculus","10x chromium","Cortex, hippocampus and subventricular zone","CTAGTGAGTTGATTCG",1933,3549,67,0.0188785573400958,"Unknown"
"CTAGTGAGTTTCGCTC","SRA526435","SRS1915196","Mus musculus","10x chromium","Cortex, hippocampus and subventricular zone","CTAGTGAGTTTCGCTC",1856,3884,54,0.013903192584964,"Unknown"
"CTAGTGATCAGGCAAG","SRA526435","SRS1915196","Mus musculus","10x chromium","Cortex, hippocampus and subventricular zone","CTAGTGATCAGGCAAG",1993,3860,48,0.0124352331606218,"Unknown"
"CTAGTGATCATCATTC","SRA526435","SRS1915196","Mus musculus","10x chromium","Cortex, hippocampus and subventricular zone","CTAGTGATCATCATTC",2639,6316,62,0.00981633945535149,"Unknown"
"CTAGTGATCCGAATGT","SRA526435","SRS1915196","Mus musculus","10x chromium","Cortex, hippocampus and subventricular zone","CTAGTGATCCGAATGT",2150,4490,38,0.00846325167037862,"Unknown"
"CTAGTGATCCGTCATC","SRA526435","SRS1915196","Mus musculus","10x chromium","Cortex, hippocampus and subventricular zone","CTAGTGATCCGTCATC",92,3019,2,0.000662471016893011,"Erythroid-like and erythroid precursor cells"
"CTAGTGATCCTTGGTC","SRA526435","SRS1915196","Mus musculus","10x chromium","Cortex, hippocampus and subventricular zone","CTAGTGATCCTTGGTC",3731,11118,63,0.00566648677819752,"Unknown"
"CTAGTGATCTGGGCCA","SRA526435","SRS1915196","Mus musculus","10x chromium","Cortex, hippocampus and subventricular zone","CTAGTGATCTGGGCCA",2394,5623,73,0.0129823937399964,"Unknown"
"CTAGTGATCTTACCGC","SRA526435","SRS1915196","Mus musculus","10x chromium","Cortex, hippocampus and subventricular zone","CTAGTGATCTTACCGC",2644,5996,44,0.00733822548365577,"Unknown"
"CTAGTGATCTTGCCGT","SRA526435","SRS1915196","Mus musculus","10x chromium","Cortex, hippocampus and subventricular zone","CTAGTGATCTTGCCGT",2002,3926,64,0.0163015792154865,"Unknown"
"CTAGTGATCTTGTCAT","SRA526435","SRS1915196","Mus musculus","10x chromium","Cortex, hippocampus and subventricular zone","CTAGTGATCTTGTCAT",2693,6050,50,0.00826446280991736,"Unknown"
"CTCACACAGACGCTTT","SRA526435","SRS1915196","Mus musculus","10x chromium","Cortex, hippocampus and subventricular zone","CTCACACAGACGCTTT",1444,2576,28,0.0108695652173913,"Unknown"
"CTCACACAGATAGTCA","SRA526435","SRS1915196","Mus musculus","10x chromium","Cortex, hippocampus and subventricular zone","CTCACACAGATAGTCA",2183,5935,106,0.017860151642797,"Unknown"
"CTCACACAGGAATGGA","SRA526435","SRS1915196","Mus musculus","10x chromium","Cortex, hippocampus and subventricular zone","CTCACACAGGAATGGA",1626,3616,3,0.000829646017699115,"Unknown"
"CTCACACAGGTGATTA","SRA526435","SRS1915196","Mus musculus","10x chromium","Cortex, hippocampus and subventricular zone","CTCACACAGGTGATTA",1217,2181,27,0.0123796423658872,"Unknown"
"CTCACACAGTACGACG","SRA526435","SRS1915196","Mus musculus","10x chromium","Cortex, hippocampus and subventricular zone","CTCACACAGTACGACG",1126,1886,23,0.0121951219512195,"Unknown"
"CTCACACAGTCAAGGC","SRA526435","SRS1915196","Mus musculus","10x chromium","Cortex, hippocampus and subventricular zone","CTCACACAGTCAAGGC",2343,5021,67,0.013343955387373,"Unknown"
"CTCACACAGTCTCAAC","SRA526435","SRS1915196","Mus musculus","10x chromium","Cortex, hippocampus and subventricular zone","CTCACACAGTCTCAAC",2299,4658,60,0.012881064834693,"Unknown"
"CTCACACAGTGAATTG","SRA526435","SRS1915196","Mus musculus","10x chromium","Cortex, hippocampus and subventricular zone","CTCACACAGTGAATTG",2462,5317,61,0.0114726349445176,"Unknown"
"CTCACACAGTGGTAAT","SRA526435","SRS1915196","Mus musculus","10x chromium","Cortex, hippocampus and subventricular zone","CTCACACAGTGGTAAT",1238,1819,43,0.0236393622869709,"Unknown"
"CTCACACCAAAGGAAG","SRA526435","SRS1915196","Mus musculus","10x chromium","Cortex, hippocampus and subventricular zone","CTCACACCAAAGGAAG",2029,4085,45,0.011015911872705,"Unknown"
"CTCACACCAAAGGCGT","SRA526435","SRS1915196","Mus musculus","10x chromium","Cortex, hippocampus and subventricular zone","CTCACACCAAAGGCGT",2885,7207,63,0.0087415013181629,"Unknown"
"CTCACACCACAACTGT","SRA526435","SRS1915196","Mus musculus","10x chromium","Cortex, hippocampus and subventricular zone","CTCACACCACAACTGT",2320,5440,46,0.00845588235294118,"Unknown"
"CTCACACCACCTATCC","SRA526435","SRS1915196","Mus musculus","10x chromium","Cortex, hippocampus and subventricular zone","CTCACACCACCTATCC",1775,3239,11,0.00339610991046619,"Unknown"
"CTCACACCATCCGGGT","SRA526435","SRS1915196","Mus musculus","10x chromium","Cortex, hippocampus and subventricular zone","CTCACACCATCCGGGT",1975,3611,34,0.00941567432844088,"Unknown"
"CTCACACGTACAGTGG","SRA526435","SRS1915196","Mus musculus","10x chromium","Cortex, hippocampus and subventricular zone","CTCACACGTACAGTGG",2287,4559,56,0.0122833954814652,"Unknown"
"CTCACACGTCAGTGGA","SRA526435","SRS1915196","Mus musculus","10x chromium","Cortex, hippocampus and subventricular zone","CTCACACGTCAGTGGA",2696,5018,92,0.018333997608609,"Unknown"
"CTCACACGTCGCTTTC","SRA526435","SRS1915196","Mus musculus","10x chromium","Cortex, hippocampus and subventricular zone","CTCACACGTCGCTTTC",2177,4205,48,0.0114149821640904,"Unknown"
"CTCACACGTGTCCTCT","SRA526435","SRS1915196","Mus musculus","10x chromium","Cortex, hippocampus and subventricular zone","CTCACACGTGTCCTCT",1205,1793,44,0.0245398773006135,"Unknown"
"CTCACACGTTTCGCTC","SRA526435","SRS1915196","Mus musculus","10x chromium","Cortex, hippocampus and subventricular zone","CTCACACGTTTCGCTC",1475,2659,58,0.0218127115456939,"Unknown"
"CTCACACTCTAAGCCA","SRA526435","SRS1915196","Mus musculus","10x chromium","Cortex, hippocampus and subventricular zone","CTCACACTCTAAGCCA",2355,5069,58,0.0114420990333399,"Unknown"
"CTCAGAAAGATGTCGG","SRA526435","SRS1915196","Mus musculus","10x chromium","Cortex, hippocampus and subventricular zone","CTCAGAAAGATGTCGG",2262,5594,105,0.0187701108330354,"Unknown"
"CTCAGAAAGTGTTAGA","SRA526435","SRS1915196","Mus musculus","10x chromium","Cortex, hippocampus and subventricular zone","CTCAGAAAGTGTTAGA",782,1152,37,0.0321180555555556,"Unknown"
"CTCAGAACAAGCCGCT","SRA526435","SRS1915196","Mus musculus","10x chromium","Cortex, hippocampus and subventricular zone","CTCAGAACAAGCCGCT",2206,4303,104,0.0241691842900302,"Unknown"
"CTCAGAACAATAACGA","SRA526435","SRS1915196","Mus musculus","10x chromium","Cortex, hippocampus and subventricular zone","CTCAGAACAATAACGA",835,1191,48,0.0403022670025189,"Unknown"
"CTCAGAACAGTAACGG","SRA526435","SRS1915196","Mus musculus","10x chromium","Cortex, hippocampus and subventricular zone","CTCAGAACAGTAACGG",2215,4673,34,0.00727583993152151,"Unknown"
"CTCAGAACAGTACACT","SRA526435","SRS1915196","Mus musculus","10x chromium","Cortex, hippocampus and subventricular zone","CTCAGAACAGTACACT",3133,8260,103,0.0124697336561743,"Unknown"
"CTCAGAACATTGCGGC","SRA526435","SRS1915196","Mus musculus","10x chromium","Cortex, hippocampus and subventricular zone","CTCAGAACATTGCGGC",2300,4629,52,0.0112335277597753,"Unknown"
"CTCAGAAGTCGATTGT","SRA526435","SRS1915196","Mus musculus","10x chromium","Cortex, hippocampus and subventricular zone","CTCAGAAGTCGATTGT",754,1035,53,0.051207729468599,"Unknown"
"CTCAGAAGTCTCTCTG","SRA526435","SRS1915196","Mus musculus","10x chromium","Cortex, hippocampus and subventricular zone","CTCAGAAGTCTCTCTG",3389,9447,57,0.00603366147983487,"Unknown"
"CTCAGAAGTGACTCAT","SRA526435","SRS1915196","Mus musculus","10x chromium","Cortex, hippocampus and subventricular zone","CTCAGAAGTGACTCAT",1895,3728,41,0.0109978540772532,"Unknown"
"CTCAGAAGTTAAGATG","SRA526435","SRS1915196","Mus musculus","10x chromium","Cortex, hippocampus and subventricular zone","CTCAGAAGTTAAGATG",2453,5673,85,0.0149832540102239,"Unknown"
"CTCAGAATCAAACGGG","SRA526435","SRS1915196","Mus musculus","10x chromium","Cortex, hippocampus and subventricular zone","CTCAGAATCAAACGGG",4586,13746,162,0.0117852466171977,"Unknown"
"CTCAGAATCAACACCA","SRA526435","SRS1915196","Mus musculus","10x chromium","Cortex, hippocampus and subventricular zone","CTCAGAATCAACACCA",2308,4947,58,0.0117242773398019,"Unknown"
"CTCAGAATCACAGTAC","SRA526435","SRS1915196","Mus musculus","10x chromium","Cortex, hippocampus and subventricular zone","CTCAGAATCACAGTAC",2604,4919,28,0.00569221386460663,"Unknown"
"CTCAGAATCCAGTAGT","SRA526435","SRS1915196","Mus musculus","10x chromium","Cortex, hippocampus and subventricular zone","CTCAGAATCCAGTAGT",2388,5276,45,0.00852918877937832,"Unknown"
"CTCAGAATCCTGTAGA","SRA526435","SRS1915196","Mus musculus","10x chromium","Cortex, hippocampus and subventricular zone","CTCAGAATCCTGTAGA",2005,3972,37,0.00931520644511581,"Unknown"
"CTCAGAATCTCGGACG","SRA526435","SRS1915196","Mus musculus","10x chromium","Cortex, hippocampus and subventricular zone","CTCAGAATCTCGGACG",2123,4469,81,0.018124860147684,"Unknown"
"CTCAGAATCTTTCCTC","SRA526435","SRS1915196","Mus musculus","10x chromium","Cortex, hippocampus and subventricular zone","CTCAGAATCTTTCCTC",1663,3134,60,0.01914486279515,"Pericytes"
"CTCATTAAGAGCCTAG","SRA526435","SRS1915196","Mus musculus","10x chromium","Cortex, hippocampus and subventricular zone","CTCATTAAGAGCCTAG",4397,14653,156,0.0106462840373985,"Unknown"
"CTCATTAAGCAGGCTA","SRA526435","SRS1915196","Mus musculus","10x chromium","Cortex, hippocampus and subventricular zone","CTCATTAAGCAGGCTA",2126,4389,37,0.00843016632490317,"Unknown"
"CTCATTAAGCATCATC","SRA526435","SRS1915196","Mus musculus","10x chromium","Cortex, hippocampus and subventricular zone","CTCATTAAGCATCATC",2020,4091,46,0.0112441945734539,"Unknown"
"CTCATTAAGCCACGTC","SRA526435","SRS1915196","Mus musculus","10x chromium","Cortex, hippocampus and subventricular zone","CTCATTAAGCCACGTC",2082,3919,63,0.016075529471804,"Unknown"
"CTCATTAAGCTAAACA","SRA526435","SRS1915196","Mus musculus","10x chromium","Cortex, hippocampus and subventricular zone","CTCATTAAGCTAAACA",1348,2451,40,0.0163198694410445,"Unknown"
"CTCATTAAGTACGTAA","SRA526435","SRS1915196","Mus musculus","10x chromium","Cortex, hippocampus and subventricular zone","CTCATTAAGTACGTAA",3007,8038,77,0.0095794973874098,"Unknown"
"CTCATTAAGTCTCAAC","SRA526435","SRS1915196","Mus musculus","10x chromium","Cortex, hippocampus and subventricular zone","CTCATTAAGTCTCAAC",759,1289,45,0.034910783553142,"Unknown"
"CTCATTAAGTGAATTG","SRA526435","SRS1915196","Mus musculus","10x chromium","Cortex, hippocampus and subventricular zone","CTCATTAAGTGAATTG",2128,4681,52,0.011108737449263,"Unknown"
"CTCATTAAGTGACATA","SRA526435","SRS1915196","Mus musculus","10x chromium","Cortex, hippocampus and subventricular zone","CTCATTAAGTGACATA",2224,4957,92,0.018559612668953,"Unknown"
"CTCATTAAGTGGTCCC","SRA526435","SRS1915196","Mus musculus","10x chromium","Cortex, hippocampus and subventricular zone","CTCATTAAGTGGTCCC",3898,10940,87,0.00795246800731261,"Unknown"
"CTCATTACACCTCGTT","SRA526435","SRS1915196","Mus musculus","10x chromium","Cortex, hippocampus and subventricular zone","CTCATTACACCTCGTT",1761,3386,49,0.0144713526284702,"Unknown"
"CTCATTACACGGATAG","SRA526435","SRS1915196","Mus musculus","10x chromium","Cortex, hippocampus and subventricular zone","CTCATTACACGGATAG",2121,4852,77,0.0158697444352844,"Unknown"
"CTCATTACAGGCGATA","SRA526435","SRS1915196","Mus musculus","10x chromium","Cortex, hippocampus and subventricular zone","CTCATTACAGGCGATA",2235,4429,43,0.00970873786407767,"Unknown"
"CTCATTACATCGTCGG","SRA526435","SRS1915196","Mus musculus","10x chromium","Cortex, hippocampus and subventricular zone","CTCATTACATCGTCGG",2899,7454,109,0.0146230211966729,"Unknown"
"CTCATTAGTACATGTC","SRA526435","SRS1915196","Mus musculus","10x chromium","Cortex, hippocampus and subventricular zone","CTCATTAGTACATGTC",1896,3317,87,0.0262285197467591,"Unknown"
"CTCATTAGTCAAGCGA","SRA526435","SRS1915196","Mus musculus","10x chromium","Cortex, hippocampus and subventricular zone","CTCATTAGTCAAGCGA",1941,4420,131,0.0296380090497738,"Unknown"
"CTCATTAGTCTCAACA","SRA526435","SRS1915196","Mus musculus","10x chromium","Cortex, hippocampus and subventricular zone","CTCATTAGTCTCAACA",1273,2270,46,0.0202643171806167,"Unknown"
"CTCATTAGTCTCTTAT","SRA526435","SRS1915196","Mus musculus","10x chromium","Cortex, hippocampus and subventricular zone","CTCATTAGTCTCTTAT",2098,4206,58,0.0137898240608654,"Unknown"
"CTCATTAGTCTCTTTA","SRA526435","SRS1915196","Mus musculus","10x chromium","Cortex, hippocampus and subventricular zone","CTCATTAGTCTCTTTA",2722,6221,23,0.00369715479826394,"Unknown"
"CTCATTAGTGAGTATA","SRA526435","SRS1915196","Mus musculus","10x chromium","Cortex, hippocampus and subventricular zone","CTCATTAGTGAGTATA",1126,1824,45,0.0246710526315789,"Unknown"
"CTCATTAGTGCTAGCC","SRA526435","SRS1915196","Mus musculus","10x chromium","Cortex, hippocampus and subventricular zone","CTCATTAGTGCTAGCC",1276,2083,21,0.0100816130580893,"Unknown"
"CTCATTATCAACTCTT","SRA526435","SRS1915196","Mus musculus","10x chromium","Cortex, hippocampus and subventricular zone","CTCATTATCAACTCTT",3769,10008,111,0.0110911270983213,"Unknown"
"CTCATTATCCTTGACC","SRA526435","SRS1915196","Mus musculus","10x chromium","Cortex, hippocampus and subventricular zone","CTCATTATCCTTGACC",1930,3990,35,0.0087719298245614,"Unknown"
"CTCATTATCGGAAATA","SRA526435","SRS1915196","Mus musculus","10x chromium","Cortex, hippocampus and subventricular zone","CTCATTATCGGAAATA",2972,7585,85,0.011206328279499,"Unknown"
"CTCATTATCTCCAACC","SRA526435","SRS1915196","Mus musculus","10x chromium","Cortex, hippocampus and subventricular zone","CTCATTATCTCCAACC",792,1050,34,0.0323809523809524,"Unknown"
"CTCATTATCTCCTATA","SRA526435","SRS1915196","Mus musculus","10x chromium","Cortex, hippocampus and subventricular zone","CTCATTATCTCCTATA",2988,7258,95,0.0130890052356021,"Unknown"
"CTCCTAGAGAAGGTGA","SRA526435","SRS1915196","Mus musculus","10x chromium","Cortex, hippocampus and subventricular zone","CTCCTAGAGAAGGTGA",1221,2004,55,0.0274451097804391,"Unknown"
"CTCCTAGAGAATAGGG","SRA526435","SRS1915196","Mus musculus","10x chromium","Cortex, hippocampus and subventricular zone","CTCCTAGAGAATAGGG",1638,3463,69,0.0199249205890846,"Unknown"
"CTCCTAGAGCTGCCCA","SRA526435","SRS1915196","Mus musculus","10x chromium","Cortex, hippocampus and subventricular zone","CTCCTAGAGCTGCCCA",2137,3999,43,0.010752688172043,"Unknown"
"CTCCTAGAGGCAAAGA","SRA526435","SRS1915196","Mus musculus","10x chromium","Cortex, hippocampus and subventricular zone","CTCCTAGAGGCAAAGA",1415,2757,35,0.0126949582879942,"Unknown"
"CTCCTAGAGGTGCACA","SRA526435","SRS1915196","Mus musculus","10x chromium","Cortex, hippocampus and subventricular zone","CTCCTAGAGGTGCACA",1286,2242,17,0.00758251561106155,"Unknown"
"CTCCTAGCAGATAATG","SRA526435","SRS1915196","Mus musculus","10x chromium","Cortex, hippocampus and subventricular zone","CTCCTAGCAGATAATG",3699,10144,104,0.0102523659305994,"Unknown"
"CTCCTAGCATGGTAGG","SRA526435","SRS1915196","Mus musculus","10x chromium","Cortex, hippocampus and subventricular zone","CTCCTAGCATGGTAGG",1967,3759,50,0.0133014099494546,"Unknown"
"CTCCTAGCATGTAGTC","SRA526435","SRS1915196","Mus musculus","10x chromium","Cortex, hippocampus and subventricular zone","CTCCTAGCATGTAGTC",897,1288,44,0.0341614906832298,"Unknown"
"CTCCTAGGTAAGTGTA","SRA526435","SRS1915196","Mus musculus","10x chromium","Cortex, hippocampus and subventricular zone","CTCCTAGGTAAGTGTA",3945,11327,135,0.0119184250022071,"Unknown"
"CTCCTAGGTAGGGTAC","SRA526435","SRS1915196","Mus musculus","10x chromium","Cortex, hippocampus and subventricular zone","CTCCTAGGTAGGGTAC",2398,5146,35,0.00680139914496696,"Unknown"
"CTCCTAGGTCCAGTAT","SRA526435","SRS1915196","Mus musculus","10x chromium","Cortex, hippocampus and subventricular zone","CTCCTAGGTCCAGTAT",973,1350,55,0.0407407407407407,"Unknown"
"CTCCTAGGTGCATCTA","SRA526435","SRS1915196","Mus musculus","10x chromium","Cortex, hippocampus and subventricular zone","CTCCTAGGTGCATCTA",1874,3964,86,0.0216952573158426,"Unknown"
"CTCCTAGGTGGCCCTA","SRA526435","SRS1915196","Mus musculus","10x chromium","Cortex, hippocampus and subventricular zone","CTCCTAGGTGGCCCTA",2256,4663,76,0.0162985202659232,"Unknown"
"CTCCTAGGTTCCGTCT","SRA526435","SRS1915196","Mus musculus","10x chromium","Cortex, hippocampus and subventricular zone","CTCCTAGGTTCCGTCT",2231,4977,56,0.0112517580872011,"Unknown"
"CTCCTAGTCAGAGACG","SRA526435","SRS1915196","Mus musculus","10x chromium","Cortex, hippocampus and subventricular zone","CTCCTAGTCAGAGACG",1582,2659,57,0.0214366303121474,"Unknown"
"CTCCTAGTCCCTCTTT","SRA526435","SRS1915196","Mus musculus","10x chromium","Cortex, hippocampus and subventricular zone","CTCCTAGTCCCTCTTT",2867,6957,71,0.0102055483685497,"Unknown"
"CTCCTAGTCCGTCAAA","SRA526435","SRS1915196","Mus musculus","10x chromium","Cortex, hippocampus and subventricular zone","CTCCTAGTCCGTCAAA",2757,5614,81,0.0144282151763449,"Unknown"
"CTCCTAGTCTAACTCT","SRA526435","SRS1915196","Mus musculus","10x chromium","Cortex, hippocampus and subventricular zone","CTCCTAGTCTAACTCT",802,1107,29,0.026196928635953,"Unknown"
"CTCGAAAAGAATGTTG","SRA526435","SRS1915196","Mus musculus","10x chromium","Cortex, hippocampus and subventricular zone","CTCGAAAAGAATGTTG",1919,4464,86,0.0192652329749104,"Unknown"
"CTCGAAAAGCGAAGGG","SRA526435","SRS1915196","Mus musculus","10x chromium","Cortex, hippocampus and subventricular zone","CTCGAAAAGCGAAGGG",1464,2841,48,0.0168954593453009,"Unknown"
"CTCGAAAAGCGCCTCA","SRA526435","SRS1915196","Mus musculus","10x chromium","Cortex, hippocampus and subventricular zone","CTCGAAAAGCGCCTCA",1579,3230,45,0.0139318885448916,"Unknown"
"CTCGAAAAGCTAAGAT","SRA526435","SRS1915196","Mus musculus","10x chromium","Cortex, hippocampus and subventricular zone","CTCGAAAAGCTAAGAT",1323,2423,84,0.0346677672307057,"Unknown"
"CTCGAAAAGCTACCGC","SRA526435","SRS1915196","Mus musculus","10x chromium","Cortex, hippocampus and subventricular zone","CTCGAAAAGCTACCGC",1268,2256,34,0.0150709219858156,"Unknown"
"CTCGAAAAGGACACCA","SRA526435","SRS1915196","Mus musculus","10x chromium","Cortex, hippocampus and subventricular zone","CTCGAAAAGGACACCA",1095,1482,49,0.0330634278002699,"Unknown"
"CTCGAAAAGTAACCCT","SRA526435","SRS1915196","Mus musculus","10x chromium","Cortex, hippocampus and subventricular zone","CTCGAAAAGTAACCCT",789,1083,33,0.0304709141274238,"Unknown"
"CTCGAAAGTAAGGGAA","SRA526435","SRS1915196","Mus musculus","10x chromium","Cortex, hippocampus and subventricular zone","CTCGAAAGTAAGGGAA",3351,9477,146,0.0154057191094228,"Unknown"
"CTCGAAAGTCCATCCT","SRA526435","SRS1915196","Mus musculus","10x chromium","Cortex, hippocampus and subventricular zone","CTCGAAAGTCCATCCT",803,1185,102,0.0860759493670886,"Unknown"
"CTCGAAAGTGGTTTCA","SRA526435","SRS1915196","Mus musculus","10x chromium","Cortex, hippocampus and subventricular zone","CTCGAAAGTGGTTTCA",2687,6019,38,0.00631334108655923,"Unknown"
"CTCGAAAGTTACTGAC","SRA526435","SRS1915196","Mus musculus","10x chromium","Cortex, hippocampus and subventricular zone","CTCGAAAGTTACTGAC",2082,4302,35,0.00813575081357508,"Unknown"
"CTCGAAATCAAGAAGT","SRA526435","SRS1915196","Mus musculus","10x chromium","Cortex, hippocampus and subventricular zone","CTCGAAATCAAGAAGT",2910,9520,120,0.0126050420168067,"Unknown"
"CTCGAAATCCCATTTA","SRA526435","SRS1915196","Mus musculus","10x chromium","Cortex, hippocampus and subventricular zone","CTCGAAATCCCATTTA",2205,5010,32,0.0063872255489022,"Unknown"
"CTCGAAATCTCAAGTG","SRA526435","SRS1915196","Mus musculus","10x chromium","Cortex, hippocampus and subventricular zone","CTCGAAATCTCAAGTG",1525,2809,36,0.0128159487362051,"Unknown"
"CTCGAAATCTTGTTTG","SRA526435","SRS1915196","Mus musculus","10x chromium","Cortex, hippocampus and subventricular zone","CTCGAAATCTTGTTTG",2629,5869,94,0.0160163571306867,"Unknown"
"CTCGAAATCTTTAGTC","SRA526435","SRS1915196","Mus musculus","10x chromium","Cortex, hippocampus and subventricular zone","CTCGAAATCTTTAGTC",2693,6428,73,0.0113565650280025,"Unknown"
"CTCGAGGAGAAGAAGC","SRA526435","SRS1915196","Mus musculus","10x chromium","Cortex, hippocampus and subventricular zone","CTCGAGGAGAAGAAGC",1603,2909,26,0.0089377793056033,"Unknown"
"CTCGAGGAGAAGGGTA","SRA526435","SRS1915196","Mus musculus","10x chromium","Cortex, hippocampus and subventricular zone","CTCGAGGAGAAGGGTA",2105,4031,52,0.01290002480774,"Unknown"
"CTCGAGGAGTAACCCT","SRA526435","SRS1915196","Mus musculus","10x chromium","Cortex, hippocampus and subventricular zone","CTCGAGGAGTAACCCT",2555,5758,49,0.00850989927058006,"Unknown"
"CTCGAGGAGTAGGTGC","SRA526435","SRS1915196","Mus musculus","10x chromium","Cortex, hippocampus and subventricular zone","CTCGAGGAGTAGGTGC",2693,6511,60,0.00921517432038089,"Unknown"
"CTCGAGGAGTCCGGTC","SRA526435","SRS1915196","Mus musculus","10x chromium","Cortex, hippocampus and subventricular zone","CTCGAGGAGTCCGGTC",3074,7832,197,0.0251532175689479,"Unknown"
"CTCGAGGCAAAGGAAG","SRA526435","SRS1915196","Mus musculus","10x chromium","Cortex, hippocampus and subventricular zone","CTCGAGGCAAAGGAAG",1555,2399,94,0.039182992913714,"Unknown"
"CTCGAGGCACAGCGTC","SRA526435","SRS1915196","Mus musculus","10x chromium","Cortex, hippocampus and subventricular zone","CTCGAGGCACAGCGTC",2668,6079,60,0.00987004441519987,"Unknown"
"CTCGAGGCACATCCAA","SRA526435","SRS1915196","Mus musculus","10x chromium","Cortex, hippocampus and subventricular zone","CTCGAGGCACATCCAA",2450,5031,143,0.0284237726098191,"Unknown"
"CTCGAGGCACGACTCG","SRA526435","SRS1915196","Mus musculus","10x chromium","Cortex, hippocampus and subventricular zone","CTCGAGGCACGACTCG",2241,4642,51,0.0109866436880655,"Unknown"
"CTCGAGGCACGGATAG","SRA526435","SRS1915196","Mus musculus","10x chromium","Cortex, hippocampus and subventricular zone","CTCGAGGCACGGATAG",1177,1911,26,0.0136054421768707,"Unknown"
"CTCGAGGCATGGATGG","SRA526435","SRS1915196","Mus musculus","10x chromium","Cortex, hippocampus and subventricular zone","CTCGAGGCATGGATGG",2680,6159,70,0.0113654814093197,"Unknown"
"CTCGAGGCATGGTCTA","SRA526435","SRS1915196","Mus musculus","10x chromium","Cortex, hippocampus and subventricular zone","CTCGAGGCATGGTCTA",1425,2572,30,0.0116640746500778,"Unknown"
"CTCGAGGGTACCTACA","SRA526435","SRS1915196","Mus musculus","10x chromium","Cortex, hippocampus and subventricular zone","CTCGAGGGTACCTACA",4155,11773,125,0.0106175146521702,"Unknown"
"CTCGAGGGTCAGTGGA","SRA526435","SRS1915196","Mus musculus","10x chromium","Cortex, hippocampus and subventricular zone","CTCGAGGGTCAGTGGA",1088,1619,16,0.00988264360716492,"Unknown"
"CTCGAGGGTCATCGGC","SRA526435","SRS1915196","Mus musculus","10x chromium","Cortex, hippocampus and subventricular zone","CTCGAGGGTCATCGGC",1306,2137,58,0.0271408516612073,"Unknown"
"CTCGAGGGTCTAGCCG","SRA526435","SRS1915196","Mus musculus","10x chromium","Cortex, hippocampus and subventricular zone","CTCGAGGGTCTAGCCG",2498,5228,48,0.00918133129303749,"Unknown"
"CTCGAGGGTCTCCCTA","SRA526435","SRS1915196","Mus musculus","10x chromium","Cortex, hippocampus and subventricular zone","CTCGAGGGTCTCCCTA",2223,4776,86,0.0180067001675042,"Unknown"
"CTCGAGGGTCTCTTTA","SRA526435","SRS1915196","Mus musculus","10x chromium","Cortex, hippocampus and subventricular zone","CTCGAGGGTCTCTTTA",2464,5484,83,0.0151349380014588,"Unknown"
"CTCGAGGGTTAGATGA","SRA526435","SRS1915196","Mus musculus","10x chromium","Cortex, hippocampus and subventricular zone","CTCGAGGGTTAGATGA",1586,3271,51,0.0155915622133904,"Unknown"
"CTCGAGGGTTCACGGC","SRA526435","SRS1915196","Mus musculus","10x chromium","Cortex, hippocampus and subventricular zone","CTCGAGGGTTCACGGC",1963,3945,61,0.0154626108998733,"Unknown"
"CTCGAGGGTTCCACGG","SRA526435","SRS1915196","Mus musculus","10x chromium","Cortex, hippocampus and subventricular zone","CTCGAGGGTTCCACGG",1834,3486,54,0.0154905335628227,"Unknown"
"CTCGAGGGTTGACGTT","SRA526435","SRS1915196","Mus musculus","10x chromium","Cortex, hippocampus and subventricular zone","CTCGAGGGTTGACGTT",5461,22346,196,0.00877114472388794,"Unknown"
"CTCGAGGTCCTAAGTG","SRA526435","SRS1915196","Mus musculus","10x chromium","Cortex, hippocampus and subventricular zone","CTCGAGGTCCTAAGTG",2395,5425,37,0.00682027649769585,"Unknown"
"CTCGAGGTCTCCAACC","SRA526435","SRS1915196","Mus musculus","10x chromium","Cortex, hippocampus and subventricular zone","CTCGAGGTCTCCAACC",739,1181,60,0.0508044030482642,"Unknown"
"CTCGGAGAGAAACCTA","SRA526435","SRS1915196","Mus musculus","10x chromium","Cortex, hippocampus and subventricular zone","CTCGGAGAGAAACCTA",2117,4189,40,0.0095488183337312,"Unknown"
"CTCGGAGAGACCTTTG","SRA526435","SRS1915196","Mus musculus","10x chromium","Cortex, hippocampus and subventricular zone","CTCGGAGAGACCTTTG",1304,2319,43,0.0185424752048297,"Unknown"
"CTCGGAGAGATGTGTA","SRA526435","SRS1915196","Mus musculus","10x chromium","Cortex, hippocampus and subventricular zone","CTCGGAGAGATGTGTA",2376,4982,78,0.0156563629064633,"Unknown"
"CTCGGAGAGATGTTAG","SRA526435","SRS1915196","Mus musculus","10x chromium","Cortex, hippocampus and subventricular zone","CTCGGAGAGATGTTAG",2301,5831,67,0.0114903104098782,"Unknown"
"CTCGGAGAGGCGTACA","SRA526435","SRS1915196","Mus musculus","10x chromium","Cortex, hippocampus and subventricular zone","CTCGGAGAGGCGTACA",1373,2333,50,0.0214316330904415,"Unknown"
"CTCGGAGAGTAATCCC","SRA526435","SRS1915196","Mus musculus","10x chromium","Cortex, hippocampus and subventricular zone","CTCGGAGAGTAATCCC",2965,7796,104,0.0133401744484351,"Unknown"
"CTCGGAGAGTCACGCC","SRA526435","SRS1915196","Mus musculus","10x chromium","Cortex, hippocampus and subventricular zone","CTCGGAGAGTCACGCC",2013,3784,37,0.00977801268498943,"Unknown"
"CTCGGAGAGTGAATTG","SRA526435","SRS1915196","Mus musculus","10x chromium","Cortex, hippocampus and subventricular zone","CTCGGAGAGTGAATTG",3642,10112,69,0.00682357594936709,"Unknown"
"CTCGGAGCAAGCCCAC","SRA526435","SRS1915196","Mus musculus","10x chromium","Cortex, hippocampus and subventricular zone","CTCGGAGCAAGCCCAC",1628,3388,52,0.0153482880755608,"Unknown"
"CTCGGAGCAAGCCTAT","SRA526435","SRS1915196","Mus musculus","10x chromium","Cortex, hippocampus and subventricular zone","CTCGGAGCAAGCCTAT",2331,5012,65,0.0129688747007183,"Unknown"
"CTCGGAGCACCTCGTT","SRA526435","SRS1915196","Mus musculus","10x chromium","Cortex, hippocampus and subventricular zone","CTCGGAGCACCTCGTT",3459,6890,90,0.0130624092888244,"Unknown"
"CTCGGAGCAGCGATCC","SRA526435","SRS1915196","Mus musculus","10x chromium","Cortex, hippocampus and subventricular zone","CTCGGAGCAGCGATCC",2352,4675,120,0.025668449197861,"Unknown"
"CTCGGAGCAGCTCCGA","SRA526435","SRS1915196","Mus musculus","10x chromium","Cortex, hippocampus and subventricular zone","CTCGGAGCAGCTCCGA",2218,4605,61,0.0132464712269273,"Unknown"
"CTCGGAGCATCGATTG","SRA526435","SRS1915196","Mus musculus","10x chromium","Cortex, hippocampus and subventricular zone","CTCGGAGCATCGATTG",3127,7563,82,0.0108422583630834,"Unknown"
"CTCGGAGCATGGGAAC","SRA526435","SRS1915196","Mus musculus","10x chromium","Cortex, hippocampus and subventricular zone","CTCGGAGCATGGGAAC",3010,7365,67,0.00909708078750849,"Unknown"
"CTCGGAGCATTCTTAC","SRA526435","SRS1915196","Mus musculus","10x chromium","Cortex, hippocampus and subventricular zone","CTCGGAGCATTCTTAC",1496,2518,12,0.00476568705321684,"Unknown"
"CTCGGAGGTGCTTCTC","SRA526435","SRS1915196","Mus musculus","10x chromium","Cortex, hippocampus and subventricular zone","CTCGGAGGTGCTTCTC",2027,4261,53,0.0124383947430181,"Unknown"
"CTCGGAGGTTTGGCGC","SRA526435","SRS1915196","Mus musculus","10x chromium","Cortex, hippocampus and subventricular zone","CTCGGAGGTTTGGCGC",2288,4894,49,0.010012259910094,"Unknown"
"CTCGGAGTCATAAAGG","SRA526435","SRS1915196","Mus musculus","10x chromium","Cortex, hippocampus and subventricular zone","CTCGGAGTCATAAAGG",2315,5087,66,0.0129742480833497,"Unknown"
"CTCGGAGTCATCGATG","SRA526435","SRS1915196","Mus musculus","10x chromium","Cortex, hippocampus and subventricular zone","CTCGGAGTCATCGATG",1290,2222,59,0.0265526552655266,"Unknown"
"CTCGGAGTCCAAACTG","SRA526435","SRS1915196","Mus musculus","10x chromium","Cortex, hippocampus and subventricular zone","CTCGGAGTCCAAACTG",2577,5947,60,0.0100891205649908,"Unknown"
"CTCGGAGTCCTGTAGA","SRA526435","SRS1915196","Mus musculus","10x chromium","Cortex, hippocampus and subventricular zone","CTCGGAGTCCTGTAGA",1651,3161,35,0.0110724454286618,"Unknown"
"CTCGGAGTCGCCAGCA","SRA526435","SRS1915196","Mus musculus","10x chromium","Cortex, hippocampus and subventricular zone","CTCGGAGTCGCCAGCA",941,1269,59,0.0464933018124507,"Unknown"
"CTCGGAGTCTCAAACG","SRA526435","SRS1915196","Mus musculus","10x chromium","Cortex, hippocampus and subventricular zone","CTCGGAGTCTCAAACG",1296,2024,20,0.00988142292490119,"Unknown"
"CTCGGGAAGAAGGTTT","SRA526435","SRS1915196","Mus musculus","10x chromium","Cortex, hippocampus and subventricular zone","CTCGGGAAGAAGGTTT",2184,4233,51,0.0120481927710843,"Unknown"
"CTCGGGAAGTGAACGC","SRA526435","SRS1915196","Mus musculus","10x chromium","Cortex, hippocampus and subventricular zone","CTCGGGAAGTGAACGC",1992,3685,53,0.0143826322930801,"Unknown"
"CTCGGGACAAGCTGTT","SRA526435","SRS1915196","Mus musculus","10x chromium","Cortex, hippocampus and subventricular zone","CTCGGGACAAGCTGTT",1663,2915,25,0.00857632933104631,"Unknown"
"CTCGGGACACCACCAG","SRA526435","SRS1915196","Mus musculus","10x chromium","Cortex, hippocampus and subventricular zone","CTCGGGACACCACCAG",843,1102,43,0.0390199637023593,"Unknown"
"CTCGGGACACTCGACG","SRA526435","SRS1915196","Mus musculus","10x chromium","Cortex, hippocampus and subventricular zone","CTCGGGACACTCGACG",3558,10281,137,0.0133255519891061,"Pericytes"
"CTCGGGACACTTCGAA","SRA526435","SRS1915196","Mus musculus","10x chromium","Cortex, hippocampus and subventricular zone","CTCGGGACACTTCGAA",667,1071,74,0.069094304388422,"Unknown"
"CTCGGGACATATGCTG","SRA526435","SRS1915196","Mus musculus","10x chromium","Cortex, hippocampus and subventricular zone","CTCGGGACATATGCTG",2111,4127,34,0.00823842985219288,"Unknown"
"CTCGGGAGTCCGCTGA","SRA526435","SRS1915196","Mus musculus","10x chromium","Cortex, hippocampus and subventricular zone","CTCGGGAGTCCGCTGA",1273,1995,101,0.0506265664160401,"Unknown"
"CTCGGGAGTCGATTGT","SRA526435","SRS1915196","Mus musculus","10x chromium","Cortex, hippocampus and subventricular zone","CTCGGGAGTCGATTGT",1652,3020,67,0.0221854304635762,"Unknown"
"CTCGGGAGTGAAAGAG","SRA526435","SRS1915196","Mus musculus","10x chromium","Cortex, hippocampus and subventricular zone","CTCGGGAGTGAAAGAG",2042,4261,90,0.0211218023938043,"Unknown"
"CTCGGGAGTGACTCAT","SRA526435","SRS1915196","Mus musculus","10x chromium","Cortex, hippocampus and subventricular zone","CTCGGGAGTGACTCAT",2105,4287,56,0.013062747842314,"Unknown"
"CTCGGGAGTGTGCCTG","SRA526435","SRS1915196","Mus musculus","10x chromium","Cortex, hippocampus and subventricular zone","CTCGGGAGTGTGCCTG",2501,5294,77,0.0145447676615036,"Unknown"
"CTCGGGAGTTAAGACA","SRA526435","SRS1915196","Mus musculus","10x chromium","Cortex, hippocampus and subventricular zone","CTCGGGAGTTAAGACA",1776,3463,111,0.0320531331215709,"Unknown"
"CTCGGGAGTTACGCGC","SRA526435","SRS1915196","Mus musculus","10x chromium","Cortex, hippocampus and subventricular zone","CTCGGGAGTTACGCGC",219,8523,11,0.00129062536665493,"Erythroid-like and erythroid precursor cells"
"CTCGGGAGTTGATTCG","SRA526435","SRS1915196","Mus musculus","10x chromium","Cortex, hippocampus and subventricular zone","CTCGGGAGTTGATTCG",2136,4332,66,0.0152354570637119,"Unknown"
"CTCGGGATCAAACGGG","SRA526435","SRS1915196","Mus musculus","10x chromium","Cortex, hippocampus and subventricular zone","CTCGGGATCAAACGGG",2136,4077,52,0.0127544763306353,"Unknown"
"CTCGGGATCACTTACT","SRA526435","SRS1915196","Mus musculus","10x chromium","Cortex, hippocampus and subventricular zone","CTCGGGATCACTTACT",84,1350,0,0,"Erythroid-like and erythroid precursor cells"
"CTCGGGATCGGATGGA","SRA526435","SRS1915196","Mus musculus","10x chromium","Cortex, hippocampus and subventricular zone","CTCGGGATCGGATGGA",2134,3869,47,0.0121478418195916,"Unknown"
"CTCGGGATCGTACGGC","SRA526435","SRS1915196","Mus musculus","10x chromium","Cortex, hippocampus and subventricular zone","CTCGGGATCGTACGGC",868,1200,50,0.0416666666666667,"Unknown"
"CTCGTACAGCGGCTTC","SRA526435","SRS1915196","Mus musculus","10x chromium","Cortex, hippocampus and subventricular zone","CTCGTACAGCGGCTTC",1331,2611,24,0.00919188050555343,"Unknown"
"CTCGTACAGCGTCAAG","SRA526435","SRS1915196","Mus musculus","10x chromium","Cortex, hippocampus and subventricular zone","CTCGTACAGCGTCAAG",2367,4780,96,0.0200836820083682,"Unknown"
"CTCGTACAGGCGTACA","SRA526435","SRS1915196","Mus musculus","10x chromium","Cortex, hippocampus and subventricular zone","CTCGTACAGGCGTACA",2155,4856,64,0.0131795716639209,"Unknown"
"CTCGTACAGTCGAGTG","SRA526435","SRS1915196","Mus musculus","10x chromium","Cortex, hippocampus and subventricular zone","CTCGTACAGTCGAGTG",1177,2015,35,0.0173697270471464,"Unknown"
"CTCGTACCACGAGGTA","SRA526435","SRS1915196","Mus musculus","10x chromium","Cortex, hippocampus and subventricular zone","CTCGTACCACGAGGTA",1874,3551,46,0.0129540974373416,"Unknown"
"CTCGTACCAGCATGAG","SRA526435","SRS1915196","Mus musculus","10x chromium","Cortex, hippocampus and subventricular zone","CTCGTACCAGCATGAG",3214,7113,33,0.00463939266132434,"Unknown"
"CTCGTACCAGGGATTG","SRA526435","SRS1915196","Mus musculus","10x chromium","Cortex, hippocampus and subventricular zone","CTCGTACCAGGGATTG",1116,1856,37,0.0199353448275862,"Unknown"
"CTCGTACCATTCACTT","SRA526435","SRS1915196","Mus musculus","10x chromium","Cortex, hippocampus and subventricular zone","CTCGTACCATTCACTT",1421,2407,43,0.0178645616950561,"Unknown"
"CTCGTACGTACTTCTT","SRA526435","SRS1915196","Mus musculus","10x chromium","Cortex, hippocampus and subventricular zone","CTCGTACGTACTTCTT",1996,4046,41,0.0101334651507662,"Unknown"
"CTCGTACGTCAATACC","SRA526435","SRS1915196","Mus musculus","10x chromium","Cortex, hippocampus and subventricular zone","CTCGTACGTCAATACC",3852,11891,129,0.0108485409132958,"Unknown"
"CTCGTACGTCCGAAGA","SRA526435","SRS1915196","Mus musculus","10x chromium","Cortex, hippocampus and subventricular zone","CTCGTACGTCCGAAGA",1381,2606,33,0.0126630851880276,"Unknown"
"CTCGTACGTCCTCCAT","SRA526435","SRS1915196","Mus musculus","10x chromium","Cortex, hippocampus and subventricular zone","CTCGTACGTCCTCCAT",2314,4911,67,0.0136428425982488,"Unknown"
"CTCGTACGTCGACTGC","SRA526435","SRS1915196","Mus musculus","10x chromium","Cortex, hippocampus and subventricular zone","CTCGTACGTCGACTGC",2459,5362,37,0.00690041029466617,"Unknown"
"CTCGTACGTGCTGTAT","SRA526435","SRS1915196","Mus musculus","10x chromium","Cortex, hippocampus and subventricular zone","CTCGTACGTGCTGTAT",3821,10084,110,0.0109083696945656,"Unknown"
"CTCGTACGTGGCGAAT","SRA526435","SRS1915196","Mus musculus","10x chromium","Cortex, hippocampus and subventricular zone","CTCGTACGTGGCGAAT",1788,3605,43,0.0119278779472954,"Unknown"
"CTCGTACGTTCAGGCC","SRA526435","SRS1915196","Mus musculus","10x chromium","Cortex, hippocampus and subventricular zone","CTCGTACGTTCAGGCC",1860,3314,58,0.0175015087507544,"Unknown"
"CTCGTACGTTGGAGGT","SRA526435","SRS1915196","Mus musculus","10x chromium","Cortex, hippocampus and subventricular zone","CTCGTACGTTGGAGGT",1794,3292,34,0.0103280680437424,"Unknown"
"CTCGTACTCAGCCTAA","SRA526435","SRS1915196","Mus musculus","10x chromium","Cortex, hippocampus and subventricular zone","CTCGTACTCAGCCTAA",2006,3862,40,0.0103573278094252,"Unknown"
"CTCGTACTCCCTAATT","SRA526435","SRS1915196","Mus musculus","10x chromium","Cortex, hippocampus and subventricular zone","CTCGTACTCCCTAATT",858,1153,43,0.0372940156114484,"Unknown"
"CTCGTACTCCTCCTAG","SRA526435","SRS1915196","Mus musculus","10x chromium","Cortex, hippocampus and subventricular zone","CTCGTACTCCTCCTAG",865,1294,47,0.0363214837712519,"Unknown"
"CTCGTACTCGGAGGTA","SRA526435","SRS1915196","Mus musculus","10x chromium","Cortex, hippocampus and subventricular zone","CTCGTACTCGGAGGTA",2443,4554,117,0.0256916996047431,"Pericytes"
"CTCGTACTCTCCCTGA","SRA526435","SRS1915196","Mus musculus","10x chromium","Cortex, hippocampus and subventricular zone","CTCGTACTCTCCCTGA",2750,6600,61,0.00924242424242424,"Unknown"
"CTCGTACTCTGTCCGT","SRA526435","SRS1915196","Mus musculus","10x chromium","Cortex, hippocampus and subventricular zone","CTCGTACTCTGTCCGT",3719,9783,49,0.00500868854134724,"Unknown"
"CTCGTCAAGAGTTGGC","SRA526435","SRS1915196","Mus musculus","10x chromium","Cortex, hippocampus and subventricular zone","CTCGTCAAGAGTTGGC",986,1640,11,0.00670731707317073,"Unknown"
"CTCGTCAAGATCTGAA","SRA526435","SRS1915196","Mus musculus","10x chromium","Cortex, hippocampus and subventricular zone","CTCGTCAAGATCTGAA",906,1275,12,0.00941176470588235,"Unknown"
"CTCGTCAAGCCGATTT","SRA526435","SRS1915196","Mus musculus","10x chromium","Cortex, hippocampus and subventricular zone","CTCGTCAAGCCGATTT",1193,2042,31,0.015181194906954,"Unknown"
"CTCGTCAAGCGATATA","SRA526435","SRS1915196","Mus musculus","10x chromium","Cortex, hippocampus and subventricular zone","CTCGTCAAGCGATATA",1201,1902,91,0.0478443743427971,"Unknown"
"CTCGTCAAGCTAAACA","SRA526435","SRS1915196","Mus musculus","10x chromium","Cortex, hippocampus and subventricular zone","CTCGTCAAGCTAAACA",1301,2251,70,0.0310972900932919,"Unknown"
"CTCGTCAAGGACAGCT","SRA526435","SRS1915196","Mus musculus","10x chromium","Cortex, hippocampus and subventricular zone","CTCGTCAAGGACAGCT",1596,2699,39,0.0144497962208225,"Unknown"
"CTCGTCAAGTATCGAA","SRA526435","SRS1915196","Mus musculus","10x chromium","Cortex, hippocampus and subventricular zone","CTCGTCAAGTATCGAA",2230,5002,130,0.0259896041583367,"Endothelial cells"
"CTCGTCAAGTGAAGTT","SRA526435","SRS1915196","Mus musculus","10x chromium","Cortex, hippocampus and subventricular zone","CTCGTCAAGTGAAGTT",2354,5127,102,0.0198946752486834,"Unknown"
"CTCGTCACAATCCGAT","SRA526435","SRS1915196","Mus musculus","10x chromium","Cortex, hippocampus and subventricular zone","CTCGTCACAATCCGAT",1671,3548,46,0.0129650507328072,"Unknown"
"CTCGTCACAATCTACG","SRA526435","SRS1915196","Mus musculus","10x chromium","Cortex, hippocampus and subventricular zone","CTCGTCACAATCTACG",3467,9277,113,0.0121806618518918,"Unknown"
"CTCGTCACACGCTTTC","SRA526435","SRS1915196","Mus musculus","10x chromium","Cortex, hippocampus and subventricular zone","CTCGTCACACGCTTTC",1509,2322,19,0.00818260120585702,"Unknown"
"CTCGTCACATACGCCG","SRA526435","SRS1915196","Mus musculus","10x chromium","Cortex, hippocampus and subventricular zone","CTCGTCACATACGCCG",2183,4439,38,0.0085604865960802,"Unknown"
"CTCGTCACATCCTTGC","SRA526435","SRS1915196","Mus musculus","10x chromium","Cortex, hippocampus and subventricular zone","CTCGTCACATCCTTGC",3152,8202,44,0.00536454523287003,"Unknown"
"CTCGTCAGTATGGTTC","SRA526435","SRS1915196","Mus musculus","10x chromium","Cortex, hippocampus and subventricular zone","CTCGTCAGTATGGTTC",917,1813,20,0.0110314396028682,"Unknown"
"CTCGTCAGTCAAAGCG","SRA526435","SRS1915196","Mus musculus","10x chromium","Cortex, hippocampus and subventricular zone","CTCGTCAGTCAAAGCG",1451,2609,25,0.00958221540820238,"Unknown"
"CTCGTCAGTCCAGTAT","SRA526435","SRS1915196","Mus musculus","10x chromium","Cortex, hippocampus and subventricular zone","CTCGTCAGTCCAGTAT",2198,4480,30,0.00669642857142857,"Unknown"
"CTCGTCAGTGTTCTTT","SRA526435","SRS1915196","Mus musculus","10x chromium","Cortex, hippocampus and subventricular zone","CTCGTCAGTGTTCTTT",1577,2994,59,0.0197060788243153,"Unknown"
"CTCGTCATCCGCATCT","SRA526435","SRS1915196","Mus musculus","10x chromium","Cortex, hippocampus and subventricular zone","CTCGTCATCCGCATCT",879,1431,57,0.039832285115304,"Unknown"
"CTCGTCATCGGAGGTA","SRA526435","SRS1915196","Mus musculus","10x chromium","Cortex, hippocampus and subventricular zone","CTCGTCATCGGAGGTA",1234,1949,21,0.0107747562852745,"Unknown"
"CTCTAATAGACTCGGA","SRA526435","SRS1915196","Mus musculus","10x chromium","Cortex, hippocampus and subventricular zone","CTCTAATAGACTCGGA",2269,5045,36,0.00713577799801784,"Unknown"
"CTCTAATAGCTGCCCA","SRA526435","SRS1915196","Mus musculus","10x chromium","Cortex, hippocampus and subventricular zone","CTCTAATAGCTGCCCA",4052,11086,74,0.00667508569366769,"Unknown"
"CTCTAATAGGTAGCTG","SRA526435","SRS1915196","Mus musculus","10x chromium","Cortex, hippocampus and subventricular zone","CTCTAATAGGTAGCTG",3161,8191,74,0.00903430594554999,"Unknown"
"CTCTAATCACCGATAT","SRA526435","SRS1915196","Mus musculus","10x chromium","Cortex, hippocampus and subventricular zone","CTCTAATCACCGATAT",2460,5334,49,0.00918635170603675,"Unknown"
"CTCTAATCACTTCTGC","SRA526435","SRS1915196","Mus musculus","10x chromium","Cortex, hippocampus and subventricular zone","CTCTAATCACTTCTGC",2515,5605,41,0.00731489741302409,"Unknown"
"CTCTAATCAGAGCCAA","SRA526435","SRS1915196","Mus musculus","10x chromium","Cortex, hippocampus and subventricular zone","CTCTAATCAGAGCCAA",1637,3095,32,0.0103392568659128,"Unknown"
"CTCTAATCAGGATCGA","SRA526435","SRS1915196","Mus musculus","10x chromium","Cortex, hippocampus and subventricular zone","CTCTAATCAGGATCGA",1732,3823,60,0.0156944807742611,"Unknown"
"CTCTAATCATTTCAGG","SRA526435","SRS1915196","Mus musculus","10x chromium","Cortex, hippocampus and subventricular zone","CTCTAATCATTTCAGG",3207,9399,158,0.0168102989679753,"Unknown"
"CTCTAATGTGATGATA","SRA526435","SRS1915196","Mus musculus","10x chromium","Cortex, hippocampus and subventricular zone","CTCTAATGTGATGATA",1507,2826,18,0.00636942675159236,"Unknown"
"CTCTAATGTGGCAAAC","SRA526435","SRS1915196","Mus musculus","10x chromium","Cortex, hippocampus and subventricular zone","CTCTAATGTGGCAAAC",3420,10322,144,0.0139507847316412,"Endothelial cells"
"CTCTAATGTGTCTGAT","SRA526435","SRS1915196","Mus musculus","10x chromium","Cortex, hippocampus and subventricular zone","CTCTAATGTGTCTGAT",1327,2490,30,0.0120481927710843,"Unknown"
"CTCTAATGTGTGGCTC","SRA526435","SRS1915196","Mus musculus","10x chromium","Cortex, hippocampus and subventricular zone","CTCTAATGTGTGGCTC",2346,4815,55,0.0114226375908619,"Unknown"
"CTCTAATGTTAAGAAC","SRA526435","SRS1915196","Mus musculus","10x chromium","Cortex, hippocampus and subventricular zone","CTCTAATGTTAAGAAC",1909,4204,62,0.0147478591817317,"Unknown"
"CTCTAATGTTACTGAC","SRA526435","SRS1915196","Mus musculus","10x chromium","Cortex, hippocampus and subventricular zone","CTCTAATGTTACTGAC",3047,7551,104,0.0137730101973249,"Unknown"
"CTCTAATGTTTGGCGC","SRA526435","SRS1915196","Mus musculus","10x chromium","Cortex, hippocampus and subventricular zone","CTCTAATGTTTGGCGC",2474,5089,73,0.0143446649636471,"Unknown"
"CTCTAATTCATTGCCC","SRA526435","SRS1915196","Mus musculus","10x chromium","Cortex, hippocampus and subventricular zone","CTCTAATTCATTGCCC",3515,9689,142,0.0146557952317061,"Unknown"
"CTCTAATTCGGTTCGG","SRA526435","SRS1915196","Mus musculus","10x chromium","Cortex, hippocampus and subventricular zone","CTCTAATTCGGTTCGG",1464,2695,40,0.0148423005565863,"Unknown"
"CTCTAATTCTACCTGC","SRA526435","SRS1915196","Mus musculus","10x chromium","Cortex, hippocampus and subventricular zone","CTCTAATTCTACCTGC",2591,6005,57,0.00949208992506245,"Unknown"
"CTCTAATTCTATCCTA","SRA526435","SRS1915196","Mus musculus","10x chromium","Cortex, hippocampus and subventricular zone","CTCTAATTCTATCCTA",1929,3889,40,0.0102854204165595,"Unknown"
"CTCTAATTCTTATCTG","SRA526435","SRS1915196","Mus musculus","10x chromium","Cortex, hippocampus and subventricular zone","CTCTAATTCTTATCTG",2213,4895,70,0.0143003064351379,"Unknown"
"CTCTAATTCTTGTACT","SRA526435","SRS1915196","Mus musculus","10x chromium","Cortex, hippocampus and subventricular zone","CTCTAATTCTTGTACT",3506,9087,98,0.0107846373940795,"Unknown"
"CTCTACGAGCCGATTT","SRA526435","SRS1915196","Mus musculus","10x chromium","Cortex, hippocampus and subventricular zone","CTCTACGAGCCGATTT",834,1140,53,0.0464912280701754,"Unknown"
"CTCTACGAGGTGATAT","SRA526435","SRS1915196","Mus musculus","10x chromium","Cortex, hippocampus and subventricular zone","CTCTACGAGGTGATAT",2158,4576,77,0.0168269230769231,"Unknown"
"CTCTACGAGGTGCTAG","SRA526435","SRS1915196","Mus musculus","10x chromium","Cortex, hippocampus and subventricular zone","CTCTACGAGGTGCTAG",2011,3805,38,0.00998685939553219,"Unknown"
"CTCTACGAGTTGCAGG","SRA526435","SRS1915196","Mus musculus","10x chromium","Cortex, hippocampus and subventricular zone","CTCTACGAGTTGCAGG",960,1488,14,0.00940860215053763,"Unknown"
"CTCTACGCAAACCTAC","SRA526435","SRS1915196","Mus musculus","10x chromium","Cortex, hippocampus and subventricular zone","CTCTACGCAAACCTAC",1000,2003,25,0.0124812780828757,"Unknown"
"CTCTACGCAAGTAATG","SRA526435","SRS1915196","Mus musculus","10x chromium","Cortex, hippocampus and subventricular zone","CTCTACGCAAGTAATG",1142,1980,51,0.0257575757575758,"Unknown"
"CTCTACGCACGGTAGA","SRA526435","SRS1915196","Mus musculus","10x chromium","Cortex, hippocampus and subventricular zone","CTCTACGCACGGTAGA",2136,4023,75,0.0186428038777032,"Unknown"
"CTCTACGCACGTCTCT","SRA526435","SRS1915196","Mus musculus","10x chromium","Cortex, hippocampus and subventricular zone","CTCTACGCACGTCTCT",1772,3430,40,0.0116618075801749,"Unknown"
"CTCTACGCAGTAAGCG","SRA526435","SRS1915196","Mus musculus","10x chromium","Cortex, hippocampus and subventricular zone","CTCTACGCAGTAAGCG",1993,3806,53,0.0139253809774041,"Unknown"
"CTCTACGCAGTTAACC","SRA526435","SRS1915196","Mus musculus","10x chromium","Cortex, hippocampus and subventricular zone","CTCTACGCAGTTAACC",2265,4655,51,0.0109559613319012,"Unknown"
"CTCTACGCATGCCTTC","SRA526435","SRS1915196","Mus musculus","10x chromium","Cortex, hippocampus and subventricular zone","CTCTACGCATGCCTTC",2507,5355,51,0.00952380952380952,"Unknown"
"CTCTACGGTAAAGGAG","SRA526435","SRS1915196","Mus musculus","10x chromium","Cortex, hippocampus and subventricular zone","CTCTACGGTAAAGGAG",2250,5012,53,0.0105746209098164,"Unknown"
"CTCTACGGTACTTCTT","SRA526435","SRS1915196","Mus musculus","10x chromium","Cortex, hippocampus and subventricular zone","CTCTACGGTACTTCTT",1553,2692,33,0.012258543833581,"Unknown"
"CTCTACGGTATAGTAG","SRA526435","SRS1915196","Mus musculus","10x chromium","Cortex, hippocampus and subventricular zone","CTCTACGGTATAGTAG",1623,3510,35,0.00997150997150997,"Unknown"
"CTCTACGGTATGGTTC","SRA526435","SRS1915196","Mus musculus","10x chromium","Cortex, hippocampus and subventricular zone","CTCTACGGTATGGTTC",2254,5391,100,0.0185494342422556,"Unknown"
"CTCTACGGTCACCTAA","SRA526435","SRS1915196","Mus musculus","10x chromium","Cortex, hippocampus and subventricular zone","CTCTACGGTCACCTAA",1363,2605,47,0.018042226487524,"Unknown"
"CTCTACGGTCTCTCTG","SRA526435","SRS1915196","Mus musculus","10x chromium","Cortex, hippocampus and subventricular zone","CTCTACGGTCTCTCTG",1208,1910,51,0.0267015706806283,"Unknown"
"CTCTACGGTTAGTGGG","SRA526435","SRS1915196","Mus musculus","10x chromium","Cortex, hippocampus and subventricular zone","CTCTACGGTTAGTGGG",608,1013,47,0.0463968410661402,"Unknown"
"CTCTACGGTTCCATGA","SRA526435","SRS1915196","Mus musculus","10x chromium","Cortex, hippocampus and subventricular zone","CTCTACGGTTCCATGA",1803,3200,27,0.0084375,"Unknown"
"CTCTACGGTTCTGGTA","SRA526435","SRS1915196","Mus musculus","10x chromium","Cortex, hippocampus and subventricular zone","CTCTACGGTTCTGGTA",1368,2435,55,0.0225872689938398,"Unknown"
"CTCTACGGTTGCCTCT","SRA526435","SRS1915196","Mus musculus","10x chromium","Cortex, hippocampus and subventricular zone","CTCTACGGTTGCCTCT",2086,4235,70,0.0165289256198347,"Unknown"
"CTCTACGGTTGGTTTG","SRA526435","SRS1915196","Mus musculus","10x chromium","Cortex, hippocampus and subventricular zone","CTCTACGGTTGGTTTG",2338,5492,22,0.00400582665695557,"Unknown"
"CTCTACGTCAACACCA","SRA526435","SRS1915196","Mus musculus","10x chromium","Cortex, hippocampus and subventricular zone","CTCTACGTCAACACCA",2333,5130,54,0.0105263157894737,"Unknown"
"CTCTACGTCACTGGGC","SRA526435","SRS1915196","Mus musculus","10x chromium","Cortex, hippocampus and subventricular zone","CTCTACGTCACTGGGC",1876,3822,50,0.0130821559392988,"Unknown"
"CTCTACGTCAGTTTGG","SRA526435","SRS1915196","Mus musculus","10x chromium","Cortex, hippocampus and subventricular zone","CTCTACGTCAGTTTGG",2607,6131,71,0.0115804925786984,"Unknown"
"CTCTACGTCATCGGAT","SRA526435","SRS1915196","Mus musculus","10x chromium","Cortex, hippocampus and subventricular zone","CTCTACGTCATCGGAT",2971,7394,91,0.0123072761698675,"Unknown"
"CTCTACGTCGGCTTGG","SRA526435","SRS1915196","Mus musculus","10x chromium","Cortex, hippocampus and subventricular zone","CTCTACGTCGGCTTGG",1912,3398,37,0.0108887580929959,"Unknown"
"CTCTACGTCGTTTATC","SRA526435","SRS1915196","Mus musculus","10x chromium","Cortex, hippocampus and subventricular zone","CTCTACGTCGTTTATC",1312,2460,32,0.0130081300813008,"Unknown"
"CTCTACGTCTGCAAGT","SRA526435","SRS1915196","Mus musculus","10x chromium","Cortex, hippocampus and subventricular zone","CTCTACGTCTGCAAGT",2600,6287,73,0.0116112613329092,"Unknown"
"CTCTACGTCTGTCTCG","SRA526435","SRS1915196","Mus musculus","10x chromium","Cortex, hippocampus and subventricular zone","CTCTACGTCTGTCTCG",2707,5994,39,0.00650650650650651,"Unknown"
"CTCTGGTAGAGCAATT","SRA526435","SRS1915196","Mus musculus","10x chromium","Cortex, hippocampus and subventricular zone","CTCTGGTAGAGCAATT",830,1168,43,0.0368150684931507,"Unknown"
"CTCTGGTAGATCTGAA","SRA526435","SRS1915196","Mus musculus","10x chromium","Cortex, hippocampus and subventricular zone","CTCTGGTAGATCTGAA",2432,5536,35,0.00632225433526012,"Unknown"
"CTCTGGTAGGAGTACC","SRA526435","SRS1915196","Mus musculus","10x chromium","Cortex, hippocampus and subventricular zone","CTCTGGTAGGAGTACC",2488,5518,46,0.00833635375135919,"Unknown"
"CTCTGGTAGGGTGTTG","SRA526435","SRS1915196","Mus musculus","10x chromium","Cortex, hippocampus and subventricular zone","CTCTGGTAGGGTGTTG",1739,3124,50,0.0160051216389245,"Unknown"
"CTCTGGTAGTCGCCGT","SRA526435","SRS1915196","Mus musculus","10x chromium","Cortex, hippocampus and subventricular zone","CTCTGGTAGTCGCCGT",1512,2652,28,0.0105580693815988,"Unknown"
"CTCTGGTCACGGCGTT","SRA526435","SRS1915196","Mus musculus","10x chromium","Cortex, hippocampus and subventricular zone","CTCTGGTCACGGCGTT",2240,4708,62,0.0131690739167375,"Unknown"
"CTCTGGTCATCACAAC","SRA526435","SRS1915196","Mus musculus","10x chromium","Cortex, hippocampus and subventricular zone","CTCTGGTCATCACAAC",1766,3599,54,0.0150041678243957,"Unknown"
"CTCTGGTGTAATCACC","SRA526435","SRS1915196","Mus musculus","10x chromium","Cortex, hippocampus and subventricular zone","CTCTGGTGTAATCACC",1867,3642,48,0.0131795716639209,"Unknown"
"CTCTGGTGTTCCAACA","SRA526435","SRS1915196","Mus musculus","10x chromium","Cortex, hippocampus and subventricular zone","CTCTGGTGTTCCAACA",1875,3177,70,0.0220333648095688,"Unknown"
"CTCTGGTTCACATAGC","SRA526435","SRS1915196","Mus musculus","10x chromium","Cortex, hippocampus and subventricular zone","CTCTGGTTCACATAGC",2373,5245,45,0.00857959961868446,"Unknown"
"CTCTGGTTCAGCTCTC","SRA526435","SRS1915196","Mus musculus","10x chromium","Cortex, hippocampus and subventricular zone","CTCTGGTTCAGCTCTC",1254,1857,67,0.0360796984383414,"Unknown"
"CTCTGGTTCCTGCAGG","SRA526435","SRS1915196","Mus musculus","10x chromium","Cortex, hippocampus and subventricular zone","CTCTGGTTCCTGCAGG",1754,3162,57,0.0180265654648956,"Unknown"
"CTCTGGTTCGGTCCGA","SRA526435","SRS1915196","Mus musculus","10x chromium","Cortex, hippocampus and subventricular zone","CTCTGGTTCGGTCCGA",3082,8145,126,0.0154696132596685,"Unknown"
"CTCTGGTTCTATCCTA","SRA526435","SRS1915196","Mus musculus","10x chromium","Cortex, hippocampus and subventricular zone","CTCTGGTTCTATCCTA",2885,6845,78,0.0113951789627465,"Unknown"
"CTCTGGTTCTCTAAGG","SRA526435","SRS1915196","Mus musculus","10x chromium","Cortex, hippocampus and subventricular zone","CTCTGGTTCTCTAAGG",154,4350,1,0.000229885057471264,"Erythroid-like and erythroid precursor cells"
"CTCTGGTTCTGCGTAA","SRA526435","SRS1915196","Mus musculus","10x chromium","Cortex, hippocampus and subventricular zone","CTCTGGTTCTGCGTAA",2597,6096,74,0.0121391076115486,"Unknown"
"CTCTGGTTCTTGTTTG","SRA526435","SRS1915196","Mus musculus","10x chromium","Cortex, hippocampus and subventricular zone","CTCTGGTTCTTGTTTG",2594,5727,72,0.0125720272393924,"Unknown"
"CTGAAACAGATCCCAT","SRA526435","SRS1915196","Mus musculus","10x chromium","Cortex, hippocampus and subventricular zone","CTGAAACAGATCCCAT",2699,6723,69,0.0102632753235163,"Unknown"
"CTGAAACAGCAAATCA","SRA526435","SRS1915196","Mus musculus","10x chromium","Cortex, hippocampus and subventricular zone","CTGAAACAGCAAATCA",1996,4335,57,0.0131487889273356,"Unknown"
"CTGAAACAGCTAAGAT","SRA526435","SRS1915196","Mus musculus","10x chromium","Cortex, hippocampus and subventricular zone","CTGAAACAGCTAAGAT",2553,5901,67,0.0113540077952889,"Unknown"
"CTGAAACAGGAGTTTA","SRA526435","SRS1915196","Mus musculus","10x chromium","Cortex, hippocampus and subventricular zone","CTGAAACAGGAGTTTA",3482,9207,104,0.0112957532312371,"Unknown"
"CTGAAACAGTCCAGGA","SRA526435","SRS1915196","Mus musculus","10x chromium","Cortex, hippocampus and subventricular zone","CTGAAACAGTCCAGGA",2312,4883,58,0.0118779438869547,"Unknown"
"CTGAAACCAACGATGG","SRA526435","SRS1915196","Mus musculus","10x chromium","Cortex, hippocampus and subventricular zone","CTGAAACCAACGATGG",1528,2849,46,0.0161460161460161,"Unknown"
"CTGAAACCACGGTAGA","SRA526435","SRS1915196","Mus musculus","10x chromium","Cortex, hippocampus and subventricular zone","CTGAAACCACGGTAGA",1445,2895,70,0.0241796200345423,"Unknown"
"CTGAAACCAGACGTAG","SRA526435","SRS1915196","Mus musculus","10x chromium","Cortex, hippocampus and subventricular zone","CTGAAACCAGACGTAG",2213,4252,86,0.0202257761053622,"Unknown"
"CTGAAACCATCGGACC","SRA526435","SRS1915196","Mus musculus","10x chromium","Cortex, hippocampus and subventricular zone","CTGAAACCATCGGACC",1961,3836,29,0.0075599582898853,"Unknown"
"CTGAAACCATTCTTAC","SRA526435","SRS1915196","Mus musculus","10x chromium","Cortex, hippocampus and subventricular zone","CTGAAACCATTCTTAC",2529,5844,60,0.0102669404517454,"Unknown"
"CTGAAACGTACCCAAT","SRA526435","SRS1915196","Mus musculus","10x chromium","Cortex, hippocampus and subventricular zone","CTGAAACGTACCCAAT",1650,3026,40,0.0132187706543291,"Unknown"
"CTGAAACGTACCGTAT","SRA526435","SRS1915196","Mus musculus","10x chromium","Cortex, hippocampus and subventricular zone","CTGAAACGTACCGTAT",2198,4146,61,0.0147129763627593,"Unknown"
"CTGAAACGTCTAGGTT","SRA526435","SRS1915196","Mus musculus","10x chromium","Cortex, hippocampus and subventricular zone","CTGAAACGTCTAGGTT",2404,5203,52,0.00999423409571401,"Unknown"
"CTGAAACGTGCGCTTG","SRA526435","SRS1915196","Mus musculus","10x chromium","Cortex, hippocampus and subventricular zone","CTGAAACGTGCGCTTG",4159,11766,81,0.00688424273329934,"Unknown"
"CTGAAACGTGGCCCTA","SRA526435","SRS1915196","Mus musculus","10x chromium","Cortex, hippocampus and subventricular zone","CTGAAACGTGGCCCTA",1729,3692,35,0.00947995666305525,"Unknown"
"CTGAAACGTTCCATGA","SRA526435","SRS1915196","Mus musculus","10x chromium","Cortex, hippocampus and subventricular zone","CTGAAACGTTCCATGA",3170,7610,137,0.0180026281208936,"Unknown"
"CTGAAACGTTCGTTGA","SRA526435","SRS1915196","Mus musculus","10x chromium","Cortex, hippocampus and subventricular zone","CTGAAACGTTCGTTGA",1523,2531,38,0.0150138285262742,"Unknown"
"CTGAAACGTTCTCATT","SRA526435","SRS1915196","Mus musculus","10x chromium","Cortex, hippocampus and subventricular zone","CTGAAACGTTCTCATT",1818,3498,41,0.0117209834190966,"Unknown"
"CTGAAACTCACATACG","SRA526435","SRS1915196","Mus musculus","10x chromium","Cortex, hippocampus and subventricular zone","CTGAAACTCACATACG",2290,4818,44,0.0091324200913242,"Unknown"
"CTGAAACTCGCCATAA","SRA526435","SRS1915196","Mus musculus","10x chromium","Cortex, hippocampus and subventricular zone","CTGAAACTCGCCATAA",919,1468,101,0.0688010899182561,"Unknown"
"CTGAAACTCTGGCGTG","SRA526435","SRS1915196","Mus musculus","10x chromium","Cortex, hippocampus and subventricular zone","CTGAAACTCTGGCGTG",1069,1657,71,0.0428485214242607,"Unknown"
"CTGAAACTCTGGTTCC","SRA526435","SRS1915196","Mus musculus","10x chromium","Cortex, hippocampus and subventricular zone","CTGAAACTCTGGTTCC",2346,4992,77,0.0154246794871795,"Unknown"
"CTGAAGTAGACATAAC","SRA526435","SRS1915196","Mus musculus","10x chromium","Cortex, hippocampus and subventricular zone","CTGAAGTAGACATAAC",2077,4407,52,0.0117994100294985,"Unknown"
"CTGAAGTAGAGTGAGA","SRA526435","SRS1915196","Mus musculus","10x chromium","Cortex, hippocampus and subventricular zone","CTGAAGTAGAGTGAGA",2415,5350,68,0.0127102803738318,"Unknown"
"CTGAAGTAGGTGACCA","SRA526435","SRS1915196","Mus musculus","10x chromium","Cortex, hippocampus and subventricular zone","CTGAAGTAGGTGACCA",2756,6928,68,0.00981524249422633,"Unknown"
"CTGAAGTAGTTTCCTT","SRA526435","SRS1915196","Mus musculus","10x chromium","Cortex, hippocampus and subventricular zone","CTGAAGTAGTTTCCTT",2303,4996,66,0.0132105684547638,"Unknown"
"CTGAAGTCACAGGCCT","SRA526435","SRS1915196","Mus musculus","10x chromium","Cortex, hippocampus and subventricular zone","CTGAAGTCACAGGCCT",1965,3377,47,0.0139176784127924,"Unknown"
"CTGAAGTCAGCCTATA","SRA526435","SRS1915196","Mus musculus","10x chromium","Cortex, hippocampus and subventricular zone","CTGAAGTCAGCCTATA",2477,5346,67,0.012532734754957,"Unknown"
"CTGAAGTCAGCTCGCA","SRA526435","SRS1915196","Mus musculus","10x chromium","Cortex, hippocampus and subventricular zone","CTGAAGTCAGCTCGCA",2375,5469,79,0.0144450539403913,"Unknown"
"CTGAAGTCAGGGTACA","SRA526435","SRS1915196","Mus musculus","10x chromium","Cortex, hippocampus and subventricular zone","CTGAAGTCAGGGTACA",2044,3932,35,0.00890132248219735,"Unknown"
"CTGAAGTCATAACCTG","SRA526435","SRS1915196","Mus musculus","10x chromium","Cortex, hippocampus and subventricular zone","CTGAAGTCATAACCTG",2609,6294,75,0.0119161105815062,"Unknown"
"CTGAAGTGTAGAGGAA","SRA526435","SRS1915196","Mus musculus","10x chromium","Cortex, hippocampus and subventricular zone","CTGAAGTGTAGAGGAA",2836,7038,96,0.0136402387041773,"Unknown"
"CTGAAGTGTAGCGCTC","SRA526435","SRS1915196","Mus musculus","10x chromium","Cortex, hippocampus and subventricular zone","CTGAAGTGTAGCGCTC",4085,12062,137,0.0113579837506218,"Unknown"
"CTGAAGTGTAGGGACT","SRA526435","SRS1915196","Mus musculus","10x chromium","Cortex, hippocampus and subventricular zone","CTGAAGTGTAGGGACT",1921,3734,49,0.0131226566684521,"Unknown"
"CTGAAGTGTAGTGAAT","SRA526435","SRS1915196","Mus musculus","10x chromium","Cortex, hippocampus and subventricular zone","CTGAAGTGTAGTGAAT",1692,3676,29,0.00788900979325354,"Unknown"
"CTGAAGTGTGAGTGAC","SRA526435","SRS1915196","Mus musculus","10x chromium","Cortex, hippocampus and subventricular zone","CTGAAGTGTGAGTGAC",2170,4506,48,0.0106524633821571,"Unknown"
"CTGAAGTGTTCCGGCA","SRA526435","SRS1915196","Mus musculus","10x chromium","Cortex, hippocampus and subventricular zone","CTGAAGTGTTCCGGCA",4167,12111,91,0.00751383040211378,"Oligodendrocyte progenitor cells"
"CTGAAGTGTTCTGGTA","SRA526435","SRS1915196","Mus musculus","10x chromium","Cortex, hippocampus and subventricular zone","CTGAAGTGTTCTGGTA",1336,2346,49,0.0208866155157715,"Unknown"
"CTGAAGTTCAGCTCTC","SRA526435","SRS1915196","Mus musculus","10x chromium","Cortex, hippocampus and subventricular zone","CTGAAGTTCAGCTCTC",3826,10552,102,0.00966641394996209,"Unknown"
"CTGAAGTTCGTAGGTT","SRA526435","SRS1915196","Mus musculus","10x chromium","Cortex, hippocampus and subventricular zone","CTGAAGTTCGTAGGTT",4196,12481,94,0.007531447800657,"Unknown"
"CTGAAGTTCGTTTAGG","SRA526435","SRS1915196","Mus musculus","10x chromium","Cortex, hippocampus and subventricular zone","CTGAAGTTCGTTTAGG",1182,2008,80,0.0398406374501992,"Unknown"
"CTGAAGTTCTCCAGGG","SRA526435","SRS1915196","Mus musculus","10x chromium","Cortex, hippocampus and subventricular zone","CTGAAGTTCTCCAGGG",1112,1933,20,0.0103466114847387,"Unknown"
"CTGAAGTTCTTCCTTC","SRA526435","SRS1915196","Mus musculus","10x chromium","Cortex, hippocampus and subventricular zone","CTGAAGTTCTTCCTTC",1255,1990,46,0.0231155778894472,"Unknown"
"CTGATAGAGAAACGAG","SRA526435","SRS1915196","Mus musculus","10x chromium","Cortex, hippocampus and subventricular zone","CTGATAGAGAAACGAG",2034,4138,50,0.0120831319478009,"Unknown"
"CTGATAGAGAAGGGTA","SRA526435","SRS1915196","Mus musculus","10x chromium","Cortex, hippocampus and subventricular zone","CTGATAGAGAAGGGTA",2719,6727,80,0.0118923740151628,"Unknown"
"CTGATAGAGAATTCCC","SRA526435","SRS1915196","Mus musculus","10x chromium","Cortex, hippocampus and subventricular zone","CTGATAGAGAATTCCC",3711,10370,123,0.0118611378977821,"Unknown"
"CTGATAGAGAGAACAG","SRA526435","SRS1915196","Mus musculus","10x chromium","Cortex, hippocampus and subventricular zone","CTGATAGAGAGAACAG",1492,3161,51,0.0161341347674786,"Unknown"
"CTGATAGAGCCTATGT","SRA526435","SRS1915196","Mus musculus","10x chromium","Cortex, hippocampus and subventricular zone","CTGATAGAGCCTATGT",1923,3627,58,0.0159911772814999,"Unknown"
"CTGATAGAGCTGCAAG","SRA526435","SRS1915196","Mus musculus","10x chromium","Cortex, hippocampus and subventricular zone","CTGATAGAGCTGCAAG",2230,4724,48,0.0101608806096528,"Unknown"
"CTGATAGAGTCACGCC","SRA526435","SRS1915196","Mus musculus","10x chromium","Cortex, hippocampus and subventricular zone","CTGATAGAGTCACGCC",2331,5111,86,0.0168264527489728,"Unknown"
"CTGATAGAGTCCTCCT","SRA526435","SRS1915196","Mus musculus","10x chromium","Cortex, hippocampus and subventricular zone","CTGATAGAGTCCTCCT",2414,5006,38,0.00759089093088294,"Unknown"
"CTGATAGCAAACCTAC","SRA526435","SRS1915196","Mus musculus","10x chromium","Cortex, hippocampus and subventricular zone","CTGATAGCAAACCTAC",3661,11752,86,0.00731790333560245,"Unknown"
"CTGATAGCAAAGAATC","SRA526435","SRS1915196","Mus musculus","10x chromium","Cortex, hippocampus and subventricular zone","CTGATAGCAAAGAATC",1859,3522,21,0.00596252129471891,"Unknown"
"CTGATAGCACACAGAG","SRA526435","SRS1915196","Mus musculus","10x chromium","Cortex, hippocampus and subventricular zone","CTGATAGCACACAGAG",188,6818,23,0.00337342329128777,"Erythroid-like and erythroid precursor cells"
"CTGATAGCACAGCGTC","SRA526435","SRS1915196","Mus musculus","10x chromium","Cortex, hippocampus and subventricular zone","CTGATAGCACAGCGTC",1249,1878,82,0.0436634717784878,"Unknown"
"CTGATAGCACCAGGCT","SRA526435","SRS1915196","Mus musculus","10x chromium","Cortex, hippocampus and subventricular zone","CTGATAGCACCAGGCT",901,1365,47,0.0344322344322344,"Unknown"
"CTGATAGCAGCGAACA","SRA526435","SRS1915196","Mus musculus","10x chromium","Cortex, hippocampus and subventricular zone","CTGATAGCAGCGAACA",3947,10957,144,0.0131422834717532,"Unknown"
"CTGATAGCAGGTCTCG","SRA526435","SRS1915196","Mus musculus","10x chromium","Cortex, hippocampus and subventricular zone","CTGATAGCAGGTCTCG",1706,3181,34,0.0106884627475637,"Unknown"
"CTGATAGCAGTAGAGC","SRA526435","SRS1915196","Mus musculus","10x chromium","Cortex, hippocampus and subventricular zone","CTGATAGCAGTAGAGC",2541,5591,50,0.00894294401717045,"Unknown"
"CTGATAGGTAAATGTG","SRA526435","SRS1915196","Mus musculus","10x chromium","Cortex, hippocampus and subventricular zone","CTGATAGGTAAATGTG",966,1724,67,0.0388631090487239,"Unknown"
"CTGATAGGTAGCCTAT","SRA526435","SRS1915196","Mus musculus","10x chromium","Cortex, hippocampus and subventricular zone","CTGATAGGTAGCCTAT",1915,3983,69,0.0173236254079839,"Unknown"
"CTGATAGGTAGGAGTC","SRA526435","SRS1915196","Mus musculus","10x chromium","Cortex, hippocampus and subventricular zone","CTGATAGGTAGGAGTC",1619,2926,77,0.0263157894736842,"Pericytes"
"CTGATAGGTCAAAGAT","SRA526435","SRS1915196","Mus musculus","10x chromium","Cortex, hippocampus and subventricular zone","CTGATAGGTCAAAGAT",1894,3515,34,0.00967283072546231,"Unknown"
"CTGATAGGTGTTTGTG","SRA526435","SRS1915196","Mus musculus","10x chromium","Cortex, hippocampus and subventricular zone","CTGATAGGTGTTTGTG",949,1264,46,0.0363924050632911,"Oligodendrocyte progenitor cells"
"CTGATAGGTTATCGGT","SRA526435","SRS1915196","Mus musculus","10x chromium","Cortex, hippocampus and subventricular zone","CTGATAGGTTATCGGT",2006,3897,28,0.00718501411342058,"Unknown"
"CTGATAGGTTCACGGC","SRA526435","SRS1915196","Mus musculus","10x chromium","Cortex, hippocampus and subventricular zone","CTGATAGGTTCACGGC",108,1330,1,0.00075187969924812,"Erythroid-like and erythroid precursor cells"
"CTGATAGTCAGAGACG","SRA526435","SRS1915196","Mus musculus","10x chromium","Cortex, hippocampus and subventricular zone","CTGATAGTCAGAGACG",1584,2846,57,0.0200281096275474,"Unknown"
"CTGATAGTCCAGTATG","SRA526435","SRS1915196","Mus musculus","10x chromium","Cortex, hippocampus and subventricular zone","CTGATAGTCCAGTATG",2682,6154,56,0.00909977250568736,"Unknown"
"CTGATAGTCCCGGATG","SRA526435","SRS1915196","Mus musculus","10x chromium","Cortex, hippocampus and subventricular zone","CTGATAGTCCCGGATG",799,1312,33,0.0251524390243902,"Unknown"
"CTGATAGTCCCTAACC","SRA526435","SRS1915196","Mus musculus","10x chromium","Cortex, hippocampus and subventricular zone","CTGATAGTCCCTAACC",2268,4511,55,0.0121924185324762,"Unknown"
"CTGATCCAGAAGGTGA","SRA526435","SRS1915196","Mus musculus","10x chromium","Cortex, hippocampus and subventricular zone","CTGATCCAGAAGGTGA",3083,8168,119,0.0145690499510284,"Unknown"
"CTGATCCAGAATGTGT","SRA526435","SRS1915196","Mus musculus","10x chromium","Cortex, hippocampus and subventricular zone","CTGATCCAGAATGTGT",663,1112,31,0.0278776978417266,"Unknown"
"CTGATCCAGCCAGGAT","SRA526435","SRS1915196","Mus musculus","10x chromium","Cortex, hippocampus and subventricular zone","CTGATCCAGCCAGGAT",786,1060,43,0.0405660377358491,"Unknown"
"CTGATCCAGCGCTTAT","SRA526435","SRS1915196","Mus musculus","10x chromium","Cortex, hippocampus and subventricular zone","CTGATCCAGCGCTTAT",2497,5609,70,0.0124799429488322,"Unknown"
"CTGATCCCACGCCAGT","SRA526435","SRS1915196","Mus musculus","10x chromium","Cortex, hippocampus and subventricular zone","CTGATCCCACGCCAGT",3478,9432,52,0.00551314673452078,"Unknown"
"CTGATCCCAGACGTAG","SRA526435","SRS1915196","Mus musculus","10x chromium","Cortex, hippocampus and subventricular zone","CTGATCCCAGACGTAG",1064,1630,80,0.049079754601227,"Unknown"
"CTGATCCCAGTATGCT","SRA526435","SRS1915196","Mus musculus","10x chromium","Cortex, hippocampus and subventricular zone","CTGATCCCAGTATGCT",2724,6921,80,0.0115590232625343,"Unknown"
"CTGATCCGTACGCACC","SRA526435","SRS1915196","Mus musculus","10x chromium","Cortex, hippocampus and subventricular zone","CTGATCCGTACGCACC",2292,5515,68,0.0123300090661831,"Unknown"
"CTGATCCGTATAGTAG","SRA526435","SRS1915196","Mus musculus","10x chromium","Cortex, hippocampus and subventricular zone","CTGATCCGTATAGTAG",1215,2136,32,0.0149812734082397,"Unknown"
"CTGATCCGTCTGCGGT","SRA526435","SRS1915196","Mus musculus","10x chromium","Cortex, hippocampus and subventricular zone","CTGATCCGTCTGCGGT",1707,3237,37,0.0114303367315416,"Unknown"
"CTGATCCGTGGGTCAA","SRA526435","SRS1915196","Mus musculus","10x chromium","Cortex, hippocampus and subventricular zone","CTGATCCGTGGGTCAA",2177,4441,45,0.0101328529610448,"Unknown"
"CTGATCCGTGTGGCTC","SRA526435","SRS1915196","Mus musculus","10x chromium","Cortex, hippocampus and subventricular zone","CTGATCCGTGTGGCTC",2173,4620,53,0.0114718614718615,"Unknown"
"CTGATCCGTTCGTTGA","SRA526435","SRS1915196","Mus musculus","10x chromium","Cortex, hippocampus and subventricular zone","CTGATCCGTTCGTTGA",1755,3228,10,0.00309789343246592,"Unknown"
"CTGATCCTCCGCATCT","SRA526435","SRS1915196","Mus musculus","10x chromium","Cortex, hippocampus and subventricular zone","CTGATCCTCCGCATCT",1823,3420,47,0.0137426900584795,"Unknown"
"CTGATCCTCGTACGGC","SRA526435","SRS1915196","Mus musculus","10x chromium","Cortex, hippocampus and subventricular zone","CTGATCCTCGTACGGC",1616,2832,40,0.0141242937853107,"Unknown"
"CTGATCCTCTGAGGGA","SRA526435","SRS1915196","Mus musculus","10x chromium","Cortex, hippocampus and subventricular zone","CTGATCCTCTGAGGGA",2403,5019,36,0.00717274357441721,"Unknown"
"CTGCCTAAGATGCCAG","SRA526435","SRS1915196","Mus musculus","10x chromium","Cortex, hippocampus and subventricular zone","CTGCCTAAGATGCCAG",2541,5329,34,0.00638018389941828,"Unknown"
"CTGCCTAAGCGTTTAC","SRA526435","SRS1915196","Mus musculus","10x chromium","Cortex, hippocampus and subventricular zone","CTGCCTAAGCGTTTAC",2580,5558,78,0.0140338251169485,"Unknown"
"CTGCCTAAGTCTTGCA","SRA526435","SRS1915196","Mus musculus","10x chromium","Cortex, hippocampus and subventricular zone","CTGCCTAAGTCTTGCA",1838,3792,61,0.0160864978902954,"Unknown"
"CTGCCTACAATGGATA","SRA526435","SRS1915196","Mus musculus","10x chromium","Cortex, hippocampus and subventricular zone","CTGCCTACAATGGATA",1620,3128,42,0.0134271099744246,"Unknown"
"CTGCCTACACTTGGAT","SRA526435","SRS1915196","Mus musculus","10x chromium","Cortex, hippocampus and subventricular zone","CTGCCTACACTTGGAT",2219,5062,62,0.0122481232714342,"Unknown"
"CTGCCTACAGTTCATG","SRA526435","SRS1915196","Mus musculus","10x chromium","Cortex, hippocampus and subventricular zone","CTGCCTACAGTTCATG",1059,1642,24,0.0146163215590743,"Unknown"
"CTGCCTAGTAATCGTC","SRA526435","SRS1915196","Mus musculus","10x chromium","Cortex, hippocampus and subventricular zone","CTGCCTAGTAATCGTC",2489,5473,53,0.00968390279554175,"Unknown"
"CTGCCTAGTCCAGTTA","SRA526435","SRS1915196","Mus musculus","10x chromium","Cortex, hippocampus and subventricular zone","CTGCCTAGTCCAGTTA",1407,2529,34,0.0134440490312376,"Unknown"
"CTGCCTATCACAATGC","SRA526435","SRS1915196","Mus musculus","10x chromium","Cortex, hippocampus and subventricular zone","CTGCCTATCACAATGC",1964,3763,43,0.0114270528833378,"Unknown"
"CTGCCTATCACCGGGT","SRA526435","SRS1915196","Mus musculus","10x chromium","Cortex, hippocampus and subventricular zone","CTGCCTATCACCGGGT",1171,2018,31,0.0153617443012884,"Unknown"
"CTGCCTATCCGTACAA","SRA526435","SRS1915196","Mus musculus","10x chromium","Cortex, hippocampus and subventricular zone","CTGCCTATCCGTACAA",2645,5646,69,0.012221041445271,"Unknown"
"CTGCCTATCCTTCAAT","SRA526435","SRS1915196","Mus musculus","10x chromium","Cortex, hippocampus and subventricular zone","CTGCCTATCCTTCAAT",2742,5921,141,0.023813545009289,"Unknown"
"CTGCCTATCTACCTGC","SRA526435","SRS1915196","Mus musculus","10x chromium","Cortex, hippocampus and subventricular zone","CTGCCTATCTACCTGC",1932,3452,33,0.00955967555040556,"Unknown"
"CTGCCTATCTTAGAGC","SRA526435","SRS1915196","Mus musculus","10x chromium","Cortex, hippocampus and subventricular zone","CTGCCTATCTTAGAGC",2227,4541,45,0.00990971151728694,"Unknown"
"CTGCGGAAGAGCTGGT","SRA526435","SRS1915196","Mus musculus","10x chromium","Cortex, hippocampus and subventricular zone","CTGCGGAAGAGCTGGT",908,1320,9,0.00681818181818182,"Unknown"
"CTGCGGAAGCACCGCT","SRA526435","SRS1915196","Mus musculus","10x chromium","Cortex, hippocampus and subventricular zone","CTGCGGAAGCACCGCT",1404,2511,60,0.02389486260454,"Unknown"
"CTGCGGAAGCGTTGCC","SRA526435","SRS1915196","Mus musculus","10x chromium","Cortex, hippocampus and subventricular zone","CTGCGGAAGCGTTGCC",2186,4325,46,0.010635838150289,"Unknown"
"CTGCGGAAGGTGATAT","SRA526435","SRS1915196","Mus musculus","10x chromium","Cortex, hippocampus and subventricular zone","CTGCGGAAGGTGATAT",2150,4030,58,0.0143920595533499,"Unknown"
"CTGCGGACACGGATAG","SRA526435","SRS1915196","Mus musculus","10x chromium","Cortex, hippocampus and subventricular zone","CTGCGGACACGGATAG",1845,3908,38,0.00972364380757421,"Unknown"
"CTGCGGACACGTGAGA","SRA526435","SRS1915196","Mus musculus","10x chromium","Cortex, hippocampus and subventricular zone","CTGCGGACACGTGAGA",1202,2447,70,0.0286064568859828,"Unknown"
"CTGCGGACATCCCATC","SRA526435","SRS1915196","Mus musculus","10x chromium","Cortex, hippocampus and subventricular zone","CTGCGGACATCCCATC",1808,3552,41,0.0115427927927928,"Unknown"
"CTGCGGAGTAAACACA","SRA526435","SRS1915196","Mus musculus","10x chromium","Cortex, hippocampus and subventricular zone","CTGCGGAGTAAACACA",2911,7033,48,0.00682496800796246,"Unknown"
"CTGCGGAGTAACGCGA","SRA526435","SRS1915196","Mus musculus","10x chromium","Cortex, hippocampus and subventricular zone","CTGCGGAGTAACGCGA",3244,8395,124,0.0147706968433591,"Unknown"
"CTGCGGAGTACGACCC","SRA526435","SRS1915196","Mus musculus","10x chromium","Cortex, hippocampus and subventricular zone","CTGCGGAGTACGACCC",1429,2265,60,0.0264900662251656,"Unknown"
"CTGCGGAGTACGCTGC","SRA526435","SRS1915196","Mus musculus","10x chromium","Cortex, hippocampus and subventricular zone","CTGCGGAGTACGCTGC",1599,2766,38,0.0137382501807664,"Unknown"
"CTGCGGAGTAGGAGTC","SRA526435","SRS1915196","Mus musculus","10x chromium","Cortex, hippocampus and subventricular zone","CTGCGGAGTAGGAGTC",2741,6840,64,0.00935672514619883,"Unknown"
"CTGCGGAGTCGGCTCA","SRA526435","SRS1915196","Mus musculus","10x chromium","Cortex, hippocampus and subventricular zone","CTGCGGAGTCGGCTCA",2662,6125,109,0.0177959183673469,"Unknown"
"CTGCGGAGTCTTGATG","SRA526435","SRS1915196","Mus musculus","10x chromium","Cortex, hippocampus and subventricular zone","CTGCGGAGTCTTGATG",1982,3830,67,0.0174934725848564,"Unknown"
"CTGCGGAGTGTGCCTG","SRA526435","SRS1915196","Mus musculus","10x chromium","Cortex, hippocampus and subventricular zone","CTGCGGAGTGTGCCTG",3178,7454,84,0.0112691172524819,"Unknown"
"CTGCGGAGTTCACGGC","SRA526435","SRS1915196","Mus musculus","10x chromium","Cortex, hippocampus and subventricular zone","CTGCGGAGTTCACGGC",1496,2558,10,0.00390930414386239,"Unknown"
"CTGCGGAGTTGTCGCG","SRA526435","SRS1915196","Mus musculus","10x chromium","Cortex, hippocampus and subventricular zone","CTGCGGAGTTGTCGCG",2341,4761,67,0.0140726738080235,"Unknown"
"CTGCGGATCGACAGCC","SRA526435","SRS1915196","Mus musculus","10x chromium","Cortex, hippocampus and subventricular zone","CTGCGGATCGACAGCC",2693,5680,75,0.0132042253521127,"Unknown"
"CTGCGGATCTCCAACC","SRA526435","SRS1915196","Mus musculus","10x chromium","Cortex, hippocampus and subventricular zone","CTGCGGATCTCCAACC",92,4375,9,0.00205714285714286,"Erythroid-like and erythroid precursor cells"
"CTGCTGTAGCGTGAAC","SRA526435","SRS1915196","Mus musculus","10x chromium","Cortex, hippocampus and subventricular zone","CTGCTGTAGCGTGAAC",1839,3433,35,0.0101951645790853,"Unknown"
"CTGCTGTCAAAGCGGT","SRA526435","SRS1915196","Mus musculus","10x chromium","Cortex, hippocampus and subventricular zone","CTGCTGTCAAAGCGGT",1675,3322,22,0.00662251655629139,"Unknown"
"CTGCTGTCAAGCCGTC","SRA526435","SRS1915196","Mus musculus","10x chromium","Cortex, hippocampus and subventricular zone","CTGCTGTCAAGCCGTC",129,2366,9,0.00380388841927303,"Erythroid-like and erythroid precursor cells"
"CTGCTGTCACAACTGT","SRA526435","SRS1915196","Mus musculus","10x chromium","Cortex, hippocampus and subventricular zone","CTGCTGTCACAACTGT",1435,2298,52,0.0226283724978242,"Unknown"
"CTGCTGTCACCCAGTG","SRA526435","SRS1915196","Mus musculus","10x chromium","Cortex, hippocampus and subventricular zone","CTGCTGTCACCCAGTG",1575,3079,50,0.016239038648912,"Unknown"
"CTGCTGTCACTTCTGC","SRA526435","SRS1915196","Mus musculus","10x chromium","Cortex, hippocampus and subventricular zone","CTGCTGTCACTTCTGC",1360,2631,33,0.0125427594070696,"Unknown"
"CTGCTGTTCCCGACTT","SRA526435","SRS1915196","Mus musculus","10x chromium","Cortex, hippocampus and subventricular zone","CTGCTGTTCCCGACTT",4383,15553,225,0.0144666623802482,"Endothelial cells"
"CTGCTGTTCGCTTGTC","SRA526435","SRS1915196","Mus musculus","10x chromium","Cortex, hippocampus and subventricular zone","CTGCTGTTCGCTTGTC",1959,3654,63,0.0172413793103448,"Unknown"
"CTGCTGTTCGGTCTAA","SRA526435","SRS1915196","Mus musculus","10x chromium","Cortex, hippocampus and subventricular zone","CTGCTGTTCGGTCTAA",1475,2547,35,0.0137416568511975,"Unknown"
"CTGCTGTTCTGCAAGT","SRA526435","SRS1915196","Mus musculus","10x chromium","Cortex, hippocampus and subventricular zone","CTGCTGTTCTGCAAGT",4645,14023,145,0.010340155458889,"Unknown"
"CTGGTCTAGACCTTTG","SRA526435","SRS1915196","Mus musculus","10x chromium","Cortex, hippocampus and subventricular zone","CTGGTCTAGACCTTTG",1918,3678,25,0.00679717237629146,"Unknown"
"CTGGTCTAGACTAAGT","SRA526435","SRS1915196","Mus musculus","10x chromium","Cortex, hippocampus and subventricular zone","CTGGTCTAGACTAAGT",3176,8297,100,0.0120525491141376,"Unknown"
"CTGGTCTAGCAATCTC","SRA526435","SRS1915196","Mus musculus","10x chromium","Cortex, hippocampus and subventricular zone","CTGGTCTAGCAATCTC",1003,1797,3,0.00166944908180301,"Unknown"
"CTGGTCTAGCCCAGCT","SRA526435","SRS1915196","Mus musculus","10x chromium","Cortex, hippocampus and subventricular zone","CTGGTCTAGCCCAGCT",1887,3568,50,0.0140134529147982,"Unknown"
"CTGGTCTAGCCTTGAT","SRA526435","SRS1915196","Mus musculus","10x chromium","Cortex, hippocampus and subventricular zone","CTGGTCTAGCCTTGAT",934,1475,40,0.0271186440677966,"Unknown"
"CTGGTCTAGCTAGTGG","SRA526435","SRS1915196","Mus musculus","10x chromium","Cortex, hippocampus and subventricular zone","CTGGTCTAGCTAGTGG",2376,5570,90,0.0161579892280072,"Unknown"
"CTGGTCTCACACCGAC","SRA526435","SRS1915196","Mus musculus","10x chromium","Cortex, hippocampus and subventricular zone","CTGGTCTCACACCGAC",2882,6059,94,0.0155141112394785,"Unknown"
"CTGGTCTCAGACTCGC","SRA526435","SRS1915196","Mus musculus","10x chromium","Cortex, hippocampus and subventricular zone","CTGGTCTCAGACTCGC",2236,4603,60,0.0130349771887899,"Unknown"
"CTGGTCTCATGAAGTA","SRA526435","SRS1915196","Mus musculus","10x chromium","Cortex, hippocampus and subventricular zone","CTGGTCTCATGAAGTA",1208,1926,24,0.0124610591900312,"Unknown"
"CTGGTCTGTAATCACC","SRA526435","SRS1915196","Mus musculus","10x chromium","Cortex, hippocampus and subventricular zone","CTGGTCTGTAATCACC",1763,3482,61,0.0175186674325101,"Unknown"
"CTGGTCTGTCTTGCGG","SRA526435","SRS1915196","Mus musculus","10x chromium","Cortex, hippocampus and subventricular zone","CTGGTCTGTCTTGCGG",2355,5062,32,0.00632161201106282,"Unknown"
"CTGGTCTGTGGTACAG","SRA526435","SRS1915196","Mus musculus","10x chromium","Cortex, hippocampus and subventricular zone","CTGGTCTGTGGTACAG",3119,7109,77,0.010831340554227,"Unknown"
"CTGGTCTTCAAGATCC","SRA526435","SRS1915196","Mus musculus","10x chromium","Cortex, hippocampus and subventricular zone","CTGGTCTTCAAGATCC",2117,4298,60,0.0139599813866915,"Unknown"
"CTGGTCTTCAGTTTGG","SRA526435","SRS1915196","Mus musculus","10x chromium","Cortex, hippocampus and subventricular zone","CTGGTCTTCAGTTTGG",2558,5519,70,0.0126834571480341,"Unknown"
"CTGGTCTTCATACGGT","SRA526435","SRS1915196","Mus musculus","10x chromium","Cortex, hippocampus and subventricular zone","CTGGTCTTCATACGGT",2499,5049,56,0.0110913052089523,"Unknown"
"CTGGTCTTCCTGTACC","SRA526435","SRS1915196","Mus musculus","10x chromium","Cortex, hippocampus and subventricular zone","CTGGTCTTCCTGTACC",1775,3110,5,0.00160771704180064,"Unknown"
"CTGGTCTTCGACAGCC","SRA526435","SRS1915196","Mus musculus","10x chromium","Cortex, hippocampus and subventricular zone","CTGGTCTTCGACAGCC",2208,4404,54,0.0122615803814714,"Unknown"
"CTGGTCTTCGCATGGC","SRA526435","SRS1915196","Mus musculus","10x chromium","Cortex, hippocampus and subventricular zone","CTGGTCTTCGCATGGC",3020,7140,84,0.0117647058823529,"Unknown"
"CTGGTCTTCGCCAAAT","SRA526435","SRS1915196","Mus musculus","10x chromium","Cortex, hippocampus and subventricular zone","CTGGTCTTCGCCAAAT",1719,2977,59,0.01981860933826,"Unknown"
"CTGGTCTTCTAACTGG","SRA526435","SRS1915196","Mus musculus","10x chromium","Cortex, hippocampus and subventricular zone","CTGGTCTTCTAACTGG",1036,1533,54,0.0352250489236791,"Unknown"
"CTGTGCTAGAAACGCC","SRA526435","SRS1915196","Mus musculus","10x chromium","Cortex, hippocampus and subventricular zone","CTGTGCTAGAAACGCC",1733,3421,49,0.0143232972814966,"Unknown"
"CTGTGCTAGATGTGGC","SRA526435","SRS1915196","Mus musculus","10x chromium","Cortex, hippocampus and subventricular zone","CTGTGCTAGATGTGGC",1848,3452,49,0.0141946697566628,"Unknown"
"CTGTGCTAGCAACGGT","SRA526435","SRS1915196","Mus musculus","10x chromium","Cortex, hippocampus and subventricular zone","CTGTGCTAGCAACGGT",3903,10783,103,0.00955207270703886,"Unknown"
"CTGTGCTAGGGATACC","SRA526435","SRS1915196","Mus musculus","10x chromium","Cortex, hippocampus and subventricular zone","CTGTGCTAGGGATACC",1371,2452,36,0.0146818923327896,"Unknown"
"CTGTGCTAGTAAGTAC","SRA526435","SRS1915196","Mus musculus","10x chromium","Cortex, hippocampus and subventricular zone","CTGTGCTAGTAAGTAC",1899,3438,122,0.0354857475276323,"Unknown"
"CTGTGCTAGTCGAGTG","SRA526435","SRS1915196","Mus musculus","10x chromium","Cortex, hippocampus and subventricular zone","CTGTGCTAGTCGAGTG",82,1329,2,0.00150489089541008,"Erythroid-like and erythroid precursor cells"
"CTGTGCTCAAACAACA","SRA526435","SRS1915196","Mus musculus","10x chromium","Cortex, hippocampus and subventricular zone","CTGTGCTCAAACAACA",1350,2597,62,0.0238737004235657,"Unknown"
"CTGTGCTCAAATCCGT","SRA526435","SRS1915196","Mus musculus","10x chromium","Cortex, hippocampus and subventricular zone","CTGTGCTCAAATCCGT",3495,9335,56,0.00599892876272094,"Unknown"
"CTGTGCTCAATAGAGT","SRA526435","SRS1915196","Mus musculus","10x chromium","Cortex, hippocampus and subventricular zone","CTGTGCTCAATAGAGT",2791,6523,62,0.0095048290663805,"Unknown"
"CTGTGCTCAGGTCTCG","SRA526435","SRS1915196","Mus musculus","10x chromium","Cortex, hippocampus and subventricular zone","CTGTGCTCAGGTCTCG",1217,1980,20,0.0101010101010101,"Unknown"
"CTGTGCTCATAAAGGT","SRA526435","SRS1915196","Mus musculus","10x chromium","Cortex, hippocampus and subventricular zone","CTGTGCTCATAAAGGT",1056,1714,40,0.0233372228704784,"Unknown"
"CTGTGCTGTCCAGTTA","SRA526435","SRS1915196","Mus musculus","10x chromium","Cortex, hippocampus and subventricular zone","CTGTGCTGTCCAGTTA",1962,3676,56,0.015233949945593,"Unknown"
"CTGTGCTGTCGTTGTA","SRA526435","SRS1915196","Mus musculus","10x chromium","Cortex, hippocampus and subventricular zone","CTGTGCTGTCGTTGTA",2222,4166,45,0.0108017282765242,"Unknown"
"CTGTGCTGTCTGCGGT","SRA526435","SRS1915196","Mus musculus","10x chromium","Cortex, hippocampus and subventricular zone","CTGTGCTGTCTGCGGT",2037,4681,75,0.0160222174748985,"Unknown"
"CTGTGCTGTGAGTGAC","SRA526435","SRS1915196","Mus musculus","10x chromium","Cortex, hippocampus and subventricular zone","CTGTGCTGTGAGTGAC",2108,4075,40,0.0098159509202454,"Unknown"
"CTGTGCTGTGATGTGG","SRA526435","SRS1915196","Mus musculus","10x chromium","Cortex, hippocampus and subventricular zone","CTGTGCTGTGATGTGG",1604,2879,28,0.00972559916637721,"Unknown"
"CTGTGCTGTGCAGTAG","SRA526435","SRS1915196","Mus musculus","10x chromium","Cortex, hippocampus and subventricular zone","CTGTGCTGTGCAGTAG",2887,7484,177,0.023650454302512,"Cajal-Retzius cells"
"CTGTGCTTCAGATAAG","SRA526435","SRS1915196","Mus musculus","10x chromium","Cortex, hippocampus and subventricular zone","CTGTGCTTCAGATAAG",1719,3067,79,0.0257580697750245,"Unknown"
"CTGTGCTTCATCATTC","SRA526435","SRS1915196","Mus musculus","10x chromium","Cortex, hippocampus and subventricular zone","CTGTGCTTCATCATTC",2166,4262,49,0.0114969497888315,"Unknown"
"CTGTGCTTCTACGAGT","SRA526435","SRS1915196","Mus musculus","10x chromium","Cortex, hippocampus and subventricular zone","CTGTGCTTCTACGAGT",2424,5651,10,0.00176959830118563,"Unknown"
"CTGTGCTTCTGGTGTA","SRA526435","SRS1915196","Mus musculus","10x chromium","Cortex, hippocampus and subventricular zone","CTGTGCTTCTGGTGTA",2786,7051,66,0.0093603744149766,"Unknown"
"CTGTTTAAGACTTGAA","SRA526435","SRS1915196","Mus musculus","10x chromium","Cortex, hippocampus and subventricular zone","CTGTTTAAGACTTGAA",2835,5793,86,0.0148455031935094,"Cajal-Retzius cells"
"CTGTTTAAGCAATCTC","SRA526435","SRS1915196","Mus musculus","10x chromium","Cortex, hippocampus and subventricular zone","CTGTTTAAGCAATCTC",1315,2270,49,0.0215859030837004,"Unknown"
"CTGTTTAAGCTGAAAT","SRA526435","SRS1915196","Mus musculus","10x chromium","Cortex, hippocampus and subventricular zone","CTGTTTAAGCTGAAAT",3826,11253,165,0.0146627565982405,"Unknown"
"CTGTTTAAGTAACCCT","SRA526435","SRS1915196","Mus musculus","10x chromium","Cortex, hippocampus and subventricular zone","CTGTTTAAGTAACCCT",3584,10489,180,0.0171608351606445,"Unknown"
"CTGTTTAAGTCCGTAT","SRA526435","SRS1915196","Mus musculus","10x chromium","Cortex, hippocampus and subventricular zone","CTGTTTAAGTCCGTAT",2716,6462,77,0.0119158155369855,"Unknown"
"CTGTTTACAAGCTGGA","SRA526435","SRS1915196","Mus musculus","10x chromium","Cortex, hippocampus and subventricular zone","CTGTTTACAAGCTGGA",1479,2583,41,0.0158730158730159,"Unknown"
"CTGTTTACAGCGATCC","SRA526435","SRS1915196","Mus musculus","10x chromium","Cortex, hippocampus and subventricular zone","CTGTTTACAGCGATCC",2818,6516,67,0.0102823818293432,"Unknown"
"CTGTTTACATATGAGA","SRA526435","SRS1915196","Mus musculus","10x chromium","Cortex, hippocampus and subventricular zone","CTGTTTACATATGAGA",2235,5083,49,0.00963997639189455,"Unknown"
"CTGTTTACATCCGCGA","SRA526435","SRS1915196","Mus musculus","10x chromium","Cortex, hippocampus and subventricular zone","CTGTTTACATCCGCGA",1840,3664,22,0.00600436681222707,"Unknown"
"CTGTTTACATGCGCAC","SRA526435","SRS1915196","Mus musculus","10x chromium","Cortex, hippocampus and subventricular zone","CTGTTTACATGCGCAC",2532,5668,86,0.0151729004940014,"Unknown"
"CTGTTTAGTAAGAGAG","SRA526435","SRS1915196","Mus musculus","10x chromium","Cortex, hippocampus and subventricular zone","CTGTTTAGTAAGAGAG",1624,3123,62,0.0198527057316683,"Unknown"
"CTGTTTAGTAGCCTCG","SRA526435","SRS1915196","Mus musculus","10x chromium","Cortex, hippocampus and subventricular zone","CTGTTTAGTAGCCTCG",1460,2346,33,0.0140664961636829,"Unknown"
"CTGTTTAGTCGAGTTT","SRA526435","SRS1915196","Mus musculus","10x chromium","Cortex, hippocampus and subventricular zone","CTGTTTAGTCGAGTTT",2212,4411,59,0.0133756517796418,"Unknown"
"CTGTTTAGTGAAATCA","SRA526435","SRS1915196","Mus musculus","10x chromium","Cortex, hippocampus and subventricular zone","CTGTTTAGTGAAATCA",2184,4844,52,0.0107349298100743,"Unknown"
"CTGTTTAGTGATGTCT","SRA526435","SRS1915196","Mus musculus","10x chromium","Cortex, hippocampus and subventricular zone","CTGTTTAGTGATGTCT",2127,5067,76,0.0149990132228143,"Unknown"
"CTGTTTAGTTCAGGCC","SRA526435","SRS1915196","Mus musculus","10x chromium","Cortex, hippocampus and subventricular zone","CTGTTTAGTTCAGGCC",2097,4243,97,0.0228611831251473,"Unknown"
"CTGTTTAGTTTCCACC","SRA526435","SRS1915196","Mus musculus","10x chromium","Cortex, hippocampus and subventricular zone","CTGTTTAGTTTCCACC",2217,4668,64,0.0137103684661525,"Unknown"
"CTGTTTAGTTTGCATG","SRA526435","SRS1915196","Mus musculus","10x chromium","Cortex, hippocampus and subventricular zone","CTGTTTAGTTTGCATG",2573,5463,38,0.00695588504484715,"Unknown"
"CTGTTTATCAACCATG","SRA526435","SRS1915196","Mus musculus","10x chromium","Cortex, hippocampus and subventricular zone","CTGTTTATCAACCATG",2326,4867,58,0.0119169919868502,"Unknown"
"CTGTTTATCACATACG","SRA526435","SRS1915196","Mus musculus","10x chromium","Cortex, hippocampus and subventricular zone","CTGTTTATCACATACG",2029,4258,33,0.00775011742602161,"Unknown"
"CTGTTTATCGTGGGAA","SRA526435","SRS1915196","Mus musculus","10x chromium","Cortex, hippocampus and subventricular zone","CTGTTTATCGTGGGAA",2025,4098,41,0.0100048804294778,"Unknown"
"CTGTTTATCGTTTATC","SRA526435","SRS1915196","Mus musculus","10x chromium","Cortex, hippocampus and subventricular zone","CTGTTTATCGTTTATC",1494,2898,40,0.0138026224982747,"Unknown"
"CTGTTTATCTAGAGTC","SRA526435","SRS1915196","Mus musculus","10x chromium","Cortex, hippocampus and subventricular zone","CTGTTTATCTAGAGTC",1918,3956,41,0.0103640040444894,"Unknown"
"CTTAACTAGAAACGAG","SRA526435","SRS1915196","Mus musculus","10x chromium","Cortex, hippocampus and subventricular zone","CTTAACTAGAAACGAG",1264,2008,29,0.0144422310756972,"Unknown"
"CTTAACTAGATATGCA","SRA526435","SRS1915196","Mus musculus","10x chromium","Cortex, hippocampus and subventricular zone","CTTAACTAGATATGCA",4102,13704,61,0.00445125510799766,"Unknown"
"CTTAACTAGTGGAGAA","SRA526435","SRS1915196","Mus musculus","10x chromium","Cortex, hippocampus and subventricular zone","CTTAACTAGTGGAGAA",2376,5589,56,0.0100196815172661,"Unknown"
"CTTAACTAGTTAAGTG","SRA526435","SRS1915196","Mus musculus","10x chromium","Cortex, hippocampus and subventricular zone","CTTAACTAGTTAAGTG",3025,8081,86,0.0106422472466279,"Unknown"
"CTTAACTCAAGCCTAT","SRA526435","SRS1915196","Mus musculus","10x chromium","Cortex, hippocampus and subventricular zone","CTTAACTCAAGCCTAT",2423,5672,63,0.0111071932299013,"Unknown"
"CTTAACTCACGCATCG","SRA526435","SRS1915196","Mus musculus","10x chromium","Cortex, hippocampus and subventricular zone","CTTAACTCACGCATCG",1136,1633,42,0.0257195345988977,"Unknown"
"CTTAACTCAGTATAAG","SRA526435","SRS1915196","Mus musculus","10x chromium","Cortex, hippocampus and subventricular zone","CTTAACTCAGTATAAG",4541,13996,164,0.0117176336096027,"Unknown"
"CTTAACTGTCTCCATC","SRA526435","SRS1915196","Mus musculus","10x chromium","Cortex, hippocampus and subventricular zone","CTTAACTGTCTCCATC",1821,3374,50,0.014819205690575,"Unknown"
"CTTAACTGTGTAACGG","SRA526435","SRS1915196","Mus musculus","10x chromium","Cortex, hippocampus and subventricular zone","CTTAACTGTGTAACGG",1637,2753,42,0.0152560842717036,"Unknown"
"CTTAACTGTTAAGATG","SRA526435","SRS1915196","Mus musculus","10x chromium","Cortex, hippocampus and subventricular zone","CTTAACTGTTAAGATG",2876,7358,64,0.00869801576515357,"Unknown"
"CTTAACTGTTGCTCCT","SRA526435","SRS1915196","Mus musculus","10x chromium","Cortex, hippocampus and subventricular zone","CTTAACTGTTGCTCCT",2608,5559,76,0.0136715236553337,"Unknown"
"CTTAACTTCAGATAAG","SRA526435","SRS1915196","Mus musculus","10x chromium","Cortex, hippocampus and subventricular zone","CTTAACTTCAGATAAG",2801,6650,163,0.0245112781954887,"Unknown"
"CTTAACTTCATCGATG","SRA526435","SRS1915196","Mus musculus","10x chromium","Cortex, hippocampus and subventricular zone","CTTAACTTCATCGATG",1857,3907,54,0.0138213463015101,"Unknown"
"CTTAACTTCCATGCTC","SRA526435","SRS1915196","Mus musculus","10x chromium","Cortex, hippocampus and subventricular zone","CTTAACTTCCATGCTC",2611,5465,38,0.00695333943275389,"Unknown"
"CTTAACTTCCCTAACC","SRA526435","SRS1915196","Mus musculus","10x chromium","Cortex, hippocampus and subventricular zone","CTTAACTTCCCTAACC",1127,1768,71,0.040158371040724,"Unknown"
"CTTAACTTCCTCAATT","SRA526435","SRS1915196","Mus musculus","10x chromium","Cortex, hippocampus and subventricular zone","CTTAACTTCCTCAATT",738,1002,9,0.00898203592814371,"Unknown"
"CTTAACTTCTTAGCCC","SRA526435","SRS1915196","Mus musculus","10x chromium","Cortex, hippocampus and subventricular zone","CTTAACTTCTTAGCCC",1063,1613,26,0.0161190328580285,"Unknown"
"CTTACCGAGACAGAGA","SRA526435","SRS1915196","Mus musculus","10x chromium","Cortex, hippocampus and subventricular zone","CTTACCGAGACAGAGA",1710,3458,51,0.0147484094852516,"Unknown"
"CTTACCGAGACTTGAA","SRA526435","SRS1915196","Mus musculus","10x chromium","Cortex, hippocampus and subventricular zone","CTTACCGAGACTTGAA",1339,2299,38,0.0165289256198347,"Unknown"
"CTTACCGAGCCCAGCT","SRA526435","SRS1915196","Mus musculus","10x chromium","Cortex, hippocampus and subventricular zone","CTTACCGAGCCCAGCT",1959,3709,40,0.0107845780533837,"Unknown"
"CTTACCGAGGAATGGA","SRA526435","SRS1915196","Mus musculus","10x chromium","Cortex, hippocampus and subventricular zone","CTTACCGAGGAATGGA",2216,4529,39,0.00861117244424818,"Unknown"
"CTTACCGAGGACACCA","SRA526435","SRS1915196","Mus musculus","10x chromium","Cortex, hippocampus and subventricular zone","CTTACCGAGGACACCA",700,1115,52,0.0466367713004484,"Unknown"
"CTTACCGAGTGGTCCC","SRA526435","SRS1915196","Mus musculus","10x chromium","Cortex, hippocampus and subventricular zone","CTTACCGAGTGGTCCC",3402,9902,70,0.00706927893354878,"Unknown"
"CTTACCGCAAACTGCT","SRA526435","SRS1915196","Mus musculus","10x chromium","Cortex, hippocampus and subventricular zone","CTTACCGCAAACTGCT",3044,7205,49,0.00680083275503123,"Unknown"
"CTTACCGCAAAGGTGC","SRA526435","SRS1915196","Mus musculus","10x chromium","Cortex, hippocampus and subventricular zone","CTTACCGCAAAGGTGC",1933,3894,75,0.0192604006163328,"Unknown"
"CTTACCGCAAGTAATG","SRA526435","SRS1915196","Mus musculus","10x chromium","Cortex, hippocampus and subventricular zone","CTTACCGCAAGTAATG",1269,1943,47,0.0241893978383942,"Unknown"
"CTTACCGCACATTCGA","SRA526435","SRS1915196","Mus musculus","10x chromium","Cortex, hippocampus and subventricular zone","CTTACCGCACATTCGA",2057,4224,42,0.00994318181818182,"Unknown"
"CTTACCGCAGGGTACA","SRA526435","SRS1915196","Mus musculus","10x chromium","Cortex, hippocampus and subventricular zone","CTTACCGCAGGGTACA",1425,2505,47,0.0187624750499002,"Unknown"
"CTTACCGCAGGGTATG","SRA526435","SRS1915196","Mus musculus","10x chromium","Cortex, hippocampus and subventricular zone","CTTACCGCAGGGTATG",1339,2316,73,0.0315198618307427,"Unknown"
"CTTACCGCAGTTCCCT","SRA526435","SRS1915196","Mus musculus","10x chromium","Cortex, hippocampus and subventricular zone","CTTACCGCAGTTCCCT",3026,7069,76,0.0107511670674777,"Unknown"
"CTTACCGCATAGAAAC","SRA526435","SRS1915196","Mus musculus","10x chromium","Cortex, hippocampus and subventricular zone","CTTACCGCATAGAAAC",1667,3393,35,0.0103153551429413,"Unknown"
"CTTACCGCATGTAGTC","SRA526435","SRS1915196","Mus musculus","10x chromium","Cortex, hippocampus and subventricular zone","CTTACCGCATGTAGTC",3249,8146,110,0.0135035600294623,"Unknown"
"CTTACCGCATTGGCGC","SRA526435","SRS1915196","Mus musculus","10x chromium","Cortex, hippocampus and subventricular zone","CTTACCGCATTGGCGC",1435,2418,28,0.0115798180314309,"Unknown"
"CTTACCGGTAGTAGTA","SRA526435","SRS1915196","Mus musculus","10x chromium","Cortex, hippocampus and subventricular zone","CTTACCGGTAGTAGTA",1882,3544,54,0.0152370203160271,"Unknown"
"CTTACCGTCAGGTTCA","SRA526435","SRS1915196","Mus musculus","10x chromium","Cortex, hippocampus and subventricular zone","CTTACCGTCAGGTTCA",1064,1374,13,0.00946142649199418,"Unknown"
"CTTACCGTCCATTCTA","SRA526435","SRS1915196","Mus musculus","10x chromium","Cortex, hippocampus and subventricular zone","CTTACCGTCCATTCTA",2964,6496,125,0.0192426108374384,"Unknown"
"CTTACCGTCCGCGCAA","SRA526435","SRS1915196","Mus musculus","10x chromium","Cortex, hippocampus and subventricular zone","CTTACCGTCCGCGCAA",2213,4381,63,0.014380278475234,"Unknown"
"CTTACCGTCGTGGACC","SRA526435","SRS1915196","Mus musculus","10x chromium","Cortex, hippocampus and subventricular zone","CTTACCGTCGTGGACC",761,1060,28,0.0264150943396226,"Unknown"
"CTTACCGTCTGTCCGT","SRA526435","SRS1915196","Mus musculus","10x chromium","Cortex, hippocampus and subventricular zone","CTTACCGTCTGTCCGT",1336,2262,42,0.0185676392572944,"Unknown"
"CTTAGGAAGCCACCTG","SRA526435","SRS1915196","Mus musculus","10x chromium","Cortex, hippocampus and subventricular zone","CTTAGGAAGCCACCTG",2030,3989,65,0.0162948107295061,"Unknown"
"CTTAGGAAGCTCCTCT","SRA526435","SRS1915196","Mus musculus","10x chromium","Cortex, hippocampus and subventricular zone","CTTAGGAAGCTCCTCT",2149,4427,51,0.0115202168511407,"Unknown"
"CTTAGGAAGGACATTA","SRA526435","SRS1915196","Mus musculus","10x chromium","Cortex, hippocampus and subventricular zone","CTTAGGAAGGACATTA",1557,3127,42,0.013431403901503,"Unknown"
"CTTAGGACACGGTGTC","SRA526435","SRS1915196","Mus musculus","10x chromium","Cortex, hippocampus and subventricular zone","CTTAGGACACGGTGTC",1880,3678,34,0.00924415443175639,"Unknown"
"CTTAGGAGTAGCGTAG","SRA526435","SRS1915196","Mus musculus","10x chromium","Cortex, hippocampus and subventricular zone","CTTAGGAGTAGCGTAG",1777,3362,98,0.0291493158834027,"Pericytes"
"CTTAGGAGTCAAGCGA","SRA526435","SRS1915196","Mus musculus","10x chromium","Cortex, hippocampus and subventricular zone","CTTAGGAGTCAAGCGA",1292,2175,31,0.0142528735632184,"Unknown"
"CTTAGGAGTGTCAATC","SRA526435","SRS1915196","Mus musculus","10x chromium","Cortex, hippocampus and subventricular zone","CTTAGGAGTGTCAATC",1190,1938,63,0.0325077399380805,"Unknown"
"CTTAGGAGTGTGCCTG","SRA526435","SRS1915196","Mus musculus","10x chromium","Cortex, hippocampus and subventricular zone","CTTAGGAGTGTGCCTG",1041,1733,35,0.0201961915753029,"Unknown"
"CTTAGGAGTTGCCTCT","SRA526435","SRS1915196","Mus musculus","10x chromium","Cortex, hippocampus and subventricular zone","CTTAGGAGTTGCCTCT",1288,2428,45,0.0185337726523888,"Pericytes"
"CTTAGGATCACCCTCA","SRA526435","SRS1915196","Mus musculus","10x chromium","Cortex, hippocampus and subventricular zone","CTTAGGATCACCCTCA",189,6009,8,0.00133133632884007,"Erythroid-like and erythroid precursor cells"
"CTTAGGATCCAAACAC","SRA526435","SRS1915196","Mus musculus","10x chromium","Cortex, hippocampus and subventricular zone","CTTAGGATCCAAACAC",3374,9406,71,0.00754837337869445,"Unknown"
"CTTAGGATCCAGGGCT","SRA526435","SRS1915196","Mus musculus","10x chromium","Cortex, hippocampus and subventricular zone","CTTAGGATCCAGGGCT",1888,3725,94,0.0252348993288591,"Unknown"
"CTTAGGATCGCGTAGC","SRA526435","SRS1915196","Mus musculus","10x chromium","Cortex, hippocampus and subventricular zone","CTTAGGATCGCGTAGC",3572,9303,95,0.0102117596474256,"Unknown"
"CTTAGGATCTGTCTAT","SRA526435","SRS1915196","Mus musculus","10x chromium","Cortex, hippocampus and subventricular zone","CTTAGGATCTGTCTAT",2339,4931,53,0.010748326911377,"Unknown"
"CTTAGGATCTTTACAC","SRA526435","SRS1915196","Mus musculus","10x chromium","Cortex, hippocampus and subventricular zone","CTTAGGATCTTTACAC",2218,4902,75,0.0152998776009792,"Unknown"
"CTTCTCTAGATCCGAG","SRA526435","SRS1915196","Mus musculus","10x chromium","Cortex, hippocampus and subventricular zone","CTTCTCTAGATCCGAG",1677,2903,34,0.0117120220461591,"Unknown"
"CTTCTCTCAACACCCG","SRA526435","SRS1915196","Mus musculus","10x chromium","Cortex, hippocampus and subventricular zone","CTTCTCTCAACACCCG",1619,2657,11,0.00414000752728641,"Unknown"
"CTTCTCTCAACACCTA","SRA526435","SRS1915196","Mus musculus","10x chromium","Cortex, hippocampus and subventricular zone","CTTCTCTCAACACCTA",1825,3167,89,0.0281023050205242,"Cajal-Retzius cells"
"CTTCTCTCACAGAGGT","SRA526435","SRS1915196","Mus musculus","10x chromium","Cortex, hippocampus and subventricular zone","CTTCTCTCACAGAGGT",1826,3735,32,0.00856760374832664,"Unknown"
"CTTCTCTCACCGAATT","SRA526435","SRS1915196","Mus musculus","10x chromium","Cortex, hippocampus and subventricular zone","CTTCTCTCACCGAATT",2028,3756,45,0.0119808306709265,"Unknown"
"CTTCTCTCACTCAGGC","SRA526435","SRS1915196","Mus musculus","10x chromium","Cortex, hippocampus and subventricular zone","CTTCTCTCACTCAGGC",1712,3424,82,0.0239485981308411,"Unknown"
"CTTCTCTCAGGACGTA","SRA526435","SRS1915196","Mus musculus","10x chromium","Cortex, hippocampus and subventricular zone","CTTCTCTCAGGACGTA",1202,2035,52,0.0255528255528256,"Unknown"
"CTTCTCTCATCCCATC","SRA526435","SRS1915196","Mus musculus","10x chromium","Cortex, hippocampus and subventricular zone","CTTCTCTCATCCCATC",1999,3924,64,0.0163098878695209,"Unknown"
"CTTCTCTCATCCGGGT","SRA526435","SRS1915196","Mus musculus","10x chromium","Cortex, hippocampus and subventricular zone","CTTCTCTCATCCGGGT",267,6698,2,0.000298596595998806,"Erythroid-like and erythroid precursor cells"
"CTTCTCTGTATAGGTA","SRA526435","SRS1915196","Mus musculus","10x chromium","Cortex, hippocampus and subventricular zone","CTTCTCTGTATAGGTA",2138,4462,43,0.00963693411026446,"Unknown"
"CTTCTCTGTCATGCAT","SRA526435","SRS1915196","Mus musculus","10x chromium","Cortex, hippocampus and subventricular zone","CTTCTCTGTCATGCAT",1185,1801,36,0.0199888950583009,"Unknown"
"CTTCTCTGTCCAGTGC","SRA526435","SRS1915196","Mus musculus","10x chromium","Cortex, hippocampus and subventricular zone","CTTCTCTGTCCAGTGC",3265,9100,118,0.012967032967033,"Unknown"
"CTTCTCTGTCTCTTTA","SRA526435","SRS1915196","Mus musculus","10x chromium","Cortex, hippocampus and subventricular zone","CTTCTCTGTCTCTTTA",1302,2244,37,0.0164884135472371,"Unknown"
"CTTCTCTGTGAAGGCT","SRA526435","SRS1915196","Mus musculus","10x chromium","Cortex, hippocampus and subventricular zone","CTTCTCTGTGAAGGCT",3665,9581,109,0.0113766830184741,"Unknown"
"CTTCTCTGTGACGCCT","SRA526435","SRS1915196","Mus musculus","10x chromium","Cortex, hippocampus and subventricular zone","CTTCTCTGTGACGCCT",2204,4098,33,0.00805270863836018,"Unknown"
"CTTCTCTGTGAGGGTT","SRA526435","SRS1915196","Mus musculus","10x chromium","Cortex, hippocampus and subventricular zone","CTTCTCTGTGAGGGTT",789,1038,17,0.0163776493256262,"Unknown"
"CTTCTCTGTGATGTCT","SRA526435","SRS1915196","Mus musculus","10x chromium","Cortex, hippocampus and subventricular zone","CTTCTCTGTGATGTCT",3205,7459,102,0.0136747553291326,"Unknown"
"CTTCTCTGTGCGGTAA","SRA526435","SRS1915196","Mus musculus","10x chromium","Cortex, hippocampus and subventricular zone","CTTCTCTGTGCGGTAA",2234,3855,75,0.0194552529182879,"Unknown"
"CTTCTCTGTGTGTGCC","SRA526435","SRS1915196","Mus musculus","10x chromium","Cortex, hippocampus and subventricular zone","CTTCTCTGTGTGTGCC",1267,2152,1,0.000464684014869888,"Endothelial cells"
"CTTCTCTTCGTGGGAA","SRA526435","SRS1915196","Mus musculus","10x chromium","Cortex, hippocampus and subventricular zone","CTTCTCTTCGTGGGAA",3077,7457,124,0.0166286710473381,"Unknown"
"CTTGGCTAGGACTGGT","SRA526435","SRS1915196","Mus musculus","10x chromium","Cortex, hippocampus and subventricular zone","CTTGGCTAGGACTGGT",1924,3868,70,0.0180972078593588,"Unknown"
"CTTGGCTAGTGCCATT","SRA526435","SRS1915196","Mus musculus","10x chromium","Cortex, hippocampus and subventricular zone","CTTGGCTAGTGCCATT",1989,4729,44,0.00930429266229647,"Unknown"
"CTTGGCTAGTGTTGAA","SRA526435","SRS1915196","Mus musculus","10x chromium","Cortex, hippocampus and subventricular zone","CTTGGCTAGTGTTGAA",1951,3663,43,0.0117390117390117,"Unknown"
"CTTGGCTAGTTTAGGA","SRA526435","SRS1915196","Mus musculus","10x chromium","Cortex, hippocampus and subventricular zone","CTTGGCTAGTTTAGGA",1467,2607,39,0.0149597238204833,"Unknown"
"CTTGGCTCACACTGCG","SRA526435","SRS1915196","Mus musculus","10x chromium","Cortex, hippocampus and subventricular zone","CTTGGCTCACACTGCG",2860,6919,62,0.00896083249024426,"Unknown"
"CTTGGCTCACAGACAG","SRA526435","SRS1915196","Mus musculus","10x chromium","Cortex, hippocampus and subventricular zone","CTTGGCTCACAGACAG",1179,2008,43,0.0214143426294821,"Unknown"
"CTTGGCTCAGATCGGA","SRA526435","SRS1915196","Mus musculus","10x chromium","Cortex, hippocampus and subventricular zone","CTTGGCTCAGATCGGA",2061,3949,40,0.0101291466193973,"Unknown"
"CTTGGCTCATGGTCAT","SRA526435","SRS1915196","Mus musculus","10x chromium","Cortex, hippocampus and subventricular zone","CTTGGCTCATGGTCAT",2252,4485,61,0.0136008918617614,"Unknown"
"CTTGGCTGTCCTGCTT","SRA526435","SRS1915196","Mus musculus","10x chromium","Cortex, hippocampus and subventricular zone","CTTGGCTGTCCTGCTT",2303,4762,48,0.0100797984040319,"Unknown"
"CTTGGCTGTCTCTTAT","SRA526435","SRS1915196","Mus musculus","10x chromium","Cortex, hippocampus and subventricular zone","CTTGGCTGTCTCTTAT",1858,3857,57,0.0147783251231527,"Unknown"
"CTTGGCTGTGACTACT","SRA526435","SRS1915196","Mus musculus","10x chromium","Cortex, hippocampus and subventricular zone","CTTGGCTGTGACTACT",941,1486,78,0.0524899057873486,"Unknown"
"CTTGGCTGTGTTGAGG","SRA526435","SRS1915196","Mus musculus","10x chromium","Cortex, hippocampus and subventricular zone","CTTGGCTGTGTTGAGG",1600,2916,60,0.0205761316872428,"Unknown"
"CTTGGCTGTTCCAACA","SRA526435","SRS1915196","Mus musculus","10x chromium","Cortex, hippocampus and subventricular zone","CTTGGCTGTTCCAACA",1371,2233,38,0.0170174652933274,"Unknown"
"CTTGGCTGTTCTGTTT","SRA526435","SRS1915196","Mus musculus","10x chromium","Cortex, hippocampus and subventricular zone","CTTGGCTGTTCTGTTT",1772,3156,56,0.017743979721166,"Unknown"
"CTTGGCTGTTGACGTT","SRA526435","SRS1915196","Mus musculus","10x chromium","Cortex, hippocampus and subventricular zone","CTTGGCTGTTGACGTT",1939,3572,34,0.00951847704367301,"Unknown"
"CTTGGCTTCAACGCTA","SRA526435","SRS1915196","Mus musculus","10x chromium","Cortex, hippocampus and subventricular zone","CTTGGCTTCAACGCTA",279,7724,7,0.000906266183324702,"Erythroid-like and erythroid precursor cells"
"CTTGGCTTCAATAAGG","SRA526435","SRS1915196","Mus musculus","10x chromium","Cortex, hippocampus and subventricular zone","CTTGGCTTCAATAAGG",2101,4262,45,0.0105584232754575,"Unknown"
"CTTGGCTTCCAGAGGA","SRA526435","SRS1915196","Mus musculus","10x chromium","Cortex, hippocampus and subventricular zone","CTTGGCTTCCAGAGGA",2413,5742,96,0.0167189132706374,"Unknown"
"CTTGGCTTCCCGACTT","SRA526435","SRS1915196","Mus musculus","10x chromium","Cortex, hippocampus and subventricular zone","CTTGGCTTCCCGACTT",1994,3686,48,0.0130222463374932,"Unknown"
"CTTGGCTTCCGTTGCT","SRA526435","SRS1915196","Mus musculus","10x chromium","Cortex, hippocampus and subventricular zone","CTTGGCTTCCGTTGCT",3137,7631,88,0.0115319093172586,"Unknown"
"CTTGGCTTCGGAAACG","SRA526435","SRS1915196","Mus musculus","10x chromium","Cortex, hippocampus and subventricular zone","CTTGGCTTCGGAAACG",1579,2991,35,0.0117017719826145,"Unknown"
"CTTGGCTTCGGTTCGG","SRA526435","SRS1915196","Mus musculus","10x chromium","Cortex, hippocampus and subventricular zone","CTTGGCTTCGGTTCGG",1658,3076,41,0.0133289986996099,"Unknown"
"CTTGGCTTCGTTGACA","SRA526435","SRS1915196","Mus musculus","10x chromium","Cortex, hippocampus and subventricular zone","CTTGGCTTCGTTGACA",2051,4514,51,0.011298183429331,"Unknown"
"CTTGGCTTCTTGCCGT","SRA526435","SRS1915196","Mus musculus","10x chromium","Cortex, hippocampus and subventricular zone","CTTGGCTTCTTGCCGT",2054,3975,41,0.010314465408805,"Unknown"
"CTTTGCGAGCTAGTTC","SRA526435","SRS1915196","Mus musculus","10x chromium","Cortex, hippocampus and subventricular zone","CTTTGCGAGCTAGTTC",1242,2266,33,0.0145631067961165,"Unknown"
"CTTTGCGAGGCACATG","SRA526435","SRS1915196","Mus musculus","10x chromium","Cortex, hippocampus and subventricular zone","CTTTGCGAGGCACATG",2999,7590,77,0.0101449275362319,"Unknown"
"CTTTGCGCAAGTAATG","SRA526435","SRS1915196","Mus musculus","10x chromium","Cortex, hippocampus and subventricular zone","CTTTGCGCAAGTAATG",2310,5345,69,0.0129092609915809,"Unknown"
"CTTTGCGCACTTAAGC","SRA526435","SRS1915196","Mus musculus","10x chromium","Cortex, hippocampus and subventricular zone","CTTTGCGCACTTAAGC",2509,5814,45,0.00773993808049536,"Unknown"
"CTTTGCGCACTTCGAA","SRA526435","SRS1915196","Mus musculus","10x chromium","Cortex, hippocampus and subventricular zone","CTTTGCGCACTTCGAA",2977,7316,73,0.00997813012575178,"Unknown"
"CTTTGCGCAGCATACT","SRA526435","SRS1915196","Mus musculus","10x chromium","Cortex, hippocampus and subventricular zone","CTTTGCGCAGCATACT",2204,4409,69,0.0156498072125198,"Unknown"
"CTTTGCGCAGCCAGAA","SRA526435","SRS1915196","Mus musculus","10x chromium","Cortex, hippocampus and subventricular zone","CTTTGCGCAGCCAGAA",1913,3826,46,0.0120230005227392,"Unknown"
"CTTTGCGCAGTCCTTC","SRA526435","SRS1915196","Mus musculus","10x chromium","Cortex, hippocampus and subventricular zone","CTTTGCGCAGTCCTTC",2670,6167,29,0.00470244851629642,"Unknown"
"CTTTGCGCATATGGTC","SRA526435","SRS1915196","Mus musculus","10x chromium","Cortex, hippocampus and subventricular zone","CTTTGCGCATATGGTC",1911,3609,39,0.0108063175394846,"Unknown"
"CTTTGCGGTCGCGTGT","SRA526435","SRS1915196","Mus musculus","10x chromium","Cortex, hippocampus and subventricular zone","CTTTGCGGTCGCGTGT",989,1538,39,0.0253576072821847,"Unknown"
"CTTTGCGGTCTTGCGG","SRA526435","SRS1915196","Mus musculus","10x chromium","Cortex, hippocampus and subventricular zone","CTTTGCGGTCTTGCGG",2538,5186,45,0.00867720786733513,"Unknown"
"CTTTGCGGTGAAGGCT","SRA526435","SRS1915196","Mus musculus","10x chromium","Cortex, hippocampus and subventricular zone","CTTTGCGGTGAAGGCT",2693,6522,62,0.00950628641521006,"Unknown"
"CTTTGCGGTGATAAGT","SRA526435","SRS1915196","Mus musculus","10x chromium","Cortex, hippocampus and subventricular zone","CTTTGCGGTGATAAGT",1644,3224,45,0.0139578163771712,"Unknown"
"CTTTGCGGTGGTGTAG","SRA526435","SRS1915196","Mus musculus","10x chromium","Cortex, hippocampus and subventricular zone","CTTTGCGGTGGTGTAG",86,2692,22,0.00817236255572065,"Erythroid-like and erythroid precursor cells"
"CTTTGCGGTGTTAAGA","SRA526435","SRS1915196","Mus musculus","10x chromium","Cortex, hippocampus and subventricular zone","CTTTGCGGTGTTAAGA",1780,3301,25,0.00757346258709482,"Unknown"
"CTTTGCGGTTAGAACA","SRA526435","SRS1915196","Mus musculus","10x chromium","Cortex, hippocampus and subventricular zone","CTTTGCGGTTAGAACA",2338,4855,54,0.0111225540679712,"Unknown"
"CTTTGCGTCATCGATG","SRA526435","SRS1915196","Mus musculus","10x chromium","Cortex, hippocampus and subventricular zone","CTTTGCGTCATCGATG",2048,4227,55,0.0130115921457298,"Unknown"
"CTTTGCGTCCAGATCA","SRA526435","SRS1915196","Mus musculus","10x chromium","Cortex, hippocampus and subventricular zone","CTTTGCGTCCAGATCA",3084,6859,102,0.0148709724449628,"Unknown"
"CTTTGCGTCTGTCTCG","SRA526435","SRS1915196","Mus musculus","10x chromium","Cortex, hippocampus and subventricular zone","CTTTGCGTCTGTCTCG",183,6755,6,0.000888230940044412,"Erythroid-like and erythroid precursor cells"
"GAAACTCAGCGTGTCC","SRA526435","SRS1915196","Mus musculus","10x chromium","Cortex, hippocampus and subventricular zone","GAAACTCAGCGTGTCC",1380,2356,11,0.00466893039049236,"Unknown"
"GAAACTCAGTACTTGC","SRA526435","SRS1915196","Mus musculus","10x chromium","Cortex, hippocampus and subventricular zone","GAAACTCAGTACTTGC",2251,4121,107,0.0259645717058966,"Unknown"
"GAAACTCAGTGATCGG","SRA526435","SRS1915196","Mus musculus","10x chromium","Cortex, hippocampus and subventricular zone","GAAACTCAGTGATCGG",1942,3754,46,0.0122535961640916,"Unknown"
"GAAACTCCAAGGACAC","SRA526435","SRS1915196","Mus musculus","10x chromium","Cortex, hippocampus and subventricular zone","GAAACTCCAAGGACAC",3007,7471,122,0.0163298085932271,"Unknown"
"GAAACTCCACCAGGTC","SRA526435","SRS1915196","Mus musculus","10x chromium","Cortex, hippocampus and subventricular zone","GAAACTCCACCAGGTC",2007,4014,51,0.0127055306427504,"Unknown"
"GAAACTCCACGGTTTA","SRA526435","SRS1915196","Mus musculus","10x chromium","Cortex, hippocampus and subventricular zone","GAAACTCCACGGTTTA",1952,3617,39,0.0107824163671551,"Unknown"
"GAAACTCCAGACAAAT","SRA526435","SRS1915196","Mus musculus","10x chromium","Cortex, hippocampus and subventricular zone","GAAACTCCAGACAAAT",2108,5150,19,0.00368932038834951,"Unknown"
"GAAACTCCAGACGCTC","SRA526435","SRS1915196","Mus musculus","10x chromium","Cortex, hippocampus and subventricular zone","GAAACTCCAGACGCTC",3593,9412,40,0.00424989375265618,"Unknown"
"GAAACTCCAGATAATG","SRA526435","SRS1915196","Mus musculus","10x chromium","Cortex, hippocampus and subventricular zone","GAAACTCCAGATAATG",3783,10390,116,0.0111645813282002,"Unknown"
"GAAACTCCAGTCGTGC","SRA526435","SRS1915196","Mus musculus","10x chromium","Cortex, hippocampus and subventricular zone","GAAACTCCAGTCGTGC",1895,3383,40,0.0118238250073899,"Unknown"
"GAAACTCTCAACGGGA","SRA526435","SRS1915196","Mus musculus","10x chromium","Cortex, hippocampus and subventricular zone","GAAACTCTCAACGGGA",2755,6811,115,0.0168844516223756,"Unknown"
"GAAACTCTCCAAGCCG","SRA526435","SRS1915196","Mus musculus","10x chromium","Cortex, hippocampus and subventricular zone","GAAACTCTCCAAGCCG",1145,1967,59,0.0299949161159126,"Unknown"
"GAAACTCTCCACTCCA","SRA526435","SRS1915196","Mus musculus","10x chromium","Cortex, hippocampus and subventricular zone","GAAACTCTCCACTCCA",2425,5147,96,0.0186516417330484,"Unknown"
"GAAACTCTCGCGGATC","SRA526435","SRS1915196","Mus musculus","10x chromium","Cortex, hippocampus and subventricular zone","GAAACTCTCGCGGATC",1956,3773,58,0.0153723827193215,"Unknown"
"GAAACTCTCTTGAGAC","SRA526435","SRS1915196","Mus musculus","10x chromium","Cortex, hippocampus and subventricular zone","GAAACTCTCTTGAGAC",2993,6596,44,0.00667070952092177,"Unknown"
"GAAATGAAGACGCACA","SRA526435","SRS1915196","Mus musculus","10x chromium","Cortex, hippocampus and subventricular zone","GAAATGAAGACGCACA",2299,4633,103,0.0222318152385064,"Unknown"
"GAAATGAAGAGCAATT","SRA526435","SRS1915196","Mus musculus","10x chromium","Cortex, hippocampus and subventricular zone","GAAATGAAGAGCAATT",2416,5566,49,0.00880344951491197,"Unknown"
"GAAATGAAGATACACA","SRA526435","SRS1915196","Mus musculus","10x chromium","Cortex, hippocampus and subventricular zone","GAAATGAAGATACACA",840,1139,43,0.0377524143985953,"Unknown"
"GAAATGAAGCAGATCG","SRA526435","SRS1915196","Mus musculus","10x chromium","Cortex, hippocampus and subventricular zone","GAAATGAAGCAGATCG",664,1013,55,0.054294175715696,"Unknown"
"GAAATGAAGGATGGAA","SRA526435","SRS1915196","Mus musculus","10x chromium","Cortex, hippocampus and subventricular zone","GAAATGAAGGATGGAA",1676,3122,33,0.0105701473414478,"Unknown"
"GAAATGAAGGCGACAT","SRA526435","SRS1915196","Mus musculus","10x chromium","Cortex, hippocampus and subventricular zone","GAAATGAAGGCGACAT",1232,1943,36,0.0185280494081318,"Unknown"
"GAAATGACAAAGTGCG","SRA526435","SRS1915196","Mus musculus","10x chromium","Cortex, hippocampus and subventricular zone","GAAATGACAAAGTGCG",1533,2484,34,0.0136876006441224,"Unknown"
"GAAATGACAAGACGTG","SRA526435","SRS1915196","Mus musculus","10x chromium","Cortex, hippocampus and subventricular zone","GAAATGACAAGACGTG",2046,4303,56,0.0130141761561701,"Unknown"
"GAAATGACACAGACAG","SRA526435","SRS1915196","Mus musculus","10x chromium","Cortex, hippocampus and subventricular zone","GAAATGACACAGACAG",1650,2782,20,0.00718907260963336,"Unknown"
"GAAATGAGTGATGCCC","SRA526435","SRS1915196","Mus musculus","10x chromium","Cortex, hippocampus and subventricular zone","GAAATGAGTGATGCCC",2630,6336,106,0.016729797979798,"Unknown"
"GAAATGAGTTCCGTCT","SRA526435","SRS1915196","Mus musculus","10x chromium","Cortex, hippocampus and subventricular zone","GAAATGAGTTCCGTCT",3640,9636,71,0.00736820257368203,"Unknown"
"GAAATGATCACGAAGG","SRA526435","SRS1915196","Mus musculus","10x chromium","Cortex, hippocampus and subventricular zone","GAAATGATCACGAAGG",2643,5871,106,0.0180548458524953,"Unknown"
"GAAATGATCATAACCG","SRA526435","SRS1915196","Mus musculus","10x chromium","Cortex, hippocampus and subventricular zone","GAAATGATCATAACCG",1810,3625,39,0.0107586206896552,"Unknown"
"GAAATGATCCAGATCA","SRA526435","SRS1915196","Mus musculus","10x chromium","Cortex, hippocampus and subventricular zone","GAAATGATCCAGATCA",2446,5214,68,0.0130418105101649,"Unknown"
"GAAATGATCCTGTACC","SRA526435","SRS1915196","Mus musculus","10x chromium","Cortex, hippocampus and subventricular zone","GAAATGATCCTGTACC",2120,4342,58,0.0133578995854445,"Unknown"
"GAAATGATCGCACTCT","SRA526435","SRS1915196","Mus musculus","10x chromium","Cortex, hippocampus and subventricular zone","GAAATGATCGCACTCT",1523,3655,86,0.0235294117647059,"Unknown"
"GAAATGATCTTGACGA","SRA526435","SRS1915196","Mus musculus","10x chromium","Cortex, hippocampus and subventricular zone","GAAATGATCTTGACGA",2933,7016,65,0.00926453819840365,"Unknown"
"GAACATCAGATGTTAG","SRA526435","SRS1915196","Mus musculus","10x chromium","Cortex, hippocampus and subventricular zone","GAACATCAGATGTTAG",125,4338,11,0.00253573075149839,"Erythroid-like and erythroid precursor cells"
"GAACATCAGATTACCC","SRA526435","SRS1915196","Mus musculus","10x chromium","Cortex, hippocampus and subventricular zone","GAACATCAGATTACCC",3565,9710,95,0.009783728115345,"Unknown"
"GAACATCAGCAGGTCA","SRA526435","SRS1915196","Mus musculus","10x chromium","Cortex, hippocampus and subventricular zone","GAACATCAGCAGGTCA",3358,9165,104,0.0113475177304965,"Unknown"
"GAACATCAGGACAGAA","SRA526435","SRS1915196","Mus musculus","10x chromium","Cortex, hippocampus and subventricular zone","GAACATCAGGACAGAA",2495,5315,55,0.0103480714957667,"Unknown"
"GAACATCAGGATCGCA","SRA526435","SRS1915196","Mus musculus","10x chromium","Cortex, hippocampus and subventricular zone","GAACATCAGGATCGCA",1729,3114,37,0.0118818240205523,"Unknown"
"GAACATCAGTGCAAGC","SRA526435","SRS1915196","Mus musculus","10x chromium","Cortex, hippocampus and subventricular zone","GAACATCAGTGCAAGC",2134,4365,37,0.00847651775486827,"Unknown"
"GAACATCAGTTACCCA","SRA526435","SRS1915196","Mus musculus","10x chromium","Cortex, hippocampus and subventricular zone","GAACATCAGTTACCCA",2515,5709,83,0.0145384480644596,"Unknown"
"GAACATCCAAATACAG","SRA526435","SRS1915196","Mus musculus","10x chromium","Cortex, hippocampus and subventricular zone","GAACATCCAAATACAG",4558,14676,102,0.00695012264922322,"Unknown"
"GAACATCCACGGATAG","SRA526435","SRS1915196","Mus musculus","10x chromium","Cortex, hippocampus and subventricular zone","GAACATCCACGGATAG",1410,2379,35,0.0147120638923918,"Unknown"
"GAACATCGTAAACGCG","SRA526435","SRS1915196","Mus musculus","10x chromium","Cortex, hippocampus and subventricular zone","GAACATCGTAAACGCG",1984,3837,66,0.0172009382329945,"Unknown"
"GAACATCGTATAGGTA","SRA526435","SRS1915196","Mus musculus","10x chromium","Cortex, hippocampus and subventricular zone","GAACATCGTATAGGTA",2191,4943,64,0.0129476026704431,"Unknown"
"GAACATCGTATATCCG","SRA526435","SRS1915196","Mus musculus","10x chromium","Cortex, hippocampus and subventricular zone","GAACATCGTATATCCG",2763,6069,87,0.0143351458230351,"Unknown"
"GAACATCGTCGGATCC","SRA526435","SRS1915196","Mus musculus","10x chromium","Cortex, hippocampus and subventricular zone","GAACATCGTCGGATCC",2136,4027,55,0.0136578097839583,"Unknown"
"GAACATCGTGACTCAT","SRA526435","SRS1915196","Mus musculus","10x chromium","Cortex, hippocampus and subventricular zone","GAACATCGTGACTCAT",3913,10889,112,0.010285609330517,"Unknown"
"GAACATCTCAACCAAC","SRA526435","SRS1915196","Mus musculus","10x chromium","Cortex, hippocampus and subventricular zone","GAACATCTCAACCAAC",1317,2193,51,0.0232558139534884,"Unknown"
"GAACATCTCCGCAAGC","SRA526435","SRS1915196","Mus musculus","10x chromium","Cortex, hippocampus and subventricular zone","GAACATCTCCGCAAGC",2422,4122,70,0.0169820475497331,"Unknown"
"GAACATCTCGAACGGA","SRA526435","SRS1915196","Mus musculus","10x chromium","Cortex, hippocampus and subventricular zone","GAACATCTCGAACGGA",2510,5297,98,0.0185010383235794,"Unknown"
"GAACATCTCTCAAGTG","SRA526435","SRS1915196","Mus musculus","10x chromium","Cortex, hippocampus and subventricular zone","GAACATCTCTCAAGTG",2626,6122,108,0.017641293694871,"Unknown"
"GAACCTAAGGAGTCTG","SRA526435","SRS1915196","Mus musculus","10x chromium","Cortex, hippocampus and subventricular zone","GAACCTAAGGAGTCTG",2826,6059,55,0.0090774055124608,"Unknown"
"GAACCTAAGTGGGCTA","SRA526435","SRS1915196","Mus musculus","10x chromium","Cortex, hippocampus and subventricular zone","GAACCTAAGTGGGCTA",1854,3904,52,0.0133196721311475,"Unknown"
"GAACCTACAAGCCATT","SRA526435","SRS1915196","Mus musculus","10x chromium","Cortex, hippocampus and subventricular zone","GAACCTACAAGCCATT",2656,6013,66,0.0109762181939132,"Unknown"
"GAACCTACACCGTTGG","SRA526435","SRS1915196","Mus musculus","10x chromium","Cortex, hippocampus and subventricular zone","GAACCTACACCGTTGG",2346,5026,40,0.00795861520095503,"Unknown"
"GAACCTACATATGGTC","SRA526435","SRS1915196","Mus musculus","10x chromium","Cortex, hippocampus and subventricular zone","GAACCTACATATGGTC",3478,7919,73,0.00921833564844046,"Unknown"
"GAACCTACATGAGCGA","SRA526435","SRS1915196","Mus musculus","10x chromium","Cortex, hippocampus and subventricular zone","GAACCTACATGAGCGA",1875,3827,54,0.0141102691403188,"Unknown"
"GAACCTAGTCATCGGC","SRA526435","SRS1915196","Mus musculus","10x chromium","Cortex, hippocampus and subventricular zone","GAACCTAGTCATCGGC",3703,9906,129,0.0130224106602059,"Unknown"
"GAACCTAGTCCTAGCG","SRA526435","SRS1915196","Mus musculus","10x chromium","Cortex, hippocampus and subventricular zone","GAACCTAGTCCTAGCG",2684,5917,44,0.00743620077742099,"Unknown"
"GAACCTAGTCGCATCG","SRA526435","SRS1915196","Mus musculus","10x chromium","Cortex, hippocampus and subventricular zone","GAACCTAGTCGCATCG",105,1899,9,0.004739336492891,"Erythroid-like and erythroid precursor cells"
"GAACCTAGTCTCTTTA","SRA526435","SRS1915196","Mus musculus","10x chromium","Cortex, hippocampus and subventricular zone","GAACCTAGTCTCTTTA",1628,3215,45,0.0139968895800933,"Unknown"
"GAACCTAGTGTGGCTC","SRA526435","SRS1915196","Mus musculus","10x chromium","Cortex, hippocampus and subventricular zone","GAACCTAGTGTGGCTC",2497,5894,99,0.0167967424499491,"Unknown"
"GAACCTAGTTAAAGTG","SRA526435","SRS1915196","Mus musculus","10x chromium","Cortex, hippocampus and subventricular zone","GAACCTAGTTAAAGTG",2198,5245,47,0.00896091515729266,"Unknown"
"GAACCTAGTTCCAACA","SRA526435","SRS1915196","Mus musculus","10x chromium","Cortex, hippocampus and subventricular zone","GAACCTAGTTCCAACA",900,1541,32,0.0207657365347177,"Unknown"
"GAACCTATCAACGGGA","SRA526435","SRS1915196","Mus musculus","10x chromium","Cortex, hippocampus and subventricular zone","GAACCTATCAACGGGA",2370,4908,62,0.0126324368378158,"Unknown"
"GAACCTATCAGTCAGT","SRA526435","SRS1915196","Mus musculus","10x chromium","Cortex, hippocampus and subventricular zone","GAACCTATCAGTCAGT",1010,1535,29,0.0188925081433225,"Unknown"
"GAACCTATCCCACTTG","SRA526435","SRS1915196","Mus musculus","10x chromium","Cortex, hippocampus and subventricular zone","GAACCTATCCCACTTG",1552,2967,31,0.010448264239973,"Unknown"
"GAACCTATCCGCTGTT","SRA526435","SRS1915196","Mus musculus","10x chromium","Cortex, hippocampus and subventricular zone","GAACCTATCCGCTGTT",2233,4653,45,0.00967117988394584,"Unknown"
"GAACCTATCCTCTAGC","SRA526435","SRS1915196","Mus musculus","10x chromium","Cortex, hippocampus and subventricular zone","GAACCTATCCTCTAGC",940,1317,8,0.00607441154138193,"Unknown"
"GAACCTATCGATGAGG","SRA526435","SRS1915196","Mus musculus","10x chromium","Cortex, hippocampus and subventricular zone","GAACCTATCGATGAGG",2127,4487,74,0.0164920882549588,"Unknown"
"GAACCTATCGGTTCGG","SRA526435","SRS1915196","Mus musculus","10x chromium","Cortex, hippocampus and subventricular zone","GAACCTATCGGTTCGG",2382,5160,63,0.0122093023255814,"Unknown"
"GAACCTATCTCCGGTT","SRA526435","SRS1915196","Mus musculus","10x chromium","Cortex, hippocampus and subventricular zone","GAACCTATCTCCGGTT",962,1476,37,0.0250677506775068,"Unknown"
"GAACCTATCTTCGAGA","SRA526435","SRS1915196","Mus musculus","10x chromium","Cortex, hippocampus and subventricular zone","GAACCTATCTTCGAGA",2178,4221,44,0.0104240701255627,"Unknown"
"GAACCTATCTTGTACT","SRA526435","SRS1915196","Mus musculus","10x chromium","Cortex, hippocampus and subventricular zone","GAACCTATCTTGTACT",3773,10410,64,0.00614793467819404,"Unknown"
"GAACGGAAGAGCTATA","SRA526435","SRS1915196","Mus musculus","10x chromium","Cortex, hippocampus and subventricular zone","GAACGGAAGAGCTATA",1017,1503,81,0.0538922155688623,"Cajal-Retzius cells"
"GAACGGAAGGTACTCT","SRA526435","SRS1915196","Mus musculus","10x chromium","Cortex, hippocampus and subventricular zone","GAACGGAAGGTACTCT",2966,8210,129,0.0157125456760049,"Unknown"
"GAACGGAAGGTTCCTA","SRA526435","SRS1915196","Mus musculus","10x chromium","Cortex, hippocampus and subventricular zone","GAACGGAAGGTTCCTA",846,1408,2,0.00142045454545455,"Endothelial cells"
"GAACGGAAGTATCTCG","SRA526435","SRS1915196","Mus musculus","10x chromium","Cortex, hippocampus and subventricular zone","GAACGGAAGTATCTCG",1832,3804,40,0.010515247108307,"Unknown"
"GAACGGACAAAGGTGC","SRA526435","SRS1915196","Mus musculus","10x chromium","Cortex, hippocampus and subventricular zone","GAACGGACAAAGGTGC",2284,5067,53,0.0104598381685415,"Unknown"
"GAACGGACAGGGCATA","SRA526435","SRS1915196","Mus musculus","10x chromium","Cortex, hippocampus and subventricular zone","GAACGGACAGGGCATA",2516,5774,72,0.0124696917215102,"Unknown"
"GAACGGACAGTCAGAG","SRA526435","SRS1915196","Mus musculus","10x chromium","Cortex, hippocampus and subventricular zone","GAACGGACAGTCAGAG",2738,6833,102,0.0149275574418264,"Unknown"
"GAACGGACATGCCACG","SRA526435","SRS1915196","Mus musculus","10x chromium","Cortex, hippocampus and subventricular zone","GAACGGACATGCCACG",3608,10409,113,0.0108559900086464,"Unknown"
"GAACGGAGTAATAGCA","SRA526435","SRS1915196","Mus musculus","10x chromium","Cortex, hippocampus and subventricular zone","GAACGGAGTAATAGCA",2160,4623,30,0.00648929266709929,"Unknown"
"GAACGGAGTAATCACC","SRA526435","SRS1915196","Mus musculus","10x chromium","Cortex, hippocampus and subventricular zone","GAACGGAGTAATCACC",1615,3098,44,0.0142027114267269,"Unknown"
"GAACGGAGTACTCAAC","SRA526435","SRS1915196","Mus musculus","10x chromium","Cortex, hippocampus and subventricular zone","GAACGGAGTACTCAAC",1494,2708,84,0.0310192023633678,"Unknown"
"GAACGGAGTAGAAGGA","SRA526435","SRS1915196","Mus musculus","10x chromium","Cortex, hippocampus and subventricular zone","GAACGGAGTAGAAGGA",2667,5939,78,0.0131335241623169,"Unknown"
"GAACGGAGTCATCCCT","SRA526435","SRS1915196","Mus musculus","10x chromium","Cortex, hippocampus and subventricular zone","GAACGGAGTCATCCCT",1543,2991,46,0.0153794717485791,"Unknown"
"GAACGGAGTGTCGCTG","SRA526435","SRS1915196","Mus musculus","10x chromium","Cortex, hippocampus and subventricular zone","GAACGGAGTGTCGCTG",1151,1776,8,0.0045045045045045,"Unknown"
"GAACGGAGTTAGATGA","SRA526435","SRS1915196","Mus musculus","10x chromium","Cortex, hippocampus and subventricular zone","GAACGGAGTTAGATGA",2837,7215,87,0.0120582120582121,"Unknown"
"GAACGGATCAATAAGG","SRA526435","SRS1915196","Mus musculus","10x chromium","Cortex, hippocampus and subventricular zone","GAACGGATCAATAAGG",2454,6097,51,0.00836476955879941,"Unknown"
"GAACGGATCATCGCTC","SRA526435","SRS1915196","Mus musculus","10x chromium","Cortex, hippocampus and subventricular zone","GAACGGATCATCGCTC",2775,6074,85,0.0139940730984524,"Unknown"
"GAACGGATCCACGTTC","SRA526435","SRS1915196","Mus musculus","10x chromium","Cortex, hippocampus and subventricular zone","GAACGGATCCACGTTC",2364,4850,72,0.0148453608247423,"Unknown"
"GAAGCAGAGCATGGCA","SRA526435","SRS1915196","Mus musculus","10x chromium","Cortex, hippocampus and subventricular zone","GAAGCAGAGCATGGCA",3057,7540,78,0.0103448275862069,"Unknown"
"GAAGCAGAGGCGACAT","SRA526435","SRS1915196","Mus musculus","10x chromium","Cortex, hippocampus and subventricular zone","GAAGCAGAGGCGACAT",1494,2730,54,0.0197802197802198,"Unknown"
"GAAGCAGAGGCGCTCT","SRA526435","SRS1915196","Mus musculus","10x chromium","Cortex, hippocampus and subventricular zone","GAAGCAGAGGCGCTCT",1991,4244,63,0.0148444863336475,"Unknown"
"GAAGCAGAGGGCACTA","SRA526435","SRS1915196","Mus musculus","10x chromium","Cortex, hippocampus and subventricular zone","GAAGCAGAGGGCACTA",1648,3103,51,0.0164357073799549,"Unknown"
"GAAGCAGAGGTGATAT","SRA526435","SRS1915196","Mus musculus","10x chromium","Cortex, hippocampus and subventricular zone","GAAGCAGAGGTGATAT",716,1172,23,0.0196245733788396,"Unknown"
"GAAGCAGAGTAACCCT","SRA526435","SRS1915196","Mus musculus","10x chromium","Cortex, hippocampus and subventricular zone","GAAGCAGAGTAACCCT",2492,5568,56,0.0100574712643678,"Unknown"
"GAAGCAGCAAAGTCAA","SRA526435","SRS1915196","Mus musculus","10x chromium","Cortex, hippocampus and subventricular zone","GAAGCAGCAAAGTCAA",2284,5570,44,0.00789946140035907,"Unknown"
"GAAGCAGCAATCCAAC","SRA526435","SRS1915196","Mus musculus","10x chromium","Cortex, hippocampus and subventricular zone","GAAGCAGCAATCCAAC",3312,9371,55,0.00586917084622772,"Unknown"
"GAAGCAGCAATCGGTT","SRA526435","SRS1915196","Mus musculus","10x chromium","Cortex, hippocampus and subventricular zone","GAAGCAGCAATCGGTT",1835,3238,59,0.0182211241507103,"Pericytes"
"GAAGCAGCACACATGT","SRA526435","SRS1915196","Mus musculus","10x chromium","Cortex, hippocampus and subventricular zone","GAAGCAGCACACATGT",2175,4237,80,0.0188812839273071,"Unknown"
"GAAGCAGCAGAAGCAC","SRA526435","SRS1915196","Mus musculus","10x chromium","Cortex, hippocampus and subventricular zone","GAAGCAGCAGAAGCAC",2541,6021,80,0.0132868294303272,"Unknown"
"GAAGCAGCATATGAGA","SRA526435","SRS1915196","Mus musculus","10x chromium","Cortex, hippocampus and subventricular zone","GAAGCAGCATATGAGA",2764,6646,82,0.0123382485705688,"Unknown"
"GAAGCAGGTACCGGCT","SRA526435","SRS1915196","Mus musculus","10x chromium","Cortex, hippocampus and subventricular zone","GAAGCAGGTACCGGCT",3181,8586,88,0.0102492429536455,"Unknown"
"GAAGCAGGTCGACTAT","SRA526435","SRS1915196","Mus musculus","10x chromium","Cortex, hippocampus and subventricular zone","GAAGCAGGTCGACTAT",1487,2650,24,0.00905660377358491,"Unknown"
"GAAGCAGGTTACCAGT","SRA526435","SRS1915196","Mus musculus","10x chromium","Cortex, hippocampus and subventricular zone","GAAGCAGGTTACCAGT",2316,5253,60,0.0114220445459737,"Unknown"
"GAAGCAGTCCTCAACC","SRA526435","SRS1915196","Mus musculus","10x chromium","Cortex, hippocampus and subventricular zone","GAAGCAGTCCTCAACC",2532,5458,66,0.0120923415170392,"Unknown"
"GAAGCAGTCGAACGGA","SRA526435","SRS1915196","Mus musculus","10x chromium","Cortex, hippocampus and subventricular zone","GAAGCAGTCGAACGGA",1498,2802,42,0.0149892933618844,"Unknown"
"GAAGCAGTCGAACTGT","SRA526435","SRS1915196","Mus musculus","10x chromium","Cortex, hippocampus and subventricular zone","GAAGCAGTCGAACTGT",2123,4380,49,0.0111872146118721,"Unknown"
"GAAGCAGTCGCCCTTA","SRA526435","SRS1915196","Mus musculus","10x chromium","Cortex, hippocampus and subventricular zone","GAAGCAGTCGCCCTTA",2898,15380,77,0.00500650195058518,"Erythroid-like and erythroid precursor cells"
"GAAGCAGTCTTCATGT","SRA526435","SRS1915196","Mus musculus","10x chromium","Cortex, hippocampus and subventricular zone","GAAGCAGTCTTCATGT",2489,5298,82,0.0154775386938467,"Unknown"
"GAAGCAGTCTTGTCAT","SRA526435","SRS1915196","Mus musculus","10x chromium","Cortex, hippocampus and subventricular zone","GAAGCAGTCTTGTCAT",2847,6340,106,0.0167192429022082,"Unknown"
"GAATAAGCACCAGCAC","SRA526435","SRS1915196","Mus musculus","10x chromium","Cortex, hippocampus and subventricular zone","GAATAAGCACCAGCAC",2072,4108,53,0.0129016553067186,"Unknown"
"GAATAAGCACGAAGCA","SRA526435","SRS1915196","Mus musculus","10x chromium","Cortex, hippocampus and subventricular zone","GAATAAGCACGAAGCA",835,1193,39,0.0326906957250629,"Unknown"
"GAATAAGCATACGCTA","SRA526435","SRS1915196","Mus musculus","10x chromium","Cortex, hippocampus and subventricular zone","GAATAAGCATACGCTA",1773,3591,26,0.00724032302979671,"Unknown"
"GAATAAGCATGATCCA","SRA526435","SRS1915196","Mus musculus","10x chromium","Cortex, hippocampus and subventricular zone","GAATAAGCATGATCCA",2175,4407,43,0.00975720444746993,"Unknown"
"GAATAAGCATGTAAGA","SRA526435","SRS1915196","Mus musculus","10x chromium","Cortex, hippocampus and subventricular zone","GAATAAGCATGTAAGA",2141,4614,47,0.0101863892501084,"Unknown"
"GAATAAGCATTAACCG","SRA526435","SRS1915196","Mus musculus","10x chromium","Cortex, hippocampus and subventricular zone","GAATAAGCATTAACCG",3457,9246,99,0.0107073329007138,"Unknown"
"GAATAAGCATTGCGGC","SRA526435","SRS1915196","Mus musculus","10x chromium","Cortex, hippocampus and subventricular zone","GAATAAGCATTGCGGC",121,2643,6,0.00227014755959137,"Erythroid-like and erythroid precursor cells"
"GAATAAGGTAGCCTAT","SRA526435","SRS1915196","Mus musculus","10x chromium","Cortex, hippocampus and subventricular zone","GAATAAGGTAGCCTAT",771,1080,61,0.0564814814814815,"Unknown"
"GAATAAGGTCAATACC","SRA526435","SRS1915196","Mus musculus","10x chromium","Cortex, hippocampus and subventricular zone","GAATAAGGTCAATACC",4626,14198,151,0.010635300746584,"Unknown"
"GAATAAGGTCGGGTCT","SRA526435","SRS1915196","Mus musculus","10x chromium","Cortex, hippocampus and subventricular zone","GAATAAGGTCGGGTCT",2568,5308,51,0.00960813865862849,"Unknown"
"GAATAAGGTGACCAAG","SRA526435","SRS1915196","Mus musculus","10x chromium","Cortex, hippocampus and subventricular zone","GAATAAGGTGACCAAG",2352,4592,127,0.0276567944250871,"Pericytes"
"GAATAAGGTGCTAGCC","SRA526435","SRS1915196","Mus musculus","10x chromium","Cortex, hippocampus and subventricular zone","GAATAAGGTGCTAGCC",2425,5917,91,0.0153794152442116,"Unknown"
"GAATAAGGTGTGACCC","SRA526435","SRS1915196","Mus musculus","10x chromium","Cortex, hippocampus and subventricular zone","GAATAAGGTGTGACCC",1983,4337,75,0.0172930597186996,"Unknown"
"GAATAAGGTTATTCTC","SRA526435","SRS1915196","Mus musculus","10x chromium","Cortex, hippocampus and subventricular zone","GAATAAGGTTATTCTC",2837,6874,51,0.00741926098341577,"Unknown"
"GAATAAGGTTCAGTAC","SRA526435","SRS1915196","Mus musculus","10x chromium","Cortex, hippocampus and subventricular zone","GAATAAGGTTCAGTAC",2026,4232,72,0.0170132325141777,"Unknown"
"GAATAAGTCACCAGGC","SRA526435","SRS1915196","Mus musculus","10x chromium","Cortex, hippocampus and subventricular zone","GAATAAGTCACCAGGC",2096,4400,67,0.0152272727272727,"Unknown"
"GAATAAGTCCTATTCA","SRA526435","SRS1915196","Mus musculus","10x chromium","Cortex, hippocampus and subventricular zone","GAATAAGTCCTATTCA",947,1388,75,0.0540345821325648,"Unknown"
"GAATAAGTCGTGGACC","SRA526435","SRS1915196","Mus musculus","10x chromium","Cortex, hippocampus and subventricular zone","GAATAAGTCGTGGACC",2311,4736,91,0.019214527027027,"Unknown"
"GAATAAGTCGTGGTCG","SRA526435","SRS1915196","Mus musculus","10x chromium","Cortex, hippocampus and subventricular zone","GAATAAGTCGTGGTCG",1565,2846,31,0.0108924806746311,"Unknown"
"GAATAAGTCGTTACAG","SRA526435","SRS1915196","Mus musculus","10x chromium","Cortex, hippocampus and subventricular zone","GAATAAGTCGTTACAG",1904,4014,44,0.0109616342800199,"Unknown"
"GAATAAGTCTTGCATT","SRA526435","SRS1915196","Mus musculus","10x chromium","Cortex, hippocampus and subventricular zone","GAATAAGTCTTGCATT",1189,1968,31,0.0157520325203252,"Unknown"
"GAATGAAAGACTAGGC","SRA526435","SRS1915196","Mus musculus","10x chromium","Cortex, hippocampus and subventricular zone","GAATGAAAGACTAGGC",2053,4279,43,0.0100490768871232,"Unknown"
"GAATGAAAGAGCTTCT","SRA526435","SRS1915196","Mus musculus","10x chromium","Cortex, hippocampus and subventricular zone","GAATGAAAGAGCTTCT",2888,7382,78,0.010566242210783,"Unknown"
"GAATGAAAGATAGGAG","SRA526435","SRS1915196","Mus musculus","10x chromium","Cortex, hippocampus and subventricular zone","GAATGAAAGATAGGAG",2883,7345,110,0.0149761742682097,"Unknown"
"GAATGAAAGTTATCGC","SRA526435","SRS1915196","Mus musculus","10x chromium","Cortex, hippocampus and subventricular zone","GAATGAAAGTTATCGC",3372,8825,124,0.0140509915014164,"Unknown"
"GAATGAACAAGGTTCT","SRA526435","SRS1915196","Mus musculus","10x chromium","Cortex, hippocampus and subventricular zone","GAATGAACAAGGTTCT",2763,6130,38,0.00619902120717781,"Unknown"
"GAATGAACAATCGGTT","SRA526435","SRS1915196","Mus musculus","10x chromium","Cortex, hippocampus and subventricular zone","GAATGAACAATCGGTT",1855,3935,65,0.0165184243964422,"Unknown"
"GAATGAACACGTCAGC","SRA526435","SRS1915196","Mus musculus","10x chromium","Cortex, hippocampus and subventricular zone","GAATGAACACGTCAGC",1441,2509,23,0.0091669988043045,"Unknown"
"GAATGAACAGACGTAG","SRA526435","SRS1915196","Mus musculus","10x chromium","Cortex, hippocampus and subventricular zone","GAATGAACAGACGTAG",1804,3419,44,0.012869260017549,"Unknown"
"GAATGAACAGCTCGCA","SRA526435","SRS1915196","Mus musculus","10x chromium","Cortex, hippocampus and subventricular zone","GAATGAACAGCTCGCA",730,1171,44,0.0375747224594364,"Unknown"
"GAATGAACAGTTCCCT","SRA526435","SRS1915196","Mus musculus","10x chromium","Cortex, hippocampus and subventricular zone","GAATGAACAGTTCCCT",1572,2866,46,0.0160502442428472,"Unknown"
"GAATGAAGTCGCGAAA","SRA526435","SRS1915196","Mus musculus","10x chromium","Cortex, hippocampus and subventricular zone","GAATGAAGTCGCGAAA",2692,5882,46,0.00782046922815369,"Unknown"
"GAATGAAGTCTCACCT","SRA526435","SRS1915196","Mus musculus","10x chromium","Cortex, hippocampus and subventricular zone","GAATGAAGTCTCACCT",2543,5799,77,0.0132781514054147,"Unknown"
"GAATGAAGTGACGCCT","SRA526435","SRS1915196","Mus musculus","10x chromium","Cortex, hippocampus and subventricular zone","GAATGAAGTGACGCCT",2699,6026,44,0.00730169266511782,"Unknown"
"GAATGAAGTGCACTTA","SRA526435","SRS1915196","Mus musculus","10x chromium","Cortex, hippocampus and subventricular zone","GAATGAAGTGCACTTA",2284,5190,42,0.00809248554913295,"Unknown"
"GAATGAAGTGTGTGCC","SRA526435","SRS1915196","Mus musculus","10x chromium","Cortex, hippocampus and subventricular zone","GAATGAAGTGTGTGCC",1832,3604,81,0.0224750277469478,"Unknown"
"GAATGAATCAAACAAG","SRA526435","SRS1915196","Mus musculus","10x chromium","Cortex, hippocampus and subventricular zone","GAATGAATCAAACAAG",3045,7328,57,0.00777838427947598,"Unknown"
"GAATGAATCAACACAC","SRA526435","SRS1915196","Mus musculus","10x chromium","Cortex, hippocampus and subventricular zone","GAATGAATCAACACAC",1479,3309,53,0.0160169235418555,"Unknown"
"GAATGAATCAGTCCCT","SRA526435","SRS1915196","Mus musculus","10x chromium","Cortex, hippocampus and subventricular zone","GAATGAATCAGTCCCT",746,1062,59,0.0555555555555556,"Unknown"
"GAATGAATCATAAAGG","SRA526435","SRS1915196","Mus musculus","10x chromium","Cortex, hippocampus and subventricular zone","GAATGAATCATAAAGG",2020,4308,43,0.00998142989786444,"Unknown"
"GAATGAATCGCGTTTC","SRA526435","SRS1915196","Mus musculus","10x chromium","Cortex, hippocampus and subventricular zone","GAATGAATCGCGTTTC",2286,4924,63,0.0127944760357433,"Unknown"
"GAATGAATCGGACAAG","SRA526435","SRS1915196","Mus musculus","10x chromium","Cortex, hippocampus and subventricular zone","GAATGAATCGGACAAG",2718,6444,63,0.00977653631284916,"Unknown"
"GAATGAATCTGTGCAA","SRA526435","SRS1915196","Mus musculus","10x chromium","Cortex, hippocampus and subventricular zone","GAATGAATCTGTGCAA",1680,3011,30,0.00996346728661574,"Unknown"
"GACACGCAGCGTTTAC","SRA526435","SRS1915196","Mus musculus","10x chromium","Cortex, hippocampus and subventricular zone","GACACGCAGCGTTTAC",1608,2866,40,0.0139567341242149,"Unknown"
"GACACGCAGCTAGCCC","SRA526435","SRS1915196","Mus musculus","10x chromium","Cortex, hippocampus and subventricular zone","GACACGCAGCTAGCCC",1864,3505,27,0.00770328102710414,"Unknown"
"GACACGCAGGAGTTGC","SRA526435","SRS1915196","Mus musculus","10x chromium","Cortex, hippocampus and subventricular zone","GACACGCAGGAGTTGC",1593,2883,48,0.0166493236212279,"Unknown"
"GACACGCAGGGAAACA","SRA526435","SRS1915196","Mus musculus","10x chromium","Cortex, hippocampus and subventricular zone","GACACGCAGGGAAACA",2438,4905,50,0.0101936799184506,"Unknown"
"GACACGCAGTACCGGA","SRA526435","SRS1915196","Mus musculus","10x chromium","Cortex, hippocampus and subventricular zone","GACACGCAGTACCGGA",2289,4703,36,0.00765468849670423,"Unknown"
"GACACGCAGTGTTAGA","SRA526435","SRS1915196","Mus musculus","10x chromium","Cortex, hippocampus and subventricular zone","GACACGCAGTGTTAGA",2888,7098,100,0.0140884756269372,"Unknown"
"GACACGCCAAGTCTAC","SRA526435","SRS1915196","Mus musculus","10x chromium","Cortex, hippocampus and subventricular zone","GACACGCCAAGTCTAC",1831,3639,59,0.0162132453970871,"Unknown"
"GACACGCCACAGACAG","SRA526435","SRS1915196","Mus musculus","10x chromium","Cortex, hippocampus and subventricular zone","GACACGCCACAGACAG",2319,4933,44,0.00891952158929657,"Unknown"
"GACACGCCACGAGGTA","SRA526435","SRS1915196","Mus musculus","10x chromium","Cortex, hippocampus and subventricular zone","GACACGCCACGAGGTA",1930,3502,39,0.0111364934323244,"Unknown"
"GACACGCCACGGTAAG","SRA526435","SRS1915196","Mus musculus","10x chromium","Cortex, hippocampus and subventricular zone","GACACGCCACGGTAAG",2712,6779,92,0.0135713232040124,"Unknown"
"GACACGCCAGACGCCT","SRA526435","SRS1915196","Mus musculus","10x chromium","Cortex, hippocampus and subventricular zone","GACACGCCAGACGCCT",2298,4609,79,0.0171403775222391,"Unknown"
"GACACGCCATAAAGGT","SRA526435","SRS1915196","Mus musculus","10x chromium","Cortex, hippocampus and subventricular zone","GACACGCCATAAAGGT",2722,5997,47,0.00783725195931299,"Unknown"
"GACACGCGTCCGAAGA","SRA526435","SRS1915196","Mus musculus","10x chromium","Cortex, hippocampus and subventricular zone","GACACGCGTCCGAAGA",1519,2677,34,0.0127007844602167,"Unknown"
"GACACGCGTGTGAAAT","SRA526435","SRS1915196","Mus musculus","10x chromium","Cortex, hippocampus and subventricular zone","GACACGCGTGTGAAAT",1638,3122,40,0.0128122998078155,"Unknown"
"GACACGCGTTCCCTTG","SRA526435","SRS1915196","Mus musculus","10x chromium","Cortex, hippocampus and subventricular zone","GACACGCGTTCCCTTG",2237,4466,48,0.0107478728168383,"Unknown"
"GACACGCGTTTAGCTG","SRA526435","SRS1915196","Mus musculus","10x chromium","Cortex, hippocampus and subventricular zone","GACACGCGTTTAGCTG",1125,1874,45,0.0240128068303095,"Unknown"
"GACACGCTCAGAAATG","SRA526435","SRS1915196","Mus musculus","10x chromium","Cortex, hippocampus and subventricular zone","GACACGCTCAGAAATG",2588,6244,71,0.0113709160794363,"Endothelial cells"
"GACACGCTCAGAGGTG","SRA526435","SRS1915196","Mus musculus","10x chromium","Cortex, hippocampus and subventricular zone","GACACGCTCAGAGGTG",2346,5342,72,0.0134780980906028,"Unknown"
"GACACGCTCAGTTGAC","SRA526435","SRS1915196","Mus musculus","10x chromium","Cortex, hippocampus and subventricular zone","GACACGCTCAGTTGAC",2269,4359,51,0.0116999311768754,"Unknown"
"GACACGCTCCTATTCA","SRA526435","SRS1915196","Mus musculus","10x chromium","Cortex, hippocampus and subventricular zone","GACACGCTCCTATTCA",1517,2492,39,0.0156500802568218,"Unknown"
"GACACGCTCCTCCTAG","SRA526435","SRS1915196","Mus musculus","10x chromium","Cortex, hippocampus and subventricular zone","GACACGCTCCTCCTAG",2635,6005,59,0.00982514571190674,"Unknown"
"GACACGCTCGCTTGTC","SRA526435","SRS1915196","Mus musculus","10x chromium","Cortex, hippocampus and subventricular zone","GACACGCTCGCTTGTC",966,1436,18,0.0125348189415042,"Unknown"
"GACACGCTCTACTCAT","SRA526435","SRS1915196","Mus musculus","10x chromium","Cortex, hippocampus and subventricular zone","GACACGCTCTACTCAT",99,1070,8,0.00747663551401869,"Erythroid-like and erythroid precursor cells"
"GACAGAGAGCAATATG","SRA526435","SRS1915196","Mus musculus","10x chromium","Cortex, hippocampus and subventricular zone","GACAGAGAGCAATATG",1730,3069,28,0.00912349299446074,"Unknown"
"GACAGAGAGCTAACAA","SRA526435","SRS1915196","Mus musculus","10x chromium","Cortex, hippocampus and subventricular zone","GACAGAGAGCTAACAA",2907,6713,59,0.00878891702666468,"Unknown"
"GACAGAGAGGACAGCT","SRA526435","SRS1915196","Mus musculus","10x chromium","Cortex, hippocampus and subventricular zone","GACAGAGAGGACAGCT",2887,6949,54,0.00777090228809901,"Unknown"
"GACAGAGCAAGTCTAC","SRA526435","SRS1915196","Mus musculus","10x chromium","Cortex, hippocampus and subventricular zone","GACAGAGCAAGTCTAC",1254,2367,21,0.00887198986058302,"Unknown"
"GACAGAGCAATGAAAC","SRA526435","SRS1915196","Mus musculus","10x chromium","Cortex, hippocampus and subventricular zone","GACAGAGCAATGAAAC",3561,9666,92,0.00951789778605421,"Cajal-Retzius cells"
"GACAGAGCACGAAGCA","SRA526435","SRS1915196","Mus musculus","10x chromium","Cortex, hippocampus and subventricular zone","GACAGAGCACGAAGCA",2250,4550,52,0.0114285714285714,"Unknown"
"GACAGAGCAGTATGCT","SRA526435","SRS1915196","Mus musculus","10x chromium","Cortex, hippocampus and subventricular zone","GACAGAGCAGTATGCT",3618,10221,143,0.0139908032482145,"Unknown"
"GACAGAGGTAGCAAAT","SRA526435","SRS1915196","Mus musculus","10x chromium","Cortex, hippocampus and subventricular zone","GACAGAGGTAGCAAAT",2203,4363,74,0.0169608067843227,"Unknown"
"GACAGAGGTCGTGGCT","SRA526435","SRS1915196","Mus musculus","10x chromium","Cortex, hippocampus and subventricular zone","GACAGAGGTCGTGGCT",2215,4570,44,0.00962800875273523,"Unknown"
"GACAGAGGTCTTGTCC","SRA526435","SRS1915196","Mus musculus","10x chromium","Cortex, hippocampus and subventricular zone","GACAGAGGTCTTGTCC",2625,5750,53,0.00921739130434783,"Unknown"
"GACAGAGGTGATAAAC","SRA526435","SRS1915196","Mus musculus","10x chromium","Cortex, hippocampus and subventricular zone","GACAGAGGTGATAAAC",2408,5312,37,0.00696536144578313,"Unknown"
"GACAGAGGTGCTAGCC","SRA526435","SRS1915196","Mus musculus","10x chromium","Cortex, hippocampus and subventricular zone","GACAGAGGTGCTAGCC",2161,4514,17,0.00376606114311032,"Unknown"
"GACAGAGGTGTGAATA","SRA526435","SRS1915196","Mus musculus","10x chromium","Cortex, hippocampus and subventricular zone","GACAGAGGTGTGAATA",2451,5566,68,0.0122170319798778,"Unknown"
"GACAGAGTCCTCAACC","SRA526435","SRS1915196","Mus musculus","10x chromium","Cortex, hippocampus and subventricular zone","GACAGAGTCCTCAACC",2204,4561,92,0.0201710151282613,"Unknown"
"GACAGAGTCGCGTTTC","SRA526435","SRS1915196","Mus musculus","10x chromium","Cortex, hippocampus and subventricular zone","GACAGAGTCGCGTTTC",1436,2666,37,0.0138784696174044,"Unknown"
"GACAGAGTCTAGAGTC","SRA526435","SRS1915196","Mus musculus","10x chromium","Cortex, hippocampus and subventricular zone","GACAGAGTCTAGAGTC",1465,2849,32,0.0112320112320112,"Unknown"
"GACAGAGTCTGTCTAT","SRA526435","SRS1915196","Mus musculus","10x chromium","Cortex, hippocampus and subventricular zone","GACAGAGTCTGTCTAT",2441,5340,75,0.0140449438202247,"Unknown"
"GACCAATAGACTACAA","SRA526435","SRS1915196","Mus musculus","10x chromium","Cortex, hippocampus and subventricular zone","GACCAATAGACTACAA",2275,4926,64,0.0129922858302883,"Unknown"
"GACCAATAGAGACGAA","SRA526435","SRS1915196","Mus musculus","10x chromium","Cortex, hippocampus and subventricular zone","GACCAATAGAGACGAA",1544,3234,44,0.0136054421768707,"Unknown"
"GACCAATAGATATACG","SRA526435","SRS1915196","Mus musculus","10x chromium","Cortex, hippocampus and subventricular zone","GACCAATAGATATACG",1615,2909,52,0.0178755586112066,"Unknown"
"GACCAATAGCGCTTAT","SRA526435","SRS1915196","Mus musculus","10x chromium","Cortex, hippocampus and subventricular zone","GACCAATAGCGCTTAT",1052,1621,29,0.0178901912399753,"Unknown"
"GACCAATAGGGAACGG","SRA526435","SRS1915196","Mus musculus","10x chromium","Cortex, hippocampus and subventricular zone","GACCAATAGGGAACGG",1834,3414,34,0.00995899238429994,"Unknown"
"GACCAATAGTTACGGG","SRA526435","SRS1915196","Mus musculus","10x chromium","Cortex, hippocampus and subventricular zone","GACCAATAGTTACGGG",2905,7397,71,0.00959848587265108,"Unknown"
"GACCAATAGTTAGCGG","SRA526435","SRS1915196","Mus musculus","10x chromium","Cortex, hippocampus and subventricular zone","GACCAATAGTTAGCGG",1822,3406,67,0.0196711685261304,"Unknown"
"GACCAATCAATCCAAC","SRA526435","SRS1915196","Mus musculus","10x chromium","Cortex, hippocampus and subventricular zone","GACCAATCAATCCAAC",940,1355,32,0.0236162361623616,"Unknown"
"GACCAATCACGCATCG","SRA526435","SRS1915196","Mus musculus","10x chromium","Cortex, hippocampus and subventricular zone","GACCAATCACGCATCG",1536,2825,124,0.0438938053097345,"Unknown"
"GACCAATCAGGGAGAG","SRA526435","SRS1915196","Mus musculus","10x chromium","Cortex, hippocampus and subventricular zone","GACCAATCAGGGAGAG",1439,2580,36,0.013953488372093,"Unknown"
"GACCAATCAGTAAGAT","SRA526435","SRS1915196","Mus musculus","10x chromium","Cortex, hippocampus and subventricular zone","GACCAATCAGTAAGAT",1506,2469,69,0.0279465370595383,"Unknown"
"GACCAATCATCTGGTA","SRA526435","SRS1915196","Mus musculus","10x chromium","Cortex, hippocampus and subventricular zone","GACCAATCATCTGGTA",1133,1831,21,0.0114691425450573,"Unknown"
"GACCAATGTGAGTATA","SRA526435","SRS1915196","Mus musculus","10x chromium","Cortex, hippocampus and subventricular zone","GACCAATGTGAGTATA",2317,5005,71,0.0141858141858142,"Unknown"
"GACCAATGTGAGTGAC","SRA526435","SRS1915196","Mus musculus","10x chromium","Cortex, hippocampus and subventricular zone","GACCAATGTGAGTGAC",1323,2124,111,0.0522598870056497,"Unknown"
"GACCAATGTTCGTTGA","SRA526435","SRS1915196","Mus musculus","10x chromium","Cortex, hippocampus and subventricular zone","GACCAATGTTCGTTGA",1989,3811,44,0.0115455261086329,"Unknown"
"GACCAATTCAGCTCGG","SRA526435","SRS1915196","Mus musculus","10x chromium","Cortex, hippocampus and subventricular zone","GACCAATTCAGCTCGG",1749,4485,119,0.0265328874024526,"Microglia"
"GACCAATTCCACTCCA","SRA526435","SRS1915196","Mus musculus","10x chromium","Cortex, hippocampus and subventricular zone","GACCAATTCCACTCCA",812,1223,24,0.0196238757154538,"Unknown"
"GACCAATTCGAGCCCA","SRA526435","SRS1915196","Mus musculus","10x chromium","Cortex, hippocampus and subventricular zone","GACCAATTCGAGCCCA",84,1527,2,0.00130975769482646,"Erythroid-like and erythroid precursor cells"
"GACCAATTCGCAAACT","SRA526435","SRS1915196","Mus musculus","10x chromium","Cortex, hippocampus and subventricular zone","GACCAATTCGCAAACT",1573,2727,42,0.0154015401540154,"Unknown"
"GACCAATTCGTATCAG","SRA526435","SRS1915196","Mus musculus","10x chromium","Cortex, hippocampus and subventricular zone","GACCAATTCGTATCAG",1879,3851,64,0.0166190599844196,"Unknown"
"GACCAATTCTAGAGTC","SRA526435","SRS1915196","Mus musculus","10x chromium","Cortex, hippocampus and subventricular zone","GACCAATTCTAGAGTC",2071,4225,48,0.0113609467455621,"Unknown"
"GACCAATTCTTGTCAT","SRA526435","SRS1915196","Mus musculus","10x chromium","Cortex, hippocampus and subventricular zone","GACCAATTCTTGTCAT",2520,5813,70,0.012041974883881,"Unknown"
"GACCTGGAGACAATAC","SRA526435","SRS1915196","Mus musculus","10x chromium","Cortex, hippocampus and subventricular zone","GACCTGGAGACAATAC",1872,3688,45,0.0122017353579176,"Unknown"
"GACCTGGAGCGACGTA","SRA526435","SRS1915196","Mus musculus","10x chromium","Cortex, hippocampus and subventricular zone","GACCTGGAGCGACGTA",880,1862,27,0.014500537056928,"Unknown"
"GACCTGGAGCGGCTTC","SRA526435","SRS1915196","Mus musculus","10x chromium","Cortex, hippocampus and subventricular zone","GACCTGGAGCGGCTTC",1866,3628,39,0.0107497243660419,"Unknown"
"GACCTGGAGGCAGGTT","SRA526435","SRS1915196","Mus musculus","10x chromium","Cortex, hippocampus and subventricular zone","GACCTGGAGGCAGGTT",3214,7910,94,0.0118836915297092,"Unknown"
"GACCTGGCAAGTCATC","SRA526435","SRS1915196","Mus musculus","10x chromium","Cortex, hippocampus and subventricular zone","GACCTGGCAAGTCATC",1734,3343,81,0.024229733772061,"Unknown"
"GACCTGGCACAAGCCC","SRA526435","SRS1915196","Mus musculus","10x chromium","Cortex, hippocampus and subventricular zone","GACCTGGCACAAGCCC",2363,5340,74,0.0138576779026217,"Unknown"
"GACCTGGCACGGCGTT","SRA526435","SRS1915196","Mus musculus","10x chromium","Cortex, hippocampus and subventricular zone","GACCTGGCACGGCGTT",1622,2949,45,0.0152594099694812,"Unknown"
"GACCTGGCAGATTGCT","SRA526435","SRS1915196","Mus musculus","10x chromium","Cortex, hippocampus and subventricular zone","GACCTGGCAGATTGCT",3080,6907,37,0.00535688432025481,"Unknown"
"GACCTGGCAGCAGTTT","SRA526435","SRS1915196","Mus musculus","10x chromium","Cortex, hippocampus and subventricular zone","GACCTGGCAGCAGTTT",2281,4636,61,0.0131578947368421,"Unknown"
"GACCTGGCAGCCTATA","SRA526435","SRS1915196","Mus musculus","10x chromium","Cortex, hippocampus and subventricular zone","GACCTGGCAGCCTATA",941,1332,27,0.0202702702702703,"Unknown"
"GACCTGGCAGTTTACG","SRA526435","SRS1915196","Mus musculus","10x chromium","Cortex, hippocampus and subventricular zone","GACCTGGCAGTTTACG",1356,2379,51,0.021437578814628,"Unknown"
"GACCTGGCATCCAACA","SRA526435","SRS1915196","Mus musculus","10x chromium","Cortex, hippocampus and subventricular zone","GACCTGGCATCCAACA",1305,2115,66,0.0312056737588652,"Unknown"
"GACCTGGCATGCCTAA","SRA526435","SRS1915196","Mus musculus","10x chromium","Cortex, hippocampus and subventricular zone","GACCTGGCATGCCTAA",1316,2378,31,0.0130361648444071,"Unknown"
"GACCTGGGTAAGGATT","SRA526435","SRS1915196","Mus musculus","10x chromium","Cortex, hippocampus and subventricular zone","GACCTGGGTAAGGATT",2794,5906,115,0.0194717236708432,"Unknown"
"GACCTGGGTACCATCA","SRA526435","SRS1915196","Mus musculus","10x chromium","Cortex, hippocampus and subventricular zone","GACCTGGGTACCATCA",1399,2527,49,0.0193905817174515,"Unknown"
"GACCTGGGTATAATGG","SRA526435","SRS1915196","Mus musculus","10x chromium","Cortex, hippocampus and subventricular zone","GACCTGGGTATAATGG",2559,6433,79,0.012280429037774,"Unknown"
"GACCTGGGTATAGGGC","SRA526435","SRS1915196","Mus musculus","10x chromium","Cortex, hippocampus and subventricular zone","GACCTGGGTATAGGGC",1887,3590,37,0.0103064066852368,"Unknown"
"GACCTGGGTATAGGTA","SRA526435","SRS1915196","Mus musculus","10x chromium","Cortex, hippocampus and subventricular zone","GACCTGGGTATAGGTA",2302,4920,52,0.0105691056910569,"Unknown"
"GACCTGGGTCCAAGTT","SRA526435","SRS1915196","Mus musculus","10x chromium","Cortex, hippocampus and subventricular zone","GACCTGGGTCCAAGTT",3393,8918,58,0.0065037003812514,"Unknown"
"GACCTGGGTCGACTAT","SRA526435","SRS1915196","Mus musculus","10x chromium","Cortex, hippocampus and subventricular zone","GACCTGGGTCGACTAT",1344,2295,32,0.0139433551198257,"Unknown"
"GACCTGGGTGGCGAAT","SRA526435","SRS1915196","Mus musculus","10x chromium","Cortex, hippocampus and subventricular zone","GACCTGGGTGGCGAAT",2347,4370,105,0.0240274599542334,"Unknown"
"GACCTGGGTTACTGAC","SRA526435","SRS1915196","Mus musculus","10x chromium","Cortex, hippocampus and subventricular zone","GACCTGGGTTACTGAC",2383,5668,105,0.0185250529287227,"Unknown"
"GACCTGGGTTGGTTTG","SRA526435","SRS1915196","Mus musculus","10x chromium","Cortex, hippocampus and subventricular zone","GACCTGGGTTGGTTTG",1850,3698,49,0.013250405624662,"Unknown"
"GACCTGGGTTTGGGCC","SRA526435","SRS1915196","Mus musculus","10x chromium","Cortex, hippocampus and subventricular zone","GACCTGGGTTTGGGCC",1927,3526,47,0.0133295519001702,"Unknown"
"GACCTGGTCAGCACAT","SRA526435","SRS1915196","Mus musculus","10x chromium","Cortex, hippocampus and subventricular zone","GACCTGGTCAGCACAT",2178,4512,49,0.0108599290780142,"Unknown"
"GACCTGGTCCAATGGT","SRA526435","SRS1915196","Mus musculus","10x chromium","Cortex, hippocampus and subventricular zone","GACCTGGTCCAATGGT",2296,4566,51,0.0111695137976347,"Unknown"
"GACCTGGTCGGCGCTA","SRA526435","SRS1915196","Mus musculus","10x chromium","Cortex, hippocampus and subventricular zone","GACCTGGTCGGCGCTA",2379,4626,108,0.0233463035019455,"Unknown"
"GACCTGGTCTATCGCC","SRA526435","SRS1915196","Mus musculus","10x chromium","Cortex, hippocampus and subventricular zone","GACCTGGTCTATCGCC",1467,2486,24,0.00965406275140788,"Unknown"
"GACCTGGTCTTATCTG","SRA526435","SRS1915196","Mus musculus","10x chromium","Cortex, hippocampus and subventricular zone","GACCTGGTCTTATCTG",2015,3850,46,0.0119480519480519,"Unknown"
"GACGCGTAGCGAGAAA","SRA526435","SRS1915196","Mus musculus","10x chromium","Cortex, hippocampus and subventricular zone","GACGCGTAGCGAGAAA",1156,2049,35,0.0170815031722792,"Unknown"
"GACGCGTAGGATGGAA","SRA526435","SRS1915196","Mus musculus","10x chromium","Cortex, hippocampus and subventricular zone","GACGCGTAGGATGGAA",1819,3830,41,0.0107049608355091,"Unknown"
"GACGCGTAGGTCGGAT","SRA526435","SRS1915196","Mus musculus","10x chromium","Cortex, hippocampus and subventricular zone","GACGCGTAGGTCGGAT",4411,16007,159,0.0099331542450178,"Endothelial cells"
"GACGCGTAGTCCAGGA","SRA526435","SRS1915196","Mus musculus","10x chromium","Cortex, hippocampus and subventricular zone","GACGCGTAGTCCAGGA",1747,3144,39,0.0124045801526718,"Unknown"
"GACGCGTAGTGAAGAG","SRA526435","SRS1915196","Mus musculus","10x chromium","Cortex, hippocampus and subventricular zone","GACGCGTAGTGAAGAG",1795,3383,31,0.00916346438072716,"Unknown"
"GACGCGTAGTTTAGGA","SRA526435","SRS1915196","Mus musculus","10x chromium","Cortex, hippocampus and subventricular zone","GACGCGTAGTTTAGGA",1643,3076,55,0.0178803641092328,"Unknown"
"GACGCGTCACGGTAAG","SRA526435","SRS1915196","Mus musculus","10x chromium","Cortex, hippocampus and subventricular zone","GACGCGTCACGGTAAG",3230,8213,88,0.010714720564958,"Unknown"
"GACGCGTCAGCCAGAA","SRA526435","SRS1915196","Mus musculus","10x chromium","Cortex, hippocampus and subventricular zone","GACGCGTCAGCCAGAA",1988,4090,63,0.0154034229828851,"Unknown"
"GACGCGTCAGTGAGTG","SRA526435","SRS1915196","Mus musculus","10x chromium","Cortex, hippocampus and subventricular zone","GACGCGTCAGTGAGTG",2055,3857,23,0.00596318382162302,"Unknown"
"GACGCGTCATAGACTC","SRA526435","SRS1915196","Mus musculus","10x chromium","Cortex, hippocampus and subventricular zone","GACGCGTCATAGACTC",3416,9185,109,0.0118671747414262,"Unknown"
"GACGCGTCATCTCCCA","SRA526435","SRS1915196","Mus musculus","10x chromium","Cortex, hippocampus and subventricular zone","GACGCGTCATCTCCCA",1246,2139,35,0.0163627863487611,"Unknown"
"GACGCGTGTAGCGTCC","SRA526435","SRS1915196","Mus musculus","10x chromium","Cortex, hippocampus and subventricular zone","GACGCGTGTAGCGTCC",924,1192,4,0.00335570469798658,"Unknown"
"GACGCGTGTGTAAGTA","SRA526435","SRS1915196","Mus musculus","10x chromium","Cortex, hippocampus and subventricular zone","GACGCGTGTGTAAGTA",1808,3573,44,0.012314581584103,"Unknown"
"GACGCGTGTGTATGGG","SRA526435","SRS1915196","Mus musculus","10x chromium","Cortex, hippocampus and subventricular zone","GACGCGTGTGTATGGG",2859,7157,77,0.0107586977783988,"Unknown"
"GACGCGTTCCTCAATT","SRA526435","SRS1915196","Mus musculus","10x chromium","Cortex, hippocampus and subventricular zone","GACGCGTTCCTCAATT",2217,4589,46,0.0100239703639137,"Unknown"
"GACGGCTAGTACGCCC","SRA526435","SRS1915196","Mus musculus","10x chromium","Cortex, hippocampus and subventricular zone","GACGGCTAGTACGCCC",5260,17462,305,0.0174664986828542,"Endothelial cells"
"GACGGCTAGTAGCGGT","SRA526435","SRS1915196","Mus musculus","10x chromium","Cortex, hippocampus and subventricular zone","GACGGCTAGTAGCGGT",1349,2179,31,0.0142267094997705,"Unknown"
"GACGGCTAGTGAAGAG","SRA526435","SRS1915196","Mus musculus","10x chromium","Cortex, hippocampus and subventricular zone","GACGGCTAGTGAAGAG",1471,2545,40,0.0157170923379175,"Unknown"
"GACGGCTCAGGAACGT","SRA526435","SRS1915196","Mus musculus","10x chromium","Cortex, hippocampus and subventricular zone","GACGGCTCAGGAACGT",3080,6325,116,0.0183399209486166,"Unknown"
"GACGGCTCATCCGTGG","SRA526435","SRS1915196","Mus musculus","10x chromium","Cortex, hippocampus and subventricular zone","GACGGCTCATCCGTGG",913,1292,57,0.0441176470588235,"Oligodendrocyte progenitor cells"
"GACGGCTCATGAAGTA","SRA526435","SRS1915196","Mus musculus","10x chromium","Cortex, hippocampus and subventricular zone","GACGGCTCATGAAGTA",2301,4591,43,0.00936615116532346,"Unknown"
"GACGGCTCATTCGACA","SRA526435","SRS1915196","Mus musculus","10x chromium","Cortex, hippocampus and subventricular zone","GACGGCTCATTCGACA",2541,5281,60,0.0113614845673168,"Unknown"
"GACGGCTGTAAGGATT","SRA526435","SRS1915196","Mus musculus","10x chromium","Cortex, hippocampus and subventricular zone","GACGGCTGTAAGGATT",1781,4054,38,0.0093734583127775,"Unknown"
"GACGGCTGTAATAGCA","SRA526435","SRS1915196","Mus musculus","10x chromium","Cortex, hippocampus and subventricular zone","GACGGCTGTAATAGCA",2756,6631,64,0.00965163625395868,"Unknown"
"GACGGCTGTAGAAAGG","SRA526435","SRS1915196","Mus musculus","10x chromium","Cortex, hippocampus and subventricular zone","GACGGCTGTAGAAAGG",2644,6542,141,0.0215530418832161,"Unknown"
"GACGGCTGTAGTACCT","SRA526435","SRS1915196","Mus musculus","10x chromium","Cortex, hippocampus and subventricular zone","GACGGCTGTAGTACCT",847,1196,23,0.0192307692307692,"Endothelial cells"
"GACGGCTGTCGACTGC","SRA526435","SRS1915196","Mus musculus","10x chromium","Cortex, hippocampus and subventricular zone","GACGGCTGTCGACTGC",822,1202,65,0.0540765391014975,"Unknown"
"GACGGCTGTCTCCCTA","SRA526435","SRS1915196","Mus musculus","10x chromium","Cortex, hippocampus and subventricular zone","GACGGCTGTCTCCCTA",2284,5035,56,0.0111221449851043,"Unknown"
"GACGGCTGTGAGGGAG","SRA526435","SRS1915196","Mus musculus","10x chromium","Cortex, hippocampus and subventricular zone","GACGGCTGTGAGGGAG",612,1021,21,0.0205680705190989,"Unknown"
"GACGGCTGTTCAGACT","SRA526435","SRS1915196","Mus musculus","10x chromium","Cortex, hippocampus and subventricular zone","GACGGCTGTTCAGACT",1634,3274,37,0.0113011606597434,"Unknown"
"GACGGCTGTTGAACTC","SRA526435","SRS1915196","Mus musculus","10x chromium","Cortex, hippocampus and subventricular zone","GACGGCTGTTGAACTC",113,4343,9,0.00207230025328114,"Erythroid-like and erythroid precursor cells"
"GACGGCTGTTGACGTT","SRA526435","SRS1915196","Mus musculus","10x chromium","Cortex, hippocampus and subventricular zone","GACGGCTGTTGACGTT",2693,5779,63,0.0109015400588337,"Unknown"
"GACGGCTTCAGTGTTG","SRA526435","SRS1915196","Mus musculus","10x chromium","Cortex, hippocampus and subventricular zone","GACGGCTTCAGTGTTG",3550,9711,165,0.0169910410874266,"Unknown"
"GACGGCTTCGCTTGTC","SRA526435","SRS1915196","Mus musculus","10x chromium","Cortex, hippocampus and subventricular zone","GACGGCTTCGCTTGTC",2034,4972,56,0.0112630732099759,"Unknown"
"GACGGCTTCTAACCGA","SRA526435","SRS1915196","Mus musculus","10x chromium","Cortex, hippocampus and subventricular zone","GACGGCTTCTAACCGA",1397,2521,28,0.0111067036890123,"Unknown"
"GACGTGCAGAAGGTTT","SRA526435","SRS1915196","Mus musculus","10x chromium","Cortex, hippocampus and subventricular zone","GACGTGCAGAAGGTTT",1810,3661,72,0.0196667577164709,"Unknown"
"GACGTGCAGACGCTTT","SRA526435","SRS1915196","Mus musculus","10x chromium","Cortex, hippocampus and subventricular zone","GACGTGCAGACGCTTT",1156,1793,27,0.015058561070831,"Unknown"
"GACGTGCAGCTAGTGG","SRA526435","SRS1915196","Mus musculus","10x chromium","Cortex, hippocampus and subventricular zone","GACGTGCAGCTAGTGG",1408,2528,48,0.0189873417721519,"Unknown"
"GACGTGCAGGCCATAG","SRA526435","SRS1915196","Mus musculus","10x chromium","Cortex, hippocampus and subventricular zone","GACGTGCAGGCCATAG",2323,4616,44,0.00953206239168111,"Unknown"
"GACGTGCCAATAGCGG","SRA526435","SRS1915196","Mus musculus","10x chromium","Cortex, hippocampus and subventricular zone","GACGTGCCAATAGCGG",1917,3758,23,0.00612027674294838,"Unknown"
"GACGTGCCAGTGACAG","SRA526435","SRS1915196","Mus musculus","10x chromium","Cortex, hippocampus and subventricular zone","GACGTGCCAGTGACAG",1671,3269,60,0.0183542367696543,"Unknown"
"GACGTGCGTAAACACA","SRA526435","SRS1915196","Mus musculus","10x chromium","Cortex, hippocampus and subventricular zone","GACGTGCGTAAACACA",2621,6037,88,0.0145767765446414,"Unknown"
"GACGTGCGTAATAGCA","SRA526435","SRS1915196","Mus musculus","10x chromium","Cortex, hippocampus and subventricular zone","GACGTGCGTAATAGCA",1093,1716,32,0.0186480186480186,"Unknown"
"GACGTGCGTCAATGTC","SRA526435","SRS1915196","Mus musculus","10x chromium","Cortex, hippocampus and subventricular zone","GACGTGCGTCAATGTC",1015,1650,44,0.0266666666666667,"Unknown"
"GACGTGCGTCGCGGTT","SRA526435","SRS1915196","Mus musculus","10x chromium","Cortex, hippocampus and subventricular zone","GACGTGCGTCGCGGTT",2355,5281,56,0.010604052262829,"Unknown"
"GACGTGCGTGATGTGG","SRA526435","SRS1915196","Mus musculus","10x chromium","Cortex, hippocampus and subventricular zone","GACGTGCGTGATGTGG",2205,4678,67,0.0143223599828987,"Unknown"
"GACGTGCTCCATTCTA","SRA526435","SRS1915196","Mus musculus","10x chromium","Cortex, hippocampus and subventricular zone","GACGTGCTCCATTCTA",1450,2391,4,0.00167294019238812,"Unknown"
"GACGTGCTCGAATCCA","SRA526435","SRS1915196","Mus musculus","10x chromium","Cortex, hippocampus and subventricular zone","GACGTGCTCGAATCCA",1762,3314,49,0.0147857573928787,"Unknown"
"GACGTGCTCTACTATC","SRA526435","SRS1915196","Mus musculus","10x chromium","Cortex, hippocampus and subventricular zone","GACGTGCTCTACTATC",1691,3218,48,0.0149160969546302,"Unknown"
"GACGTGCTCTGCGTAA","SRA526435","SRS1915196","Mus musculus","10x chromium","Cortex, hippocampus and subventricular zone","GACGTGCTCTGCGTAA",2661,6543,89,0.0136023230933822,"Unknown"
"GACGTTAAGACTAGAT","SRA526435","SRS1915196","Mus musculus","10x chromium","Cortex, hippocampus and subventricular zone","GACGTTAAGACTAGAT",2167,4815,32,0.00664589823468328,"Unknown"
"GACGTTAAGAGCAATT","SRA526435","SRS1915196","Mus musculus","10x chromium","Cortex, hippocampus and subventricular zone","GACGTTAAGAGCAATT",2347,4618,82,0.0177566045907319,"Unknown"
"GACGTTAAGGTGGGTT","SRA526435","SRS1915196","Mus musculus","10x chromium","Cortex, hippocampus and subventricular zone","GACGTTAAGGTGGGTT",2378,5142,59,0.0114741345779852,"Unknown"
"GACGTTAAGTATTGGA","SRA526435","SRS1915196","Mus musculus","10x chromium","Cortex, hippocampus and subventricular zone","GACGTTAAGTATTGGA",2506,5994,64,0.0106773440106773,"Unknown"
"GACGTTAAGTGTTAGA","SRA526435","SRS1915196","Mus musculus","10x chromium","Cortex, hippocampus and subventricular zone","GACGTTAAGTGTTAGA",1771,3471,37,0.0106597522327859,"Unknown"
"GACGTTACACAGGAGT","SRA526435","SRS1915196","Mus musculus","10x chromium","Cortex, hippocampus and subventricular zone","GACGTTACACAGGAGT",2905,7487,97,0.0129557900360625,"Unknown"
"GACGTTACACGCCAGT","SRA526435","SRS1915196","Mus musculus","10x chromium","Cortex, hippocampus and subventricular zone","GACGTTACACGCCAGT",1589,3002,41,0.0136575616255829,"Endothelial cells"
"GACGTTACACTGAAGG","SRA526435","SRS1915196","Mus musculus","10x chromium","Cortex, hippocampus and subventricular zone","GACGTTACACTGAAGG",975,1975,1,0.000506329113924051,"Microglia"
"GACGTTACAGCATACT","SRA526435","SRS1915196","Mus musculus","10x chromium","Cortex, hippocampus and subventricular zone","GACGTTACAGCATACT",2282,13231,67,0.00506386516514247,"Erythroid-like and erythroid precursor cells"
"GACGTTACAGTCAGAG","SRA526435","SRS1915196","Mus musculus","10x chromium","Cortex, hippocampus and subventricular zone","GACGTTACAGTCAGAG",2029,3693,33,0.00893582453290008,"Unknown"
"GACGTTACATACGCTA","SRA526435","SRS1915196","Mus musculus","10x chromium","Cortex, hippocampus and subventricular zone","GACGTTACATACGCTA",2000,3668,36,0.00981461286804798,"Unknown"
"GACGTTAGTAGATTAG","SRA526435","SRS1915196","Mus musculus","10x chromium","Cortex, hippocampus and subventricular zone","GACGTTAGTAGATTAG",1646,3187,52,0.0163162849074365,"Unknown"
"GACGTTAGTAGTACCT","SRA526435","SRS1915196","Mus musculus","10x chromium","Cortex, hippocampus and subventricular zone","GACGTTAGTAGTACCT",1049,1708,45,0.0263466042154567,"Unknown"
"GACGTTAGTAGTAGTA","SRA526435","SRS1915196","Mus musculus","10x chromium","Cortex, hippocampus and subventricular zone","GACGTTAGTAGTAGTA",1335,2351,63,0.0267971076137814,"Unknown"
"GACGTTAGTCCAAGTT","SRA526435","SRS1915196","Mus musculus","10x chromium","Cortex, hippocampus and subventricular zone","GACGTTAGTCCAAGTT",1344,2306,38,0.0164787510841284,"Unknown"
"GACGTTAGTCGACTAT","SRA526435","SRS1915196","Mus musculus","10x chromium","Cortex, hippocampus and subventricular zone","GACGTTAGTCGACTAT",2916,6280,40,0.00636942675159236,"Unknown"
"GACGTTAGTCGCCATG","SRA526435","SRS1915196","Mus musculus","10x chromium","Cortex, hippocampus and subventricular zone","GACGTTAGTCGCCATG",1852,3654,31,0.00848385331143952,"Unknown"
"GACGTTAGTCTGCCAG","SRA526435","SRS1915196","Mus musculus","10x chromium","Cortex, hippocampus and subventricular zone","GACGTTAGTCTGCCAG",1483,2761,41,0.0148496921405288,"Unknown"
"GACGTTAGTGCACTTA","SRA526435","SRS1915196","Mus musculus","10x chromium","Cortex, hippocampus and subventricular zone","GACGTTAGTGCACTTA",2391,5233,51,0.0097458436843111,"Unknown"
"GACGTTAGTTACGTCA","SRA526435","SRS1915196","Mus musculus","10x chromium","Cortex, hippocampus and subventricular zone","GACGTTAGTTACGTCA",2147,4320,47,0.0108796296296296,"Unknown"
"GACGTTAGTTCCACAA","SRA526435","SRS1915196","Mus musculus","10x chromium","Cortex, hippocampus and subventricular zone","GACGTTAGTTCCACAA",1999,3962,44,0.01110550227158,"Unknown"
"GACGTTATCATTTGGG","SRA526435","SRS1915196","Mus musculus","10x chromium","Cortex, hippocampus and subventricular zone","GACGTTATCATTTGGG",849,1134,98,0.0864197530864197,"Unknown"
"GACGTTATCCATGAGT","SRA526435","SRS1915196","Mus musculus","10x chromium","Cortex, hippocampus and subventricular zone","GACGTTATCCATGAGT",2286,4799,108,0.022504688476766,"Unknown"
"GACGTTATCGCCAAAT","SRA526435","SRS1915196","Mus musculus","10x chromium","Cortex, hippocampus and subventricular zone","GACGTTATCGCCAAAT",2568,5943,55,0.00925458522631667,"Unknown"
"GACGTTATCTGGTTCC","SRA526435","SRS1915196","Mus musculus","10x chromium","Cortex, hippocampus and subventricular zone","GACGTTATCTGGTTCC",2392,5103,64,0.0125416421712718,"Unknown"
"GACTAACAGAGCCTAG","SRA526435","SRS1915196","Mus musculus","10x chromium","Cortex, hippocampus and subventricular zone","GACTAACAGAGCCTAG",2061,4342,56,0.0128972823583602,"Unknown"
"GACTAACAGTCCAGGA","SRA526435","SRS1915196","Mus musculus","10x chromium","Cortex, hippocampus and subventricular zone","GACTAACAGTCCAGGA",3051,8809,100,0.0113520263367011,"Unknown"
"GACTAACCACGAAACG","SRA526435","SRS1915196","Mus musculus","10x chromium","Cortex, hippocampus and subventricular zone","GACTAACCACGAAACG",1603,2744,49,0.0178571428571429,"Unknown"
"GACTAACCAGACAAAT","SRA526435","SRS1915196","Mus musculus","10x chromium","Cortex, hippocampus and subventricular zone","GACTAACCAGACAAAT",1680,3162,36,0.0113851992409867,"Unknown"
"GACTAACCAGGAATCG","SRA526435","SRS1915196","Mus musculus","10x chromium","Cortex, hippocampus and subventricular zone","GACTAACCAGGAATCG",2836,7420,119,0.0160377358490566,"Unknown"
"GACTAACCAGTCGATT","SRA526435","SRS1915196","Mus musculus","10x chromium","Cortex, hippocampus and subventricular zone","GACTAACCAGTCGATT",1726,3447,54,0.0156657963446475,"Unknown"
"GACTAACGTACACCGC","SRA526435","SRS1915196","Mus musculus","10x chromium","Cortex, hippocampus and subventricular zone","GACTAACGTACACCGC",100,1321,5,0.00378501135503407,"Erythroid-like and erythroid precursor cells"
"GACTAACGTAGCGCTC","SRA526435","SRS1915196","Mus musculus","10x chromium","Cortex, hippocampus and subventricular zone","GACTAACGTAGCGCTC",2545,6800,79,0.0116176470588235,"Unknown"
"GACTAACGTAGCTAAA","SRA526435","SRS1915196","Mus musculus","10x chromium","Cortex, hippocampus and subventricular zone","GACTAACGTAGCTAAA",2452,6162,71,0.0115222330412204,"Unknown"
"GACTAACGTCAGAGGT","SRA526435","SRS1915196","Mus musculus","10x chromium","Cortex, hippocampus and subventricular zone","GACTAACGTCAGAGGT",269,9146,18,0.00196807347474306,"Erythroid-like and erythroid precursor cells"
"GACTAACGTGAGTATA","SRA526435","SRS1915196","Mus musculus","10x chromium","Cortex, hippocampus and subventricular zone","GACTAACGTGAGTATA",2259,5026,58,0.0115399920413848,"Unknown"
"GACTAACGTGCCTGTG","SRA526435","SRS1915196","Mus musculus","10x chromium","Cortex, hippocampus and subventricular zone","GACTAACGTGCCTGTG",2146,4693,65,0.0138504155124654,"Unknown"
"GACTAACGTTCAGACT","SRA526435","SRS1915196","Mus musculus","10x chromium","Cortex, hippocampus and subventricular zone","GACTAACGTTCAGACT",2188,4399,59,0.0134121391225278,"Unknown"
"GACTAACTCAAACCGT","SRA526435","SRS1915196","Mus musculus","10x chromium","Cortex, hippocampus and subventricular zone","GACTAACTCAAACCGT",1545,2888,39,0.0135041551246537,"Unknown"
"GACTAACTCACTTATC","SRA526435","SRS1915196","Mus musculus","10x chromium","Cortex, hippocampus and subventricular zone","GACTAACTCACTTATC",1665,2966,38,0.0128118678354686,"Unknown"
"GACTAACTCCCATTTA","SRA526435","SRS1915196","Mus musculus","10x chromium","Cortex, hippocampus and subventricular zone","GACTAACTCCCATTTA",2132,4397,38,0.00864225608369343,"Unknown"
"GACTAACTCCTCCTAG","SRA526435","SRS1915196","Mus musculus","10x chromium","Cortex, hippocampus and subventricular zone","GACTAACTCCTCCTAG",4954,16227,111,0.00684045110001849,"Unknown"
"GACTAACTCGAATGCT","SRA526435","SRS1915196","Mus musculus","10x chromium","Cortex, hippocampus and subventricular zone","GACTAACTCGAATGCT",1048,1643,42,0.0255629945222155,"Unknown"
"GACTAACTCGCCATAA","SRA526435","SRS1915196","Mus musculus","10x chromium","Cortex, hippocampus and subventricular zone","GACTAACTCGCCATAA",1502,2347,44,0.0187473370259906,"Unknown"
"GACTAACTCTGGTTCC","SRA526435","SRS1915196","Mus musculus","10x chromium","Cortex, hippocampus and subventricular zone","GACTAACTCTGGTTCC",2373,4908,50,0.0101874490627547,"Unknown"
"GACTACAAGAGGTAGA","SRA526435","SRS1915196","Mus musculus","10x chromium","Cortex, hippocampus and subventricular zone","GACTACAAGAGGTAGA",2284,5113,56,0.010952474085664,"Unknown"
"GACTACAAGCATCATC","SRA526435","SRS1915196","Mus musculus","10x chromium","Cortex, hippocampus and subventricular zone","GACTACAAGCATCATC",1226,1971,56,0.0284119736174531,"Unknown"
"GACTACAAGCCCTAAT","SRA526435","SRS1915196","Mus musculus","10x chromium","Cortex, hippocampus and subventricular zone","GACTACAAGCCCTAAT",1109,1739,89,0.051178838412881,"Unknown"
"GACTACAAGCTTTGGT","SRA526435","SRS1915196","Mus musculus","10x chromium","Cortex, hippocampus and subventricular zone","GACTACAAGCTTTGGT",1082,2203,4,0.00181570585565138,"Unknown"
"GACTACAAGGAATCGC","SRA526435","SRS1915196","Mus musculus","10x chromium","Cortex, hippocampus and subventricular zone","GACTACAAGGAATCGC",2991,6597,52,0.00788237077459451,"Unknown"
"GACTACAAGTCAAGCG","SRA526435","SRS1915196","Mus musculus","10x chromium","Cortex, hippocampus and subventricular zone","GACTACAAGTCAAGCG",1322,2119,36,0.0169891458235017,"Unknown"
"GACTACAAGTGAATTG","SRA526435","SRS1915196","Mus musculus","10x chromium","Cortex, hippocampus and subventricular zone","GACTACAAGTGAATTG",2671,6156,129,0.0209551656920078,"Unknown"
"GACTACACAAAGGTGC","SRA526435","SRS1915196","Mus musculus","10x chromium","Cortex, hippocampus and subventricular zone","GACTACACAAAGGTGC",3056,7257,88,0.0121262229571448,"Unknown"
"GACTACACACGGACAA","SRA526435","SRS1915196","Mus musculus","10x chromium","Cortex, hippocampus and subventricular zone","GACTACACACGGACAA",2411,5106,53,0.0103799451625539,"Unknown"
"GACTACACACTAAGTC","SRA526435","SRS1915196","Mus musculus","10x chromium","Cortex, hippocampus and subventricular zone","GACTACACACTAAGTC",2465,5007,29,0.00579189135210705,"Unknown"
"GACTACACATCCGGGT","SRA526435","SRS1915196","Mus musculus","10x chromium","Cortex, hippocampus and subventricular zone","GACTACACATCCGGGT",2665,6357,70,0.0110114834041214,"Unknown"
"GACTACAGTATCTGCA","SRA526435","SRS1915196","Mus musculus","10x chromium","Cortex, hippocampus and subventricular zone","GACTACAGTATCTGCA",2448,5769,52,0.00901369388108858,"Unknown"
"GACTACAGTCGCTTCT","SRA526435","SRS1915196","Mus musculus","10x chromium","Cortex, hippocampus and subventricular zone","GACTACAGTCGCTTCT",2983,7519,98,0.0130336480915015,"Unknown"
"GACTACAGTGCGCTTG","SRA526435","SRS1915196","Mus musculus","10x chromium","Cortex, hippocampus and subventricular zone","GACTACAGTGCGCTTG",1579,2970,44,0.0148148148148148,"Unknown"
"GACTACAGTGTGAAAT","SRA526435","SRS1915196","Mus musculus","10x chromium","Cortex, hippocampus and subventricular zone","GACTACAGTGTGAAAT",2438,5194,38,0.00731613400077012,"Unknown"
"GACTACAGTTACGTCA","SRA526435","SRS1915196","Mus musculus","10x chromium","Cortex, hippocampus and subventricular zone","GACTACAGTTACGTCA",1747,3318,62,0.0186859553948162,"Unknown"
"GACTACATCACGACTA","SRA526435","SRS1915196","Mus musculus","10x chromium","Cortex, hippocampus and subventricular zone","GACTACATCACGACTA",4563,15241,137,0.00898891148874746,"Unknown"
"GACTACATCAGCCTAA","SRA526435","SRS1915196","Mus musculus","10x chromium","Cortex, hippocampus and subventricular zone","GACTACATCAGCCTAA",1527,2377,75,0.0315523769457299,"Unknown"
"GACTGCGAGACTAAGT","SRA526435","SRS1915196","Mus musculus","10x chromium","Cortex, hippocampus and subventricular zone","GACTGCGAGACTAAGT",2114,4419,64,0.0144829146865807,"Unknown"
"GACTGCGAGAGGGATA","SRA526435","SRS1915196","Mus musculus","10x chromium","Cortex, hippocampus and subventricular zone","GACTGCGAGAGGGATA",1114,1704,110,0.0645539906103286,"Unknown"
"GACTGCGAGCAACGGT","SRA526435","SRS1915196","Mus musculus","10x chromium","Cortex, hippocampus and subventricular zone","GACTGCGAGCAACGGT",2534,5771,51,0.00883728989776469,"Unknown"
"GACTGCGAGCCAGGAT","SRA526435","SRS1915196","Mus musculus","10x chromium","Cortex, hippocampus and subventricular zone","GACTGCGAGCCAGGAT",1410,2606,35,0.0134305448963929,"Unknown"
"GACTGCGAGCCTCGTG","SRA526435","SRS1915196","Mus musculus","10x chromium","Cortex, hippocampus and subventricular zone","GACTGCGAGCCTCGTG",1375,2148,33,0.0153631284916201,"Unknown"
"GACTGCGAGCTCCTCT","SRA526435","SRS1915196","Mus musculus","10x chromium","Cortex, hippocampus and subventricular zone","GACTGCGAGCTCCTCT",933,1525,8,0.00524590163934426,"Unknown"
"GACTGCGAGTGAATTG","SRA526435","SRS1915196","Mus musculus","10x chromium","Cortex, hippocampus and subventricular zone","GACTGCGAGTGAATTG",1338,2329,49,0.0210390725633319,"Unknown"
"GACTGCGAGTGTCCCG","SRA526435","SRS1915196","Mus musculus","10x chromium","Cortex, hippocampus and subventricular zone","GACTGCGAGTGTCCCG",1764,3380,41,0.0121301775147929,"Unknown"
"GACTGCGCAAGTCTAC","SRA526435","SRS1915196","Mus musculus","10x chromium","Cortex, hippocampus and subventricular zone","GACTGCGCAAGTCTAC",1912,3621,47,0.0129798398232532,"Unknown"
"GACTGCGCAATGACCT","SRA526435","SRS1915196","Mus musculus","10x chromium","Cortex, hippocampus and subventricular zone","GACTGCGCAATGACCT",901,1280,29,0.02265625,"Unknown"
"GACTGCGCACTTACGA","SRA526435","SRS1915196","Mus musculus","10x chromium","Cortex, hippocampus and subventricular zone","GACTGCGCACTTACGA",3600,12957,79,0.00609709037585861,"Unknown"
"GACTGCGCAGGTCCAC","SRA526435","SRS1915196","Mus musculus","10x chromium","Cortex, hippocampus and subventricular zone","GACTGCGCAGGTCCAC",2010,4064,31,0.00762795275590551,"Unknown"
"GACTGCGCAGGTGGAT","SRA526435","SRS1915196","Mus musculus","10x chromium","Cortex, hippocampus and subventricular zone","GACTGCGCAGGTGGAT",2439,4938,55,0.0111381125961928,"Unknown"
"GACTGCGCAGTCCTTC","SRA526435","SRS1915196","Mus musculus","10x chromium","Cortex, hippocampus and subventricular zone","GACTGCGCAGTCCTTC",840,1198,50,0.0417362270450751,"Unknown"
"GACTGCGCATTACCTT","SRA526435","SRS1915196","Mus musculus","10x chromium","Cortex, hippocampus and subventricular zone","GACTGCGCATTACCTT",1305,2480,33,0.0133064516129032,"Unknown"
"GACTGCGGTAATCGTC","SRA526435","SRS1915196","Mus musculus","10x chromium","Cortex, hippocampus and subventricular zone","GACTGCGGTAATCGTC",2186,4254,48,0.0112834978843441,"Unknown"
"GACTGCGGTCGACTGC","SRA526435","SRS1915196","Mus musculus","10x chromium","Cortex, hippocampus and subventricular zone","GACTGCGGTCGACTGC",1386,2293,40,0.0174443959877889,"Unknown"
"GACTGCGGTCTTCGTC","SRA526435","SRS1915196","Mus musculus","10x chromium","Cortex, hippocampus and subventricular zone","GACTGCGGTCTTCGTC",128,1277,49,0.038371182458888,"Erythroid-like and erythroid precursor cells"
"GACTGCGGTGTGCCTG","SRA526435","SRS1915196","Mus musculus","10x chromium","Cortex, hippocampus and subventricular zone","GACTGCGGTGTGCCTG",2319,5034,50,0.00993245927691696,"Unknown"
"GACTGCGGTTCGTTGA","SRA526435","SRS1915196","Mus musculus","10x chromium","Cortex, hippocampus and subventricular zone","GACTGCGGTTCGTTGA",2376,4870,52,0.0106776180698152,"Unknown"
"GACTGCGGTTGGGACA","SRA526435","SRS1915196","Mus musculus","10x chromium","Cortex, hippocampus and subventricular zone","GACTGCGGTTGGGACA",2360,5169,64,0.012381505126717,"Unknown"
"GACTGCGGTTTAAGCC","SRA526435","SRS1915196","Mus musculus","10x chromium","Cortex, hippocampus and subventricular zone","GACTGCGGTTTAAGCC",71,1064,14,0.0131578947368421,"Erythroid-like and erythroid precursor cells"
"GACTGCGTCTGCCAGG","SRA526435","SRS1915196","Mus musculus","10x chromium","Cortex, hippocampus and subventricular zone","GACTGCGTCTGCCAGG",3254,8547,77,0.00900900900900901,"Unknown"
"GACTGCGTCTTTAGTC","SRA526435","SRS1915196","Mus musculus","10x chromium","Cortex, hippocampus and subventricular zone","GACTGCGTCTTTAGTC",1889,3909,29,0.00741877718086467,"Unknown"
"GAGCAGAAGATGTGGC","SRA526435","SRS1915196","Mus musculus","10x chromium","Cortex, hippocampus and subventricular zone","GAGCAGAAGATGTGGC",2133,4537,58,0.0127837778267578,"Unknown"
"GAGCAGAAGATTACCC","SRA526435","SRS1915196","Mus musculus","10x chromium","Cortex, hippocampus and subventricular zone","GAGCAGAAGATTACCC",2361,5060,76,0.0150197628458498,"Unknown"
"GAGCAGAAGCTAGGCA","SRA526435","SRS1915196","Mus musculus","10x chromium","Cortex, hippocampus and subventricular zone","GAGCAGAAGCTAGGCA",905,1381,71,0.0514120202751629,"Unknown"
"GAGCAGAAGGATGGTC","SRA526435","SRS1915196","Mus musculus","10x chromium","Cortex, hippocampus and subventricular zone","GAGCAGAAGGATGGTC",2275,4958,47,0.00947962888261396,"Unknown"
"GAGCAGAAGGCCATAG","SRA526435","SRS1915196","Mus musculus","10x chromium","Cortex, hippocampus and subventricular zone","GAGCAGAAGGCCATAG",1867,3479,56,0.0160965794768612,"Unknown"
"GAGCAGAAGGCGATAC","SRA526435","SRS1915196","Mus musculus","10x chromium","Cortex, hippocampus and subventricular zone","GAGCAGAAGGCGATAC",2703,6482,68,0.0104905893242826,"Unknown"
"GAGCAGACAACGCACC","SRA526435","SRS1915196","Mus musculus","10x chromium","Cortex, hippocampus and subventricular zone","GAGCAGACAACGCACC",1215,1982,48,0.024217961654894,"Unknown"
"GAGCAGACACTTCTGC","SRA526435","SRS1915196","Mus musculus","10x chromium","Cortex, hippocampus and subventricular zone","GAGCAGACACTTCTGC",2513,5267,47,0.00892348585532561,"Unknown"
"GAGCAGACATCTATGG","SRA526435","SRS1915196","Mus musculus","10x chromium","Cortex, hippocampus and subventricular zone","GAGCAGACATCTATGG",2848,6887,57,0.00827646290111805,"Unknown"
"GAGCAGAGTCCCTTGT","SRA526435","SRS1915196","Mus musculus","10x chromium","Cortex, hippocampus and subventricular zone","GAGCAGAGTCCCTTGT",2812,6460,71,0.0109907120743034,"Unknown"
"GAGCAGAGTGTAATGA","SRA526435","SRS1915196","Mus musculus","10x chromium","Cortex, hippocampus and subventricular zone","GAGCAGAGTGTAATGA",1358,2292,35,0.0152705061082024,"Unknown"
"GAGCAGAGTTCTGAAC","SRA526435","SRS1915196","Mus musculus","10x chromium","Cortex, hippocampus and subventricular zone","GAGCAGAGTTCTGAAC",3565,9432,150,0.0159033078880407,"Unknown"
"GAGCAGATCAGCAACT","SRA526435","SRS1915196","Mus musculus","10x chromium","Cortex, hippocampus and subventricular zone","GAGCAGATCAGCAACT",1668,2958,22,0.00743745774171738,"Unknown"
"GAGCAGATCATTGCGA","SRA526435","SRS1915196","Mus musculus","10x chromium","Cortex, hippocampus and subventricular zone","GAGCAGATCATTGCGA",1364,2262,35,0.015473032714412,"Unknown"
"GAGCAGATCCAAACTG","SRA526435","SRS1915196","Mus musculus","10x chromium","Cortex, hippocampus and subventricular zone","GAGCAGATCCAAACTG",84,1596,3,0.0018796992481203,"Erythroid-like and erythroid precursor cells"
"GAGCAGATCCGGCACA","SRA526435","SRS1915196","Mus musculus","10x chromium","Cortex, hippocampus and subventricular zone","GAGCAGATCCGGCACA",1865,3337,15,0.00449505543901708,"Unknown"
"GAGCAGATCCTTGGTC","SRA526435","SRS1915196","Mus musculus","10x chromium","Cortex, hippocampus and subventricular zone","GAGCAGATCCTTGGTC",2481,5362,50,0.0093248787765759,"Unknown"
"GAGCAGATCGAATCCA","SRA526435","SRS1915196","Mus musculus","10x chromium","Cortex, hippocampus and subventricular zone","GAGCAGATCGAATCCA",4337,12719,123,0.0096705715858165,"Unknown"
"GAGCAGATCGCGGATC","SRA526435","SRS1915196","Mus musculus","10x chromium","Cortex, hippocampus and subventricular zone","GAGCAGATCGCGGATC",3103,8366,63,0.00753048051637581,"Unknown"
"GAGCAGATCGGATGTT","SRA526435","SRS1915196","Mus musculus","10x chromium","Cortex, hippocampus and subventricular zone","GAGCAGATCGGATGTT",1812,3523,26,0.00738007380073801,"Unknown"
"GAGCAGATCGTAGGAG","SRA526435","SRS1915196","Mus musculus","10x chromium","Cortex, hippocampus and subventricular zone","GAGCAGATCGTAGGAG",982,1370,22,0.0160583941605839,"Unknown"
"GAGGTGAAGACACTAA","SRA526435","SRS1915196","Mus musculus","10x chromium","Cortex, hippocampus and subventricular zone","GAGGTGAAGACACTAA",1972,3838,32,0.00833767587285044,"Unknown"
"GAGGTGAAGAGTTGGC","SRA526435","SRS1915196","Mus musculus","10x chromium","Cortex, hippocampus and subventricular zone","GAGGTGAAGAGTTGGC",890,1574,45,0.0285895806861499,"Unknown"
"GAGGTGAAGCTACCTA","SRA526435","SRS1915196","Mus musculus","10x chromium","Cortex, hippocampus and subventricular zone","GAGGTGAAGCTACCTA",2450,5212,76,0.0145817344589409,"Unknown"
"GAGGTGACAGATGGCA","SRA526435","SRS1915196","Mus musculus","10x chromium","Cortex, hippocampus and subventricular zone","GAGGTGACAGATGGCA",2292,4743,41,0.00864431794223065,"Unknown"
"GAGGTGACATGTAGTC","SRA526435","SRS1915196","Mus musculus","10x chromium","Cortex, hippocampus and subventricular zone","GAGGTGACATGTAGTC",1184,2073,34,0.0164013506994694,"Unknown"
"GAGGTGAGTAGGAGTC","SRA526435","SRS1915196","Mus musculus","10x chromium","Cortex, hippocampus and subventricular zone","GAGGTGAGTAGGAGTC",3057,7667,66,0.00860832137733142,"Unknown"
"GAGGTGAGTATAGTAG","SRA526435","SRS1915196","Mus musculus","10x chromium","Cortex, hippocampus and subventricular zone","GAGGTGAGTATAGTAG",876,1370,50,0.0364963503649635,"Unknown"
"GAGGTGAGTGCTGTAT","SRA526435","SRS1915196","Mus musculus","10x chromium","Cortex, hippocampus and subventricular zone","GAGGTGAGTGCTGTAT",2291,4994,81,0.0162194633560272,"Unknown"
"GAGGTGAGTTACGGAG","SRA526435","SRS1915196","Mus musculus","10x chromium","Cortex, hippocampus and subventricular zone","GAGGTGAGTTACGGAG",2734,6625,97,0.0146415094339623,"Unknown"
"GAGGTGAGTTCACCTC","SRA526435","SRS1915196","Mus musculus","10x chromium","Cortex, hippocampus and subventricular zone","GAGGTGAGTTCACCTC",2318,4812,66,0.013715710723192,"Unknown"
"GAGGTGATCAGGTTCA","SRA526435","SRS1915196","Mus musculus","10x chromium","Cortex, hippocampus and subventricular zone","GAGGTGATCAGGTTCA",93,1882,6,0.00318809776833156,"Erythroid-like and erythroid precursor cells"
"GAGGTGATCCAAACAC","SRA526435","SRS1915196","Mus musculus","10x chromium","Cortex, hippocampus and subventricular zone","GAGGTGATCCAAACAC",2332,5038,90,0.017864231838031,"Unknown"
"GAGGTGATCCACGTTC","SRA526435","SRS1915196","Mus musculus","10x chromium","Cortex, hippocampus and subventricular zone","GAGGTGATCCACGTTC",2258,4617,66,0.0142949967511371,"Unknown"
"GAGGTGATCCTGCCAT","SRA526435","SRS1915196","Mus musculus","10x chromium","Cortex, hippocampus and subventricular zone","GAGGTGATCCTGCCAT",2630,5872,30,0.00510899182561308,"Unknown"
"GAGGTGATCCTTGACC","SRA526435","SRS1915196","Mus musculus","10x chromium","Cortex, hippocampus and subventricular zone","GAGGTGATCCTTGACC",2400,5130,81,0.0157894736842105,"Unknown"
"GAGGTGATCGCCAAAT","SRA526435","SRS1915196","Mus musculus","10x chromium","Cortex, hippocampus and subventricular zone","GAGGTGATCGCCAAAT",2870,7444,110,0.0147770016120365,"Unknown"
"GAGGTGATCTTGGGTA","SRA526435","SRS1915196","Mus musculus","10x chromium","Cortex, hippocampus and subventricular zone","GAGGTGATCTTGGGTA",1830,3550,43,0.012112676056338,"Unknown"
"GAGTCCGAGACAATAC","SRA526435","SRS1915196","Mus musculus","10x chromium","Cortex, hippocampus and subventricular zone","GAGTCCGAGACAATAC",1697,3190,54,0.0169278996865204,"Unknown"
"GAGTCCGAGCAATATG","SRA526435","SRS1915196","Mus musculus","10x chromium","Cortex, hippocampus and subventricular zone","GAGTCCGAGCAATATG",2684,6263,62,0.00989940922880409,"Unknown"
"GAGTCCGAGCTAACTC","SRA526435","SRS1915196","Mus musculus","10x chromium","Cortex, hippocampus and subventricular zone","GAGTCCGAGCTAACTC",2082,4163,57,0.0136920490031227,"Unknown"
"GAGTCCGAGCTGCAAG","SRA526435","SRS1915196","Mus musculus","10x chromium","Cortex, hippocampus and subventricular zone","GAGTCCGAGCTGCAAG",917,1396,30,0.0214899713467049,"Unknown"
"GAGTCCGAGGCGCTCT","SRA526435","SRS1915196","Mus musculus","10x chromium","Cortex, hippocampus and subventricular zone","GAGTCCGAGGCGCTCT",1534,2669,28,0.0104908205320345,"Unknown"
"GAGTCCGAGGGCTTCC","SRA526435","SRS1915196","Mus musculus","10x chromium","Cortex, hippocampus and subventricular zone","GAGTCCGAGGGCTTCC",2247,4522,64,0.0141530296329058,"Unknown"
"GAGTCCGAGTGCCAGA","SRA526435","SRS1915196","Mus musculus","10x chromium","Cortex, hippocampus and subventricular zone","GAGTCCGAGTGCCAGA",1302,2132,25,0.0117260787992495,"Unknown"
"GAGTCCGCACGCCAGT","SRA526435","SRS1915196","Mus musculus","10x chromium","Cortex, hippocampus and subventricular zone","GAGTCCGCACGCCAGT",2267,4911,48,0.00977397678680513,"Unknown"
"GAGTCCGCAGAAGCAC","SRA526435","SRS1915196","Mus musculus","10x chromium","Cortex, hippocampus and subventricular zone","GAGTCCGCAGAAGCAC",1634,2920,27,0.00924657534246575,"Unknown"
"GAGTCCGCATATGGTC","SRA526435","SRS1915196","Mus musculus","10x chromium","Cortex, hippocampus and subventricular zone","GAGTCCGCATATGGTC",2757,6502,95,0.0146108889572439,"Unknown"
"GAGTCCGCATCGTCGG","SRA526435","SRS1915196","Mus musculus","10x chromium","Cortex, hippocampus and subventricular zone","GAGTCCGCATCGTCGG",1648,3219,47,0.014600807704256,"Unknown"
"GAGTCCGCATTCTTAC","SRA526435","SRS1915196","Mus musculus","10x chromium","Cortex, hippocampus and subventricular zone","GAGTCCGCATTCTTAC",1153,1598,23,0.0143929912390488,"Endothelial cells"
"GAGTCCGGTATGCTTG","SRA526435","SRS1915196","Mus musculus","10x chromium","Cortex, hippocampus and subventricular zone","GAGTCCGGTATGCTTG",1207,2081,42,0.0201826045170591,"Unknown"
"GAGTCCGGTGTCAATC","SRA526435","SRS1915196","Mus musculus","10x chromium","Cortex, hippocampus and subventricular zone","GAGTCCGGTGTCAATC",877,1480,23,0.0155405405405405,"Endothelial cells"
"GAGTCCGTCAAACAAG","SRA526435","SRS1915196","Mus musculus","10x chromium","Cortex, hippocampus and subventricular zone","GAGTCCGTCAAACAAG",1793,3162,27,0.00853889943074004,"Unknown"
"GAGTCCGTCCGCATAA","SRA526435","SRS1915196","Mus musculus","10x chromium","Cortex, hippocampus and subventricular zone","GAGTCCGTCCGCATAA",3159,7386,88,0.0119144327105334,"Unknown"
"GAGTCCGTCCGCATCT","SRA526435","SRS1915196","Mus musculus","10x chromium","Cortex, hippocampus and subventricular zone","GAGTCCGTCCGCATCT",2036,4104,46,0.0112085769980507,"Unknown"
"GAGTCCGTCCGTTGTC","SRA526435","SRS1915196","Mus musculus","10x chromium","Cortex, hippocampus and subventricular zone","GAGTCCGTCCGTTGTC",2285,4934,50,0.0101337657073368,"Unknown"
"GAGTCCGTCCTTTCTC","SRA526435","SRS1915196","Mus musculus","10x chromium","Cortex, hippocampus and subventricular zone","GAGTCCGTCCTTTCTC",2205,4522,52,0.011499336576736,"Unknown"
"GAGTCCGTCGCCAAAT","SRA526435","SRS1915196","Mus musculus","10x chromium","Cortex, hippocampus and subventricular zone","GAGTCCGTCGCCAAAT",7410,43766,780,0.0178220536489512,"Endothelial cells"
"GAGTCCGTCTTTAGTC","SRA526435","SRS1915196","Mus musculus","10x chromium","Cortex, hippocampus and subventricular zone","GAGTCCGTCTTTAGTC",2589,6064,65,0.0107189973614776,"Unknown"
"GATCAGTAGAAGAAGC","SRA526435","SRS1915196","Mus musculus","10x chromium","Cortex, hippocampus and subventricular zone","GATCAGTAGAAGAAGC",1727,3482,55,0.0157955198161976,"Unknown"
"GATCAGTAGCGGCTTC","SRA526435","SRS1915196","Mus musculus","10x chromium","Cortex, hippocampus and subventricular zone","GATCAGTAGCGGCTTC",1483,2599,29,0.0111581377452866,"Unknown"
"GATCAGTAGTACGTTC","SRA526435","SRS1915196","Mus musculus","10x chromium","Cortex, hippocampus and subventricular zone","GATCAGTAGTACGTTC",512,1053,11,0.0104463437796771,"Microglia"
"GATCAGTAGTCGCCGT","SRA526435","SRS1915196","Mus musculus","10x chromium","Cortex, hippocampus and subventricular zone","GATCAGTAGTCGCCGT",3076,8139,116,0.0142523651554245,"Unknown"
"GATCAGTAGTGTTGAA","SRA526435","SRS1915196","Mus musculus","10x chromium","Cortex, hippocampus and subventricular zone","GATCAGTAGTGTTGAA",3057,7482,85,0.0113605987703823,"Unknown"
"GATCAGTCAAGCCCAC","SRA526435","SRS1915196","Mus musculus","10x chromium","Cortex, hippocampus and subventricular zone","GATCAGTCAAGCCCAC",2546,5136,69,0.0134345794392523,"Unknown"
"GATCAGTCAAGTTCTG","SRA526435","SRS1915196","Mus musculus","10x chromium","Cortex, hippocampus and subventricular zone","GATCAGTCAAGTTCTG",3562,8684,127,0.0146245969599263,"Unknown"
"GATCAGTCACATTTCT","SRA526435","SRS1915196","Mus musculus","10x chromium","Cortex, hippocampus and subventricular zone","GATCAGTCACATTTCT",2305,4555,65,0.0142700329308452,"Unknown"
"GATCAGTCAGACACTT","SRA526435","SRS1915196","Mus musculus","10x chromium","Cortex, hippocampus and subventricular zone","GATCAGTCAGACACTT",2737,6017,68,0.0113013129466512,"Unknown"
"GATCAGTCAGCCAGAA","SRA526435","SRS1915196","Mus musculus","10x chromium","Cortex, hippocampus and subventricular zone","GATCAGTCAGCCAGAA",446,2210,20,0.00904977375565611,"Erythroid-like and erythroid precursor cells"
"GATCAGTCATTGTGCA","SRA526435","SRS1915196","Mus musculus","10x chromium","Cortex, hippocampus and subventricular zone","GATCAGTCATTGTGCA",1743,3751,54,0.014396161023727,"Unknown"
"GATCAGTGTAACGCGA","SRA526435","SRS1915196","Mus musculus","10x chromium","Cortex, hippocampus and subventricular zone","GATCAGTGTAACGCGA",1303,2196,59,0.0268670309653916,"Unknown"
"GATCAGTGTCACTTCC","SRA526435","SRS1915196","Mus musculus","10x chromium","Cortex, hippocampus and subventricular zone","GATCAGTGTCACTTCC",2008,3554,114,0.032076533483399,"Unknown"
"GATCAGTGTCATTAGC","SRA526435","SRS1915196","Mus musculus","10x chromium","Cortex, hippocampus and subventricular zone","GATCAGTGTCATTAGC",2313,5719,103,0.0180101416331526,"Unknown"
"GATCAGTGTGACGCCT","SRA526435","SRS1915196","Mus musculus","10x chromium","Cortex, hippocampus and subventricular zone","GATCAGTGTGACGCCT",863,1388,114,0.0821325648414986,"Unknown"
"GATCAGTTCATGTGGT","SRA526435","SRS1915196","Mus musculus","10x chromium","Cortex, hippocampus and subventricular zone","GATCAGTTCATGTGGT",2500,5141,36,0.00700252869091616,"Unknown"
"GATCAGTTCCAGATCA","SRA526435","SRS1915196","Mus musculus","10x chromium","Cortex, hippocampus and subventricular zone","GATCAGTTCCAGATCA",2320,5074,46,0.00906582577847852,"Unknown"
"GATCAGTTCGACGGAA","SRA526435","SRS1915196","Mus musculus","10x chromium","Cortex, hippocampus and subventricular zone","GATCAGTTCGACGGAA",2069,3858,29,0.00751684810782789,"Unknown"
"GATCAGTTCGTAGGAG","SRA526435","SRS1915196","Mus musculus","10x chromium","Cortex, hippocampus and subventricular zone","GATCAGTTCGTAGGAG",1853,3981,56,0.0140668173825672,"Unknown"
"GATCAGTTCGTCACGG","SRA526435","SRS1915196","Mus musculus","10x chromium","Cortex, hippocampus and subventricular zone","GATCAGTTCGTCACGG",1933,3932,86,0.0218718209562564,"Unknown"
"GATCGATAGCCCAACC","SRA526435","SRS1915196","Mus musculus","10x chromium","Cortex, hippocampus and subventricular zone","GATCGATAGCCCAACC",2646,6405,126,0.019672131147541,"Cajal-Retzius cells"
"GATCGATAGCCCGAAA","SRA526435","SRS1915196","Mus musculus","10x chromium","Cortex, hippocampus and subventricular zone","GATCGATAGCCCGAAA",2311,4807,103,0.021427085500312,"Unknown"
"GATCGATAGGCTCATT","SRA526435","SRS1915196","Mus musculus","10x chromium","Cortex, hippocampus and subventricular zone","GATCGATAGGCTCATT",2355,4964,51,0.0102739726027397,"Unknown"
"GATCGATAGTACTTGC","SRA526435","SRS1915196","Mus musculus","10x chromium","Cortex, hippocampus and subventricular zone","GATCGATAGTACTTGC",2353,4921,67,0.0136151188782768,"Unknown"
"GATCGATAGTGAAGAG","SRA526435","SRS1915196","Mus musculus","10x chromium","Cortex, hippocampus and subventricular zone","GATCGATAGTGAAGAG",2338,5460,64,0.0117216117216117,"Unknown"
"GATCGATAGTGTTGAA","SRA526435","SRS1915196","Mus musculus","10x chromium","Cortex, hippocampus and subventricular zone","GATCGATAGTGTTGAA",1384,2240,59,0.0263392857142857,"Cajal-Retzius cells"
"GATCGATCAACGATGG","SRA526435","SRS1915196","Mus musculus","10x chromium","Cortex, hippocampus and subventricular zone","GATCGATCAACGATGG",181,1720,4,0.00232558139534884,"Erythroid-like and erythroid precursor cells"
"GATCGATCAATCTACG","SRA526435","SRS1915196","Mus musculus","10x chromium","Cortex, hippocampus and subventricular zone","GATCGATCAATCTACG",1967,4384,42,0.00958029197080292,"Unknown"
"GATCGATCACATGGGA","SRA526435","SRS1915196","Mus musculus","10x chromium","Cortex, hippocampus and subventricular zone","GATCGATCACATGGGA",1624,3015,41,0.0135986733001658,"Unknown"
"GATCGATCACCTGGTG","SRA526435","SRS1915196","Mus musculus","10x chromium","Cortex, hippocampus and subventricular zone","GATCGATCACCTGGTG",914,1158,37,0.0319516407599309,"Unknown"
"GATCGATCAGACAAAT","SRA526435","SRS1915196","Mus musculus","10x chromium","Cortex, hippocampus and subventricular zone","GATCGATCAGACAAAT",2335,4957,55,0.0110954206173089,"Unknown"
"GATCGATCATGCAATC","SRA526435","SRS1915196","Mus musculus","10x chromium","Cortex, hippocampus and subventricular zone","GATCGATCATGCAATC",2269,4542,52,0.0114487010127697,"Unknown"
"GATCGATGTCCAGTGC","SRA526435","SRS1915196","Mus musculus","10x chromium","Cortex, hippocampus and subventricular zone","GATCGATGTCCAGTGC",2111,4237,71,0.016757139485485,"Unknown"
"GATCGATGTGATAAGT","SRA526435","SRS1915196","Mus musculus","10x chromium","Cortex, hippocampus and subventricular zone","GATCGATGTGATAAGT",2236,4985,81,0.0162487462387161,"Unknown"
"GATCGATGTGTGACCC","SRA526435","SRS1915196","Mus musculus","10x chromium","Cortex, hippocampus and subventricular zone","GATCGATGTGTGACCC",2563,5926,27,0.0045561930475869,"Unknown"
"GATCGATGTGTTTGTG","SRA526435","SRS1915196","Mus musculus","10x chromium","Cortex, hippocampus and subventricular zone","GATCGATGTGTTTGTG",2968,6981,116,0.016616530583011,"Unknown"
"GATCGATGTTGCCTCT","SRA526435","SRS1915196","Mus musculus","10x chromium","Cortex, hippocampus and subventricular zone","GATCGATGTTGCCTCT",2255,5504,78,0.014171511627907,"Unknown"
"GATCGATTCAGGATCT","SRA526435","SRS1915196","Mus musculus","10x chromium","Cortex, hippocampus and subventricular zone","GATCGATTCAGGATCT",2379,5023,51,0.0101532948437189,"Unknown"
"GATCGATTCGCTAGCG","SRA526435","SRS1915196","Mus musculus","10x chromium","Cortex, hippocampus and subventricular zone","GATCGATTCGCTAGCG",1267,2073,52,0.0250844187168355,"Unknown"
"GATCGATTCTCAAGTG","SRA526435","SRS1915196","Mus musculus","10x chromium","Cortex, hippocampus and subventricular zone","GATCGATTCTCAAGTG",2385,4884,29,0.00593775593775594,"Unknown"
"GATCGCGAGACAGACC","SRA526435","SRS1915196","Mus musculus","10x chromium","Cortex, hippocampus and subventricular zone","GATCGCGAGACAGACC",1455,2331,16,0.00686400686400686,"Unknown"
"GATCGCGAGACTTGAA","SRA526435","SRS1915196","Mus musculus","10x chromium","Cortex, hippocampus and subventricular zone","GATCGCGAGACTTGAA",3437,8635,124,0.0143601621308628,"Unknown"
"GATCGCGAGAGCTATA","SRA526435","SRS1915196","Mus musculus","10x chromium","Cortex, hippocampus and subventricular zone","GATCGCGAGAGCTATA",1058,1537,19,0.0123617436564736,"Unknown"
"GATCGCGAGCTGGAAC","SRA526435","SRS1915196","Mus musculus","10x chromium","Cortex, hippocampus and subventricular zone","GATCGCGAGCTGGAAC",1796,3606,56,0.0155296727676095,"Unknown"
"GATCGCGAGTGGGTTG","SRA526435","SRS1915196","Mus musculus","10x chromium","Cortex, hippocampus and subventricular zone","GATCGCGAGTGGGTTG",1491,2541,10,0.00393545848091303,"Unknown"
"GATCGCGCAAGGGTCA","SRA526435","SRS1915196","Mus musculus","10x chromium","Cortex, hippocampus and subventricular zone","GATCGCGCAAGGGTCA",2730,6291,68,0.0108090923541567,"Unknown"
"GATCGCGCACGGCGTT","SRA526435","SRS1915196","Mus musculus","10x chromium","Cortex, hippocampus and subventricular zone","GATCGCGCACGGCGTT",1531,2818,58,0.0205819730305181,"Unknown"
"GATCGCGCAGACGTAG","SRA526435","SRS1915196","Mus musculus","10x chromium","Cortex, hippocampus and subventricular zone","GATCGCGCAGACGTAG",2553,6112,61,0.0099803664921466,"Unknown"
"GATCGCGCAGTAGAGC","SRA526435","SRS1915196","Mus musculus","10x chromium","Cortex, hippocampus and subventricular zone","GATCGCGCAGTAGAGC",2127,4418,49,0.011090991398823,"Unknown"
"GATCGCGCATGTAGTC","SRA526435","SRS1915196","Mus musculus","10x chromium","Cortex, hippocampus and subventricular zone","GATCGCGCATGTAGTC",1828,3562,40,0.0112296462661426,"Unknown"
"GATCGCGGTAAGCACG","SRA526435","SRS1915196","Mus musculus","10x chromium","Cortex, hippocampus and subventricular zone","GATCGCGGTAAGCACG",1680,3413,78,0.0228537943158512,"Unknown"
"GATCGCGGTACCGAGA","SRA526435","SRS1915196","Mus musculus","10x chromium","Cortex, hippocampus and subventricular zone","GATCGCGGTACCGAGA",3471,8850,57,0.00644067796610169,"Unknown"
"GATCGCGGTATAGTAG","SRA526435","SRS1915196","Mus musculus","10x chromium","Cortex, hippocampus and subventricular zone","GATCGCGGTATAGTAG",3253,7891,105,0.0133062983145355,"Unknown"
"GATCGCGGTCCTAGCG","SRA526435","SRS1915196","Mus musculus","10x chromium","Cortex, hippocampus and subventricular zone","GATCGCGGTCCTAGCG",1811,3231,70,0.0216651191581554,"Unknown"
"GATCGCGGTGAGTGAC","SRA526435","SRS1915196","Mus musculus","10x chromium","Cortex, hippocampus and subventricular zone","GATCGCGGTGAGTGAC",2223,4272,75,0.0175561797752809,"Unknown"
"GATCGCGGTTCAGTAC","SRA526435","SRS1915196","Mus musculus","10x chromium","Cortex, hippocampus and subventricular zone","GATCGCGGTTCAGTAC",1192,2080,46,0.0221153846153846,"Unknown"
"GATCGCGGTTCCACTC","SRA526435","SRS1915196","Mus musculus","10x chromium","Cortex, hippocampus and subventricular zone","GATCGCGGTTCCACTC",2337,5150,86,0.0166990291262136,"Unknown"
"GATCGCGTCATAGCAC","SRA526435","SRS1915196","Mus musculus","10x chromium","Cortex, hippocampus and subventricular zone","GATCGCGTCATAGCAC",1634,3306,64,0.0193587416817907,"Unknown"
"GATCGCGTCCATGAAC","SRA526435","SRS1915196","Mus musculus","10x chromium","Cortex, hippocampus and subventricular zone","GATCGCGTCCATGAAC",1788,3590,66,0.0183844011142061,"Unknown"
"GATCGCGTCCCTTGTG","SRA526435","SRS1915196","Mus musculus","10x chromium","Cortex, hippocampus and subventricular zone","GATCGCGTCCCTTGTG",2449,5219,56,0.0107300249089864,"Unknown"
"GATCGCGTCGATCCCT","SRA526435","SRS1915196","Mus musculus","10x chromium","Cortex, hippocampus and subventricular zone","GATCGCGTCGATCCCT",2255,4915,30,0.00610376398779247,"Unknown"
"GATCGCGTCGGGAGTA","SRA526435","SRS1915196","Mus musculus","10x chromium","Cortex, hippocampus and subventricular zone","GATCGCGTCGGGAGTA",2255,4571,15,0.00328155764602932,"Unknown"
"GATCGCGTCTAACCGA","SRA526435","SRS1915196","Mus musculus","10x chromium","Cortex, hippocampus and subventricular zone","GATCGCGTCTAACCGA",2919,6990,113,0.0161659513590844,"Unknown"
"GATCGCGTCTCAAACG","SRA526435","SRS1915196","Mus musculus","10x chromium","Cortex, hippocampus and subventricular zone","GATCGCGTCTCAAACG",2569,5802,68,0.0117200965184419,"Microglia"
"GATCGCGTCTTTCCTC","SRA526435","SRS1915196","Mus musculus","10x chromium","Cortex, hippocampus and subventricular zone","GATCGCGTCTTTCCTC",3253,8217,125,0.015212364609955,"Pericytes"
"GATCGTAAGAGTTGGC","SRA526435","SRS1915196","Mus musculus","10x chromium","Cortex, hippocampus and subventricular zone","GATCGTAAGAGTTGGC",2539,5863,79,0.0134743305475013,"Unknown"
"GATCGTAAGATATACG","SRA526435","SRS1915196","Mus musculus","10x chromium","Cortex, hippocampus and subventricular zone","GATCGTAAGATATACG",1747,3468,39,0.0112456747404844,"Unknown"
"GATCGTAAGCGCCTTG","SRA526435","SRS1915196","Mus musculus","10x chromium","Cortex, hippocampus and subventricular zone","GATCGTAAGCGCCTTG",2328,5140,58,0.011284046692607,"Unknown"
"GATCGTAAGGCATGTG","SRA526435","SRS1915196","Mus musculus","10x chromium","Cortex, hippocampus and subventricular zone","GATCGTAAGGCATGTG",2279,5025,68,0.0135323383084577,"Unknown"
"GATCGTAAGGGAGTAA","SRA526435","SRS1915196","Mus musculus","10x chromium","Cortex, hippocampus and subventricular zone","GATCGTAAGGGAGTAA",2524,6034,73,0.0120981107059993,"Unknown"
"GATCGTAAGGGCATGT","SRA526435","SRS1915196","Mus musculus","10x chromium","Cortex, hippocampus and subventricular zone","GATCGTAAGGGCATGT",1471,2527,27,0.0106846062524733,"Unknown"
"GATCGTAAGTACTTGC","SRA526435","SRS1915196","Mus musculus","10x chromium","Cortex, hippocampus and subventricular zone","GATCGTAAGTACTTGC",2081,4120,48,0.0116504854368932,"Unknown"
"GATCGTACAACAACCT","SRA526435","SRS1915196","Mus musculus","10x chromium","Cortex, hippocampus and subventricular zone","GATCGTACAACAACCT",1474,3101,96,0.0309577555627217,"Unknown"
"GATCGTACAAGCGAGT","SRA526435","SRS1915196","Mus musculus","10x chromium","Cortex, hippocampus and subventricular zone","GATCGTACAAGCGAGT",1894,3430,52,0.0151603498542274,"Unknown"
"GATCGTACACGAAAGC","SRA526435","SRS1915196","Mus musculus","10x chromium","Cortex, hippocampus and subventricular zone","GATCGTACACGAAAGC",1995,3752,39,0.0103944562899787,"Unknown"
"GATCGTAGTATAATGG","SRA526435","SRS1915196","Mus musculus","10x chromium","Cortex, hippocampus and subventricular zone","GATCGTAGTATAATGG",4468,14618,102,0.00697769872759611,"Unknown"
"GATCGTAGTCGCATAT","SRA526435","SRS1915196","Mus musculus","10x chromium","Cortex, hippocampus and subventricular zone","GATCGTAGTCGCATAT",2622,5876,49,0.00833900612661675,"Unknown"
"GATCGTAGTTCGCTAA","SRA526435","SRS1915196","Mus musculus","10x chromium","Cortex, hippocampus and subventricular zone","GATCGTAGTTCGCTAA",3771,11498,128,0.0111323708471038,"Pericytes"
"GATCGTAGTTGCCTCT","SRA526435","SRS1915196","Mus musculus","10x chromium","Cortex, hippocampus and subventricular zone","GATCGTAGTTGCCTCT",2236,5079,55,0.0108289033274267,"Unknown"
"GATCGTAGTTGCTCCT","SRA526435","SRS1915196","Mus musculus","10x chromium","Cortex, hippocampus and subventricular zone","GATCGTAGTTGCTCCT",2151,4376,42,0.00959780621572212,"Unknown"
"GATCGTAGTTGGTTTG","SRA526435","SRS1915196","Mus musculus","10x chromium","Cortex, hippocampus and subventricular zone","GATCGTAGTTGGTTTG",1351,2261,24,0.0106147722246793,"Unknown"
"GATCGTATCGGAAATA","SRA526435","SRS1915196","Mus musculus","10x chromium","Cortex, hippocampus and subventricular zone","GATCGTATCGGAAATA",2129,4447,39,0.00876995727456712,"Unknown"
"GATCGTATCGGTTCGG","SRA526435","SRS1915196","Mus musculus","10x chromium","Cortex, hippocampus and subventricular zone","GATCGTATCGGTTCGG",2421,5090,60,0.0117878192534381,"Unknown"
"GATCGTATCGTAGATC","SRA526435","SRS1915196","Mus musculus","10x chromium","Cortex, hippocampus and subventricular zone","GATCGTATCGTAGATC",2370,6092,100,0.0164149704530532,"Pericytes"
"GATCGTATCTTGGGTA","SRA526435","SRS1915196","Mus musculus","10x chromium","Cortex, hippocampus and subventricular zone","GATCGTATCTTGGGTA",2538,5705,80,0.014022787028922,"Unknown"
"GATCTAGAGACGCTTT","SRA526435","SRS1915196","Mus musculus","10x chromium","Cortex, hippocampus and subventricular zone","GATCTAGAGACGCTTT",2528,5361,53,0.00988621525834732,"Unknown"
"GATCTAGAGATAGTCA","SRA526435","SRS1915196","Mus musculus","10x chromium","Cortex, hippocampus and subventricular zone","GATCTAGAGATAGTCA",4060,12230,106,0.00866721177432543,"Unknown"
"GATCTAGAGCGAAGGG","SRA526435","SRS1915196","Mus musculus","10x chromium","Cortex, hippocampus and subventricular zone","GATCTAGAGCGAAGGG",1491,2735,47,0.0171846435100548,"Unknown"
"GATCTAGAGCTCCCAG","SRA526435","SRS1915196","Mus musculus","10x chromium","Cortex, hippocampus and subventricular zone","GATCTAGAGCTCCCAG",1894,3905,55,0.0140845070422535,"Unknown"
"GATCTAGAGGCTAGAC","SRA526435","SRS1915196","Mus musculus","10x chromium","Cortex, hippocampus and subventricular zone","GATCTAGAGGCTAGAC",1922,3732,71,0.0190246516613076,"Unknown"
"GATCTAGAGTACGATA","SRA526435","SRS1915196","Mus musculus","10x chromium","Cortex, hippocampus and subventricular zone","GATCTAGAGTACGATA",2931,7087,70,0.00987724001693241,"Unknown"
"GATCTAGAGTCAAGCG","SRA526435","SRS1915196","Mus musculus","10x chromium","Cortex, hippocampus and subventricular zone","GATCTAGAGTCAAGCG",1711,3160,33,0.0104430379746835,"Unknown"
"GATCTAGCAAATTGCC","SRA526435","SRS1915196","Mus musculus","10x chromium","Cortex, hippocampus and subventricular zone","GATCTAGCAAATTGCC",1755,3339,39,0.0116801437556155,"Unknown"
"GATCTAGCAACGATCT","SRA526435","SRS1915196","Mus musculus","10x chromium","Cortex, hippocampus and subventricular zone","GATCTAGCAACGATCT",1344,2009,54,0.0268790443006471,"Unknown"
"GATCTAGCACTCTGTC","SRA526435","SRS1915196","Mus musculus","10x chromium","Cortex, hippocampus and subventricular zone","GATCTAGCACTCTGTC",745,1127,79,0.0700976042590949,"Unknown"
"GATCTAGCAGGTGCCT","SRA526435","SRS1915196","Mus musculus","10x chromium","Cortex, hippocampus and subventricular zone","GATCTAGCAGGTGCCT",2692,5577,39,0.00699300699300699,"Unknown"
"GATCTAGCATTCGACA","SRA526435","SRS1915196","Mus musculus","10x chromium","Cortex, hippocampus and subventricular zone","GATCTAGCATTCGACA",1865,3794,50,0.0131787032156036,"Unknown"
"GATCTAGGTATATGGA","SRA526435","SRS1915196","Mus musculus","10x chromium","Cortex, hippocampus and subventricular zone","GATCTAGGTATATGGA",2631,5652,33,0.00583864118895966,"Unknown"
"GATCTAGGTCCAACTA","SRA526435","SRS1915196","Mus musculus","10x chromium","Cortex, hippocampus and subventricular zone","GATCTAGGTCCAACTA",3893,11039,128,0.011595253193224,"Unknown"
"GATCTAGGTTCGTCTC","SRA526435","SRS1915196","Mus musculus","10x chromium","Cortex, hippocampus and subventricular zone","GATCTAGGTTCGTCTC",2653,7216,118,0.0163525498891353,"Pericytes"
"GATCTAGTCATCACCC","SRA526435","SRS1915196","Mus musculus","10x chromium","Cortex, hippocampus and subventricular zone","GATCTAGTCATCACCC",1283,2079,31,0.0149110149110149,"Unknown"
"GATGAAAAGAGTGACC","SRA526435","SRS1915196","Mus musculus","10x chromium","Cortex, hippocampus and subventricular zone","GATGAAAAGAGTGACC",804,1152,15,0.0130208333333333,"Unknown"
"GATGAAAAGCCCAACC","SRA526435","SRS1915196","Mus musculus","10x chromium","Cortex, hippocampus and subventricular zone","GATGAAAAGCCCAACC",1517,3153,48,0.0152235965746908,"Unknown"
"GATGAAAAGGTGATTA","SRA526435","SRS1915196","Mus musculus","10x chromium","Cortex, hippocampus and subventricular zone","GATGAAAAGGTGATTA",1430,2389,25,0.0104646295521139,"Unknown"
"GATGAAAAGTATCGAA","SRA526435","SRS1915196","Mus musculus","10x chromium","Cortex, hippocampus and subventricular zone","GATGAAAAGTATCGAA",1403,2772,28,0.0101010101010101,"Unknown"
"GATGAAACACCACGTG","SRA526435","SRS1915196","Mus musculus","10x chromium","Cortex, hippocampus and subventricular zone","GATGAAACACCACGTG",2547,5313,69,0.012987012987013,"Unknown"
"GATGAAACATGAACCT","SRA526435","SRS1915196","Mus musculus","10x chromium","Cortex, hippocampus and subventricular zone","GATGAAACATGAACCT",1555,2766,11,0.00397686189443239,"Unknown"
"GATGAAACATGAGCGA","SRA526435","SRS1915196","Mus musculus","10x chromium","Cortex, hippocampus and subventricular zone","GATGAAACATGAGCGA",2245,5010,45,0.00898203592814371,"Unknown"
"GATGAAACATTACCTT","SRA526435","SRS1915196","Mus musculus","10x chromium","Cortex, hippocampus and subventricular zone","GATGAAACATTACCTT",2481,5564,64,0.0115025161754134,"Unknown"
"GATGAAAGTCGAGATG","SRA526435","SRS1915196","Mus musculus","10x chromium","Cortex, hippocampus and subventricular zone","GATGAAAGTCGAGATG",877,1253,54,0.043096568236233,"Unknown"
"GATGAAAGTCTTGTCC","SRA526435","SRS1915196","Mus musculus","10x chromium","Cortex, hippocampus and subventricular zone","GATGAAAGTCTTGTCC",4673,14187,129,0.00909283146542609,"Unknown"
"GATGAAAGTTCCAACA","SRA526435","SRS1915196","Mus musculus","10x chromium","Cortex, hippocampus and subventricular zone","GATGAAAGTTCCAACA",911,1261,15,0.0118953211736717,"Unknown"
"GATGAAAGTTGCTCCT","SRA526435","SRS1915196","Mus musculus","10x chromium","Cortex, hippocampus and subventricular zone","GATGAAAGTTGCTCCT",2251,4450,60,0.0134831460674157,"Unknown"
"GATGAAATCAACCAAC","SRA526435","SRS1915196","Mus musculus","10x chromium","Cortex, hippocampus and subventricular zone","GATGAAATCAACCAAC",1510,2692,35,0.013001485884101,"Unknown"
"GATGAAATCACAATGC","SRA526435","SRS1915196","Mus musculus","10x chromium","Cortex, hippocampus and subventricular zone","GATGAAATCACAATGC",1668,3315,31,0.00935143288084465,"Unknown"
"GATGAAATCAGGCGAA","SRA526435","SRS1915196","Mus musculus","10x chromium","Cortex, hippocampus and subventricular zone","GATGAAATCAGGCGAA",828,1114,61,0.0547576301615799,"Unknown"
"GATGAAATCAGTTCGA","SRA526435","SRS1915196","Mus musculus","10x chromium","Cortex, hippocampus and subventricular zone","GATGAAATCAGTTCGA",2055,4059,43,0.0105937423010594,"Unknown"
"GATGAAATCTCATTCA","SRA526435","SRS1915196","Mus musculus","10x chromium","Cortex, hippocampus and subventricular zone","GATGAAATCTCATTCA",1830,3519,59,0.0167661267405513,"Unknown"
"GATGAAATCTGATTCT","SRA526435","SRS1915196","Mus musculus","10x chromium","Cortex, hippocampus and subventricular zone","GATGAAATCTGATTCT",1548,2976,34,0.0114247311827957,"Unknown"
"GATGAAATCTGCGACG","SRA526435","SRS1915196","Mus musculus","10x chromium","Cortex, hippocampus and subventricular zone","GATGAAATCTGCGACG",1133,1679,19,0.01131625967838,"Unknown"
"GATGAGGAGCCATCGC","SRA526435","SRS1915196","Mus musculus","10x chromium","Cortex, hippocampus and subventricular zone","GATGAGGAGCCATCGC",1601,2713,31,0.011426465167711,"Unknown"
"GATGAGGAGCGCCTTG","SRA526435","SRS1915196","Mus musculus","10x chromium","Cortex, hippocampus and subventricular zone","GATGAGGAGCGCCTTG",1820,3533,62,0.0175488253608831,"Unknown"
"GATGAGGAGGACAGCT","SRA526435","SRS1915196","Mus musculus","10x chromium","Cortex, hippocampus and subventricular zone","GATGAGGAGGACAGCT",3684,10078,77,0.0076404048422306,"Unknown"
"GATGAGGAGTGCGTGA","SRA526435","SRS1915196","Mus musculus","10x chromium","Cortex, hippocampus and subventricular zone","GATGAGGAGTGCGTGA",1694,3159,71,0.0224754669199114,"Unknown"
"GATGAGGAGTTACGGG","SRA526435","SRS1915196","Mus musculus","10x chromium","Cortex, hippocampus and subventricular zone","GATGAGGAGTTACGGG",1929,3516,59,0.0167804323094425,"Unknown"
"GATGAGGCAAAGGAAG","SRA526435","SRS1915196","Mus musculus","10x chromium","Cortex, hippocampus and subventricular zone","GATGAGGCAAAGGAAG",2507,5591,56,0.0100160972992309,"Unknown"
"GATGAGGCAACGCACC","SRA526435","SRS1915196","Mus musculus","10x chromium","Cortex, hippocampus and subventricular zone","GATGAGGCAACGCACC",2247,4550,52,0.0114285714285714,"Unknown"
"GATGAGGCAAGCTGTT","SRA526435","SRS1915196","Mus musculus","10x chromium","Cortex, hippocampus and subventricular zone","GATGAGGCAAGCTGTT",1403,2628,90,0.0342465753424658,"Unknown"
"GATGAGGCAAGTCATC","SRA526435","SRS1915196","Mus musculus","10x chromium","Cortex, hippocampus and subventricular zone","GATGAGGCAAGTCATC",1977,3526,35,0.00992626205331821,"Unknown"
"GATGAGGCACCACCAG","SRA526435","SRS1915196","Mus musculus","10x chromium","Cortex, hippocampus and subventricular zone","GATGAGGCACCACCAG",3080,7671,109,0.0142093599269978,"Unknown"
"GATGAGGCAGCTTCGG","SRA526435","SRS1915196","Mus musculus","10x chromium","Cortex, hippocampus and subventricular zone","GATGAGGCAGCTTCGG",2405,5042,95,0.0188417294724316,"Unknown"
"GATGAGGGTATAATGG","SRA526435","SRS1915196","Mus musculus","10x chromium","Cortex, hippocampus and subventricular zone","GATGAGGGTATAATGG",4499,14171,134,0.0094559311269494,"Unknown"
"GATGAGGGTCAAGCGA","SRA526435","SRS1915196","Mus musculus","10x chromium","Cortex, hippocampus and subventricular zone","GATGAGGGTCAAGCGA",2103,3996,36,0.00900900900900901,"Unknown"
"GATGAGGGTCATACTG","SRA526435","SRS1915196","Mus musculus","10x chromium","Cortex, hippocampus and subventricular zone","GATGAGGGTCATACTG",2011,3798,48,0.0126382306477093,"Unknown"
"GATGAGGGTCGAACAG","SRA526435","SRS1915196","Mus musculus","10x chromium","Cortex, hippocampus and subventricular zone","GATGAGGGTCGAACAG",2071,3833,56,0.0146099660840073,"Unknown"
"GATGAGGGTCTAAAGA","SRA526435","SRS1915196","Mus musculus","10x chromium","Cortex, hippocampus and subventricular zone","GATGAGGGTCTAAAGA",2323,4837,47,0.0097167665908621,"Unknown"
"GATGAGGTCAACACCA","SRA526435","SRS1915196","Mus musculus","10x chromium","Cortex, hippocampus and subventricular zone","GATGAGGTCAACACCA",2084,4328,39,0.00901109057301294,"Unknown"
"GATGAGGTCATGCTCC","SRA526435","SRS1915196","Mus musculus","10x chromium","Cortex, hippocampus and subventricular zone","GATGAGGTCATGCTCC",2472,5123,37,0.00722233066562561,"Unknown"
"GATGAGGTCCAGTAGT","SRA526435","SRS1915196","Mus musculus","10x chromium","Cortex, hippocampus and subventricular zone","GATGAGGTCCAGTAGT",2069,4160,51,0.0122596153846154,"Unknown"
"GATGAGGTCCGAAGAG","SRA526435","SRS1915196","Mus musculus","10x chromium","Cortex, hippocampus and subventricular zone","GATGAGGTCCGAAGAG",2112,4225,104,0.0246153846153846,"Unknown"
"GATGAGGTCCGAGCCA","SRA526435","SRS1915196","Mus musculus","10x chromium","Cortex, hippocampus and subventricular zone","GATGAGGTCCGAGCCA",3507,8824,119,0.0134859474161378,"Cajal-Retzius cells"
"GATGAGGTCCTAGAAC","SRA526435","SRS1915196","Mus musculus","10x chromium","Cortex, hippocampus and subventricular zone","GATGAGGTCCTAGAAC",2654,6224,71,0.0114074550128535,"Unknown"
"GATGCTAAGTAGCGGT","SRA526435","SRS1915196","Mus musculus","10x chromium","Cortex, hippocampus and subventricular zone","GATGCTAAGTAGCGGT",2474,5411,83,0.0153391240066531,"Unknown"
"GATGCTAAGTGACTCT","SRA526435","SRS1915196","Mus musculus","10x chromium","Cortex, hippocampus and subventricular zone","GATGCTAAGTGACTCT",2022,4373,67,0.0153212897324491,"Unknown"
"GATGCTACAACGCACC","SRA526435","SRS1915196","Mus musculus","10x chromium","Cortex, hippocampus and subventricular zone","GATGCTACAACGCACC",3448,9410,61,0.00648246546227418,"Unknown"
"GATGCTACAATGACCT","SRA526435","SRS1915196","Mus musculus","10x chromium","Cortex, hippocampus and subventricular zone","GATGCTACAATGACCT",1070,1774,28,0.0157835400225479,"Unknown"
"GATGCTAGTCAGAATA","SRA526435","SRS1915196","Mus musculus","10x chromium","Cortex, hippocampus and subventricular zone","GATGCTAGTCAGAATA",1612,2904,34,0.0117079889807163,"Unknown"
"GATGCTAGTCCGACGT","SRA526435","SRS1915196","Mus musculus","10x chromium","Cortex, hippocampus and subventricular zone","GATGCTAGTCCGACGT",1639,3141,46,0.014645017510347,"Unknown"
"GATGCTAGTCTCTTAT","SRA526435","SRS1915196","Mus musculus","10x chromium","Cortex, hippocampus and subventricular zone","GATGCTAGTCTCTTAT",2348,4986,64,0.0128359406337746,"Unknown"
"GATGCTATCACCTTAT","SRA526435","SRS1915196","Mus musculus","10x chromium","Cortex, hippocampus and subventricular zone","GATGCTATCACCTTAT",2115,4172,41,0.0098274209012464,"Unknown"
"GATGCTATCAGGTTCA","SRA526435","SRS1915196","Mus musculus","10x chromium","Cortex, hippocampus and subventricular zone","GATGCTATCAGGTTCA",2838,6991,74,0.010585037905879,"Unknown"
"GATGCTATCCACGAAT","SRA526435","SRS1915196","Mus musculus","10x chromium","Cortex, hippocampus and subventricular zone","GATGCTATCCACGAAT",1634,3107,100,0.0321853878339234,"Unknown"
"GATGCTATCCTTTCGG","SRA526435","SRS1915196","Mus musculus","10x chromium","Cortex, hippocampus and subventricular zone","GATGCTATCCTTTCGG",1243,2102,55,0.0261655566127498,"Unknown"
"GATGCTATCGACCAGC","SRA526435","SRS1915196","Mus musculus","10x chromium","Cortex, hippocampus and subventricular zone","GATGCTATCGACCAGC",1921,3540,36,0.0101694915254237,"Unknown"
"GATGCTATCGGAGGTA","SRA526435","SRS1915196","Mus musculus","10x chromium","Cortex, hippocampus and subventricular zone","GATGCTATCGGAGGTA",94,3044,2,0.000657030223390276,"Erythroid-like and erythroid precursor cells"
"GATGCTATCTGAGGGA","SRA526435","SRS1915196","Mus musculus","10x chromium","Cortex, hippocampus and subventricular zone","GATGCTATCTGAGGGA",3025,7515,108,0.0143712574850299,"Unknown"
"GATGCTATCTGTACGA","SRA526435","SRS1915196","Mus musculus","10x chromium","Cortex, hippocampus and subventricular zone","GATGCTATCTGTACGA",1565,2937,29,0.00987402110997617,"Unknown"
"GATGCTATCTTGACGA","SRA526435","SRS1915196","Mus musculus","10x chromium","Cortex, hippocampus and subventricular zone","GATGCTATCTTGACGA",2709,6171,41,0.00664397990601199,"Unknown"
"GATTCAGAGAGCTATA","SRA526435","SRS1915196","Mus musculus","10x chromium","Cortex, hippocampus and subventricular zone","GATTCAGAGAGCTATA",2543,5754,59,0.0102537365311088,"Unknown"
"GATTCAGCAAGAGTCG","SRA526435","SRS1915196","Mus musculus","10x chromium","Cortex, hippocampus and subventricular zone","GATTCAGCAAGAGTCG",1493,2671,46,0.0172220142268813,"Unknown"
"GATTCAGCAAGCGCTC","SRA526435","SRS1915196","Mus musculus","10x chromium","Cortex, hippocampus and subventricular zone","GATTCAGCAAGCGCTC",2335,5026,69,0.0137286112216474,"Unknown"
"GATTCAGCAATAACGA","SRA526435","SRS1915196","Mus musculus","10x chromium","Cortex, hippocampus and subventricular zone","GATTCAGCAATAACGA",1794,3670,71,0.0193460490463215,"Unknown"
"GATTCAGCACTAGTAC","SRA526435","SRS1915196","Mus musculus","10x chromium","Cortex, hippocampus and subventricular zone","GATTCAGCACTAGTAC",930,1244,30,0.0241157556270096,"Unknown"
"GATTCAGCAGACTCGC","SRA526435","SRS1915196","Mus musculus","10x chromium","Cortex, hippocampus and subventricular zone","GATTCAGCAGACTCGC",1981,3507,26,0.00741374394069005,"Unknown"
"GATTCAGGTACCGGCT","SRA526435","SRS1915196","Mus musculus","10x chromium","Cortex, hippocampus and subventricular zone","GATTCAGGTACCGGCT",2372,6411,51,0.00795507721104352,"Microglia"
"GATTCAGGTAGTAGTA","SRA526435","SRS1915196","Mus musculus","10x chromium","Cortex, hippocampus and subventricular zone","GATTCAGGTAGTAGTA",3849,11128,98,0.00880661394680086,"Unknown"
"GATTCAGGTCCATCCT","SRA526435","SRS1915196","Mus musculus","10x chromium","Cortex, hippocampus and subventricular zone","GATTCAGGTCCATCCT",1885,3340,61,0.0182634730538922,"Unknown"
"GATTCAGGTTGCGTTA","SRA526435","SRS1915196","Mus musculus","10x chromium","Cortex, hippocampus and subventricular zone","GATTCAGGTTGCGTTA",2273,4812,42,0.00872817955112219,"Unknown"
"GATTCAGTCCGAAGAG","SRA526435","SRS1915196","Mus musculus","10x chromium","Cortex, hippocampus and subventricular zone","GATTCAGTCCGAAGAG",2360,5061,51,0.010077059869591,"Unknown"
"GATTCAGTCCGTTGCT","SRA526435","SRS1915196","Mus musculus","10x chromium","Cortex, hippocampus and subventricular zone","GATTCAGTCCGTTGCT",2235,4391,55,0.0125256205875655,"Unknown"
"GATTCAGTCGCTTAGA","SRA526435","SRS1915196","Mus musculus","10x chromium","Cortex, hippocampus and subventricular zone","GATTCAGTCGCTTAGA",2165,4466,70,0.0156739811912226,"Unknown"
"GATTCAGTCTACTTAC","SRA526435","SRS1915196","Mus musculus","10x chromium","Cortex, hippocampus and subventricular zone","GATTCAGTCTACTTAC",2434,5210,82,0.0157389635316699,"Unknown"
"GCAAACTAGACAATAC","SRA526435","SRS1915196","Mus musculus","10x chromium","Cortex, hippocampus and subventricular zone","GCAAACTAGACAATAC",3224,8685,106,0.0122049510650547,"Unknown"
"GCAAACTAGGCTAGGT","SRA526435","SRS1915196","Mus musculus","10x chromium","Cortex, hippocampus and subventricular zone","GCAAACTAGGCTAGGT",1643,2983,45,0.0150854844116661,"Unknown"
"GCAAACTAGTATTGGA","SRA526435","SRS1915196","Mus musculus","10x chromium","Cortex, hippocampus and subventricular zone","GCAAACTAGTATTGGA",2397,5330,53,0.0099437148217636,"Unknown"
"GCAAACTAGTGGTCCC","SRA526435","SRS1915196","Mus musculus","10x chromium","Cortex, hippocampus and subventricular zone","GCAAACTAGTGGTCCC",2071,4534,114,0.0251433612704014,"Unknown"
"GCAAACTCAATAACGA","SRA526435","SRS1915196","Mus musculus","10x chromium","Cortex, hippocampus and subventricular zone","GCAAACTCAATAACGA",2244,4985,56,0.0112337011033099,"Unknown"
"GCAAACTCAGATGAGC","SRA526435","SRS1915196","Mus musculus","10x chromium","Cortex, hippocampus and subventricular zone","GCAAACTCAGATGAGC",2215,4345,81,0.0186421173762946,"Unknown"
"GCAAACTCAGGCTGAA","SRA526435","SRS1915196","Mus musculus","10x chromium","Cortex, hippocampus and subventricular zone","GCAAACTCAGGCTGAA",1724,3458,58,0.0167727009832273,"Unknown"
"GCAAACTCAGGGCATA","SRA526435","SRS1915196","Mus musculus","10x chromium","Cortex, hippocampus and subventricular zone","GCAAACTCAGGGCATA",1471,2480,46,0.0185483870967742,"Unknown"
"GCAAACTCAGTCGATT","SRA526435","SRS1915196","Mus musculus","10x chromium","Cortex, hippocampus and subventricular zone","GCAAACTCAGTCGATT",3673,10135,109,0.0107548100641342,"Unknown"
"GCAAACTCATCAGTAC","SRA526435","SRS1915196","Mus musculus","10x chromium","Cortex, hippocampus and subventricular zone","GCAAACTCATCAGTAC",1083,2421,23,0.00950020652622883,"Unknown"
"GCAAACTCATCTCCCA","SRA526435","SRS1915196","Mus musculus","10x chromium","Cortex, hippocampus and subventricular zone","GCAAACTCATCTCCCA",2004,4171,58,0.0139055382402302,"Unknown"
"GCAAACTCATTATCTC","SRA526435","SRS1915196","Mus musculus","10x chromium","Cortex, hippocampus and subventricular zone","GCAAACTCATTATCTC",2791,6541,82,0.0125363094328084,"Unknown"
"GCAAACTGTACAGCAG","SRA526435","SRS1915196","Mus musculus","10x chromium","Cortex, hippocampus and subventricular zone","GCAAACTGTACAGCAG",4142,12500,139,0.01112,"Unknown"
"GCAAACTGTAGGAGTC","SRA526435","SRS1915196","Mus musculus","10x chromium","Cortex, hippocampus and subventricular zone","GCAAACTGTAGGAGTC",1919,3662,116,0.0316766794101584,"Unknown"
"GCAAACTGTCTAGCGC","SRA526435","SRS1915196","Mus musculus","10x chromium","Cortex, hippocampus and subventricular zone","GCAAACTGTCTAGCGC",2568,5878,74,0.0125893160939095,"Unknown"
"GCAAACTGTTAAGTAG","SRA526435","SRS1915196","Mus musculus","10x chromium","Cortex, hippocampus and subventricular zone","GCAAACTGTTAAGTAG",2966,7410,68,0.00917678812415654,"Unknown"
"GCAAACTGTTCGGCAC","SRA526435","SRS1915196","Mus musculus","10x chromium","Cortex, hippocampus and subventricular zone","GCAAACTGTTCGGCAC",2356,4912,42,0.00855048859934853,"Unknown"
"GCAAACTTCAATCACG","SRA526435","SRS1915196","Mus musculus","10x chromium","Cortex, hippocampus and subventricular zone","GCAAACTTCAATCACG",1974,4438,78,0.0175754844524561,"Unknown"
"GCAAACTTCAGCGATT","SRA526435","SRS1915196","Mus musculus","10x chromium","Cortex, hippocampus and subventricular zone","GCAAACTTCAGCGATT",1601,2845,43,0.0151142355008787,"Unknown"
"GCAAACTTCAGTCAGT","SRA526435","SRS1915196","Mus musculus","10x chromium","Cortex, hippocampus and subventricular zone","GCAAACTTCAGTCAGT",3450,8930,116,0.012989921612542,"Unknown"
"GCAAACTTCAGTTCGA","SRA526435","SRS1915196","Mus musculus","10x chromium","Cortex, hippocampus and subventricular zone","GCAAACTTCAGTTCGA",2181,4299,35,0.00814142823912538,"Unknown"
"GCAAACTTCATCACCC","SRA526435","SRS1915196","Mus musculus","10x chromium","Cortex, hippocampus and subventricular zone","GCAAACTTCATCACCC",1930,3637,72,0.0197965356062689,"Unknown"
"GCAAACTTCCCATTAT","SRA526435","SRS1915196","Mus musculus","10x chromium","Cortex, hippocampus and subventricular zone","GCAAACTTCCCATTAT",2323,5000,86,0.0172,"Unknown"
"GCAAACTTCGCCTGTT","SRA526435","SRS1915196","Mus musculus","10x chromium","Cortex, hippocampus and subventricular zone","GCAAACTTCGCCTGTT",2907,6585,26,0.00394836750189825,"Unknown"
"GCAAACTTCGTTACAG","SRA526435","SRS1915196","Mus musculus","10x chromium","Cortex, hippocampus and subventricular zone","GCAAACTTCGTTACAG",1893,3720,49,0.0131720430107527,"Unknown"
"GCAATCAAGACCCACC","SRA526435","SRS1915196","Mus musculus","10x chromium","Cortex, hippocampus and subventricular zone","GCAATCAAGACCCACC",2072,3999,67,0.0167541885471368,"Unknown"
"GCAATCAAGCGGCTTC","SRA526435","SRS1915196","Mus musculus","10x chromium","Cortex, hippocampus and subventricular zone","GCAATCAAGCGGCTTC",2404,5083,107,0.0210505606925044,"Unknown"
"GCAATCAAGCGTAATA","SRA526435","SRS1915196","Mus musculus","10x chromium","Cortex, hippocampus and subventricular zone","GCAATCAAGCGTAATA",2064,4102,40,0.00975134080936129,"Unknown"
"GCAATCAAGGATATAC","SRA526435","SRS1915196","Mus musculus","10x chromium","Cortex, hippocampus and subventricular zone","GCAATCAAGGATATAC",1097,2287,55,0.0240489724529952,"Microglia"
"GCAATCAAGGGTCTCC","SRA526435","SRS1915196","Mus musculus","10x chromium","Cortex, hippocampus and subventricular zone","GCAATCAAGGGTCTCC",1587,3113,47,0.0150979762287183,"Unknown"
"GCAATCAAGTACGACG","SRA526435","SRS1915196","Mus musculus","10x chromium","Cortex, hippocampus and subventricular zone","GCAATCAAGTACGACG",2308,4565,60,0.0131434830230011,"Unknown"
"GCAATCAAGTCCATAC","SRA526435","SRS1915196","Mus musculus","10x chromium","Cortex, hippocampus and subventricular zone","GCAATCAAGTCCATAC",2262,4283,34,0.00793836096194256,"Unknown"
"GCAATCACAAGGTTTC","SRA526435","SRS1915196","Mus musculus","10x chromium","Cortex, hippocampus and subventricular zone","GCAATCACAAGGTTTC",1955,3696,46,0.0124458874458874,"Unknown"
"GCAATCACAATCCAAC","SRA526435","SRS1915196","Mus musculus","10x chromium","Cortex, hippocampus and subventricular zone","GCAATCACAATCCAAC",1396,2435,32,0.0131416837782341,"Unknown"
"GCAATCACAGACAGGT","SRA526435","SRS1915196","Mus musculus","10x chromium","Cortex, hippocampus and subventricular zone","GCAATCACAGACAGGT",3060,7933,112,0.0141182402621959,"Unknown"
"GCAATCACATGTAAGA","SRA526435","SRS1915196","Mus musculus","10x chromium","Cortex, hippocampus and subventricular zone","GCAATCACATGTAAGA",1261,2244,61,0.0271836007130125,"Unknown"
"GCAATCACATGTTGAC","SRA526435","SRS1915196","Mus musculus","10x chromium","Cortex, hippocampus and subventricular zone","GCAATCACATGTTGAC",3789,11299,55,0.00486768740596513,"Unknown"
"GCAATCACATTTGCCC","SRA526435","SRS1915196","Mus musculus","10x chromium","Cortex, hippocampus and subventricular zone","GCAATCACATTTGCCC",2416,5238,59,0.0112638411607484,"Unknown"
"GCAATCAGTAAACGCG","SRA526435","SRS1915196","Mus musculus","10x chromium","Cortex, hippocampus and subventricular zone","GCAATCAGTAAACGCG",1342,2157,71,0.0329160871580899,"Unknown"
"GCAATCAGTCCGAATT","SRA526435","SRS1915196","Mus musculus","10x chromium","Cortex, hippocampus and subventricular zone","GCAATCAGTCCGAATT",1073,1762,59,0.0334846765039728,"Unknown"
"GCAATCAGTCGCATAT","SRA526435","SRS1915196","Mus musculus","10x chromium","Cortex, hippocampus and subventricular zone","GCAATCAGTCGCATAT",4353,17603,163,0.00925978526387548,"Unknown"
"GCAATCAGTCGCTTTC","SRA526435","SRS1915196","Mus musculus","10x chromium","Cortex, hippocampus and subventricular zone","GCAATCAGTCGCTTTC",1834,3720,46,0.0123655913978495,"Unknown"
"GCAATCAGTCTCTCGT","SRA526435","SRS1915196","Mus musculus","10x chromium","Cortex, hippocampus and subventricular zone","GCAATCAGTCTCTCGT",887,1199,1,0.000834028356964137,"Unknown"
"GCAATCAGTGTGAAAT","SRA526435","SRS1915196","Mus musculus","10x chromium","Cortex, hippocampus and subventricular zone","GCAATCAGTGTGAAAT",2785,5800,68,0.0117241379310345,"Oligodendrocyte progenitor cells"
"GCAATCAGTTAAGATG","SRA526435","SRS1915196","Mus musculus","10x chromium","Cortex, hippocampus and subventricular zone","GCAATCAGTTAAGATG",2262,4840,59,0.0121900826446281,"Unknown"
"GCAATCAGTTATCCGA","SRA526435","SRS1915196","Mus musculus","10x chromium","Cortex, hippocampus and subventricular zone","GCAATCAGTTATCCGA",962,1377,2,0.00145243282498184,"Unknown"
"GCAATCAGTTCCAACA","SRA526435","SRS1915196","Mus musculus","10x chromium","Cortex, hippocampus and subventricular zone","GCAATCAGTTCCAACA",1308,2150,15,0.00697674418604651,"Unknown"
"GCAATCAGTTTCCACC","SRA526435","SRS1915196","Mus musculus","10x chromium","Cortex, hippocampus and subventricular zone","GCAATCAGTTTCCACC",2708,6349,55,0.00866278154040006,"Unknown"
"GCAATCAGTTTGGCGC","SRA526435","SRS1915196","Mus musculus","10x chromium","Cortex, hippocampus and subventricular zone","GCAATCAGTTTGGCGC",812,1105,42,0.0380090497737557,"Unknown"
"GCAATCATCCTAGTGA","SRA526435","SRS1915196","Mus musculus","10x chromium","Cortex, hippocampus and subventricular zone","GCAATCATCCTAGTGA",90,1169,5,0.00427715996578272,"Erythroid-like and erythroid precursor cells"
"GCAATCATCCTATTCA","SRA526435","SRS1915196","Mus musculus","10x chromium","Cortex, hippocampus and subventricular zone","GCAATCATCCTATTCA",2702,5810,55,0.00946643717728055,"Unknown"
"GCAATCATCCTCAATT","SRA526435","SRS1915196","Mus musculus","10x chromium","Cortex, hippocampus and subventricular zone","GCAATCATCCTCAATT",2569,5608,62,0.011055634807418,"Unknown"
"GCAATCATCTGCCCTA","SRA526435","SRS1915196","Mus musculus","10x chromium","Cortex, hippocampus and subventricular zone","GCAATCATCTGCCCTA",1618,2963,29,0.00978737765777928,"Unknown"
"GCACATAAGCCTATGT","SRA526435","SRS1915196","Mus musculus","10x chromium","Cortex, hippocampus and subventricular zone","GCACATAAGCCTATGT",959,1611,38,0.0235878336436996,"Unknown"
"GCACATAAGGAATCGC","SRA526435","SRS1915196","Mus musculus","10x chromium","Cortex, hippocampus and subventricular zone","GCACATAAGGAATCGC",1776,3167,48,0.0151562993369119,"Unknown"
"GCACATACAAGCGTAG","SRA526435","SRS1915196","Mus musculus","10x chromium","Cortex, hippocampus and subventricular zone","GCACATACAAGCGTAG",985,1457,115,0.0789293067947838,"Cajal-Retzius cells"
"GCACATACAATCCAAC","SRA526435","SRS1915196","Mus musculus","10x chromium","Cortex, hippocampus and subventricular zone","GCACATACAATCCAAC",1616,2646,38,0.0143613000755858,"Unknown"
"GCACATACAATGACCT","SRA526435","SRS1915196","Mus musculus","10x chromium","Cortex, hippocampus and subventricular zone","GCACATACAATGACCT",2348,5249,62,0.0118117736711755,"Unknown"
"GCACATACAGCGATCC","SRA526435","SRS1915196","Mus musculus","10x chromium","Cortex, hippocampus and subventricular zone","GCACATACAGCGATCC",2953,7525,112,0.0148837209302326,"Unknown"
"GCACATAGTACGCTGC","SRA526435","SRS1915196","Mus musculus","10x chromium","Cortex, hippocampus and subventricular zone","GCACATAGTACGCTGC",3389,9106,141,0.0154842960685262,"Unknown"
"GCACATAGTCAAACTC","SRA526435","SRS1915196","Mus musculus","10x chromium","Cortex, hippocampus and subventricular zone","GCACATAGTCAAACTC",2157,4452,54,0.0121293800539084,"Unknown"
"GCACATAGTCACTTCC","SRA526435","SRS1915196","Mus musculus","10x chromium","Cortex, hippocampus and subventricular zone","GCACATAGTCACTTCC",1478,2330,25,0.0107296137339056,"Unknown"
"GCACATAGTCGGCACT","SRA526435","SRS1915196","Mus musculus","10x chromium","Cortex, hippocampus and subventricular zone","GCACATAGTCGGCACT",2437,5190,74,0.0142581888246628,"Unknown"
"GCACATAGTCGTCTTC","SRA526435","SRS1915196","Mus musculus","10x chromium","Cortex, hippocampus and subventricular zone","GCACATAGTCGTCTTC",1612,2973,27,0.00908173562058527,"Unknown"
"GCACATAGTGAGCGAT","SRA526435","SRS1915196","Mus musculus","10x chromium","Cortex, hippocampus and subventricular zone","GCACATAGTGAGCGAT",2369,5002,57,0.0113954418232707,"Unknown"
"GCACATAGTGTCGCTG","SRA526435","SRS1915196","Mus musculus","10x chromium","Cortex, hippocampus and subventricular zone","GCACATAGTGTCGCTG",806,1100,47,0.0427272727272727,"Unknown"
"GCACATAGTGTTAAGA","SRA526435","SRS1915196","Mus musculus","10x chromium","Cortex, hippocampus and subventricular zone","GCACATAGTGTTAAGA",1535,2874,25,0.00869867780097425,"Unknown"
"GCACATAGTTATGCGT","SRA526435","SRS1915196","Mus musculus","10x chromium","Cortex, hippocampus and subventricular zone","GCACATAGTTATGCGT",1964,3791,38,0.0100237404378792,"Unknown"
"GCACATAGTTCCGTCT","SRA526435","SRS1915196","Mus musculus","10x chromium","Cortex, hippocampus and subventricular zone","GCACATAGTTCCGTCT",2150,4119,61,0.0148094197620782,"Unknown"
"GCACATATCGCCTGAG","SRA526435","SRS1915196","Mus musculus","10x chromium","Cortex, hippocampus and subventricular zone","GCACATATCGCCTGAG",1241,2207,23,0.0104213864975079,"Unknown"
"GCACATATCGGATGGA","SRA526435","SRS1915196","Mus musculus","10x chromium","Cortex, hippocampus and subventricular zone","GCACATATCGGATGGA",2504,5753,79,0.0137319659308187,"Unknown"
"GCACATATCGTTGCCT","SRA526435","SRS1915196","Mus musculus","10x chromium","Cortex, hippocampus and subventricular zone","GCACATATCGTTGCCT",2502,5533,75,0.0135550334357491,"Unknown"
"GCACTCTAGAGCTGGT","SRA526435","SRS1915196","Mus musculus","10x chromium","Cortex, hippocampus and subventricular zone","GCACTCTAGAGCTGGT",2874,6806,74,0.0108727593300029,"Unknown"
"GCACTCTAGCAGATCG","SRA526435","SRS1915196","Mus musculus","10x chromium","Cortex, hippocampus and subventricular zone","GCACTCTAGCAGATCG",2220,4775,55,0.0115183246073298,"Unknown"
"GCACTCTAGCTAAGAT","SRA526435","SRS1915196","Mus musculus","10x chromium","Cortex, hippocampus and subventricular zone","GCACTCTAGCTAAGAT",2149,4352,45,0.0103400735294118,"Unknown"
"GCACTCTAGGAATGGA","SRA526435","SRS1915196","Mus musculus","10x chromium","Cortex, hippocampus and subventricular zone","GCACTCTAGGAATGGA",3526,10605,71,0.0066949552098067,"Unknown"
"GCACTCTAGGCGCTCT","SRA526435","SRS1915196","Mus musculus","10x chromium","Cortex, hippocampus and subventricular zone","GCACTCTAGGCGCTCT",1519,2877,27,0.00938477580813347,"Unknown"
"GCACTCTAGGTAAACT","SRA526435","SRS1915196","Mus musculus","10x chromium","Cortex, hippocampus and subventricular zone","GCACTCTAGGTAAACT",1947,3817,51,0.0133612784909615,"Unknown"
"GCACTCTAGTACACCT","SRA526435","SRS1915196","Mus musculus","10x chromium","Cortex, hippocampus and subventricular zone","GCACTCTAGTACACCT",1913,3510,27,0.00769230769230769,"Unknown"
"GCACTCTAGTGAACAT","SRA526435","SRS1915196","Mus musculus","10x chromium","Cortex, hippocampus and subventricular zone","GCACTCTAGTGAACAT",2198,4664,58,0.0124356775300172,"Unknown"
"GCACTCTAGTGCGATG","SRA526435","SRS1915196","Mus musculus","10x chromium","Cortex, hippocampus and subventricular zone","GCACTCTAGTGCGATG",1227,2312,22,0.00951557093425606,"Unknown"
"GCACTCTAGTGGGATC","SRA526435","SRS1915196","Mus musculus","10x chromium","Cortex, hippocampus and subventricular zone","GCACTCTAGTGGGATC",1978,3775,45,0.0119205298013245,"Unknown"
"GCACTCTAGTTGCAGG","SRA526435","SRS1915196","Mus musculus","10x chromium","Cortex, hippocampus and subventricular zone","GCACTCTAGTTGCAGG",2087,4069,62,0.0152371590071271,"Unknown"
"GCACTCTCAAGGACTG","SRA526435","SRS1915196","Mus musculus","10x chromium","Cortex, hippocampus and subventricular zone","GCACTCTCAAGGACTG",2110,4647,85,0.0182913707768453,"Pericytes"
"GCACTCTCAATCTACG","SRA526435","SRS1915196","Mus musculus","10x chromium","Cortex, hippocampus and subventricular zone","GCACTCTCAATCTACG",1787,3421,41,0.0119847997661502,"Unknown"
"GCACTCTCATCCGCGA","SRA526435","SRS1915196","Mus musculus","10x chromium","Cortex, hippocampus and subventricular zone","GCACTCTCATCCGCGA",4236,12906,73,0.00565628389896172,"Unknown"
"GCACTCTGTAAGTAGT","SRA526435","SRS1915196","Mus musculus","10x chromium","Cortex, hippocampus and subventricular zone","GCACTCTGTAAGTAGT",2644,6119,84,0.0137277332897532,"Unknown"
"GCACTCTGTATGAAAC","SRA526435","SRS1915196","Mus musculus","10x chromium","Cortex, hippocampus and subventricular zone","GCACTCTGTATGAAAC",2617,5933,61,0.0102814764874431,"Unknown"
"GCACTCTGTGGTAACG","SRA526435","SRS1915196","Mus musculus","10x chromium","Cortex, hippocampus and subventricular zone","GCACTCTGTGGTAACG",1997,4165,61,0.0146458583433373,"Unknown"
"GCACTCTGTTAAAGAC","SRA526435","SRS1915196","Mus musculus","10x chromium","Cortex, hippocampus and subventricular zone","GCACTCTGTTAAAGAC",2745,6656,96,0.0144230769230769,"Unknown"
"GCACTCTGTTCTGTTT","SRA526435","SRS1915196","Mus musculus","10x chromium","Cortex, hippocampus and subventricular zone","GCACTCTGTTCTGTTT",1118,1671,28,0.0167564332734889,"Unknown"
"GCACTCTTCACTTACT","SRA526435","SRS1915196","Mus musculus","10x chromium","Cortex, hippocampus and subventricular zone","GCACTCTTCACTTACT",3448,10629,128,0.012042525166996,"Unknown"
"GCACTCTTCATAGCAC","SRA526435","SRS1915196","Mus musculus","10x chromium","Cortex, hippocampus and subventricular zone","GCACTCTTCATAGCAC",2407,4910,53,0.0107942973523422,"Unknown"
"GCACTCTTCATGTCCC","SRA526435","SRS1915196","Mus musculus","10x chromium","Cortex, hippocampus and subventricular zone","GCACTCTTCATGTCCC",2162,4464,50,0.0112007168458781,"Unknown"
"GCACTCTTCCGAATGT","SRA526435","SRS1915196","Mus musculus","10x chromium","Cortex, hippocampus and subventricular zone","GCACTCTTCCGAATGT",1888,3621,52,0.0143606738470036,"Unknown"
"GCACTCTTCCGCGCAA","SRA526435","SRS1915196","Mus musculus","10x chromium","Cortex, hippocampus and subventricular zone","GCACTCTTCCGCGCAA",2187,4839,55,0.0113659847075842,"Unknown"
"GCACTCTTCCTAGGGC","SRA526435","SRS1915196","Mus musculus","10x chromium","Cortex, hippocampus and subventricular zone","GCACTCTTCCTAGGGC",2208,4444,38,0.00855085508550855,"Unknown"
"GCACTCTTCTATCCTA","SRA526435","SRS1915196","Mus musculus","10x chromium","Cortex, hippocampus and subventricular zone","GCACTCTTCTATCCTA",2179,4297,37,0.00861065859902257,"Unknown"
"GCACTCTTCTGGTTCC","SRA526435","SRS1915196","Mus musculus","10x chromium","Cortex, hippocampus and subventricular zone","GCACTCTTCTGGTTCC",4046,11539,124,0.0107461651789583,"Cajal-Retzius cells"
"GCAGCCAAGCCATCGC","SRA526435","SRS1915196","Mus musculus","10x chromium","Cortex, hippocampus and subventricular zone","GCAGCCAAGCCATCGC",2979,7301,84,0.0115052732502397,"Unknown"
"GCAGCCAAGGACACCA","SRA526435","SRS1915196","Mus musculus","10x chromium","Cortex, hippocampus and subventricular zone","GCAGCCAAGGACACCA",2727,6411,53,0.0082670410232413,"Unknown"
"GCAGCCAAGGTGTTAA","SRA526435","SRS1915196","Mus musculus","10x chromium","Cortex, hippocampus and subventricular zone","GCAGCCAAGGTGTTAA",1247,2075,46,0.0221686746987952,"Unknown"
"GCAGCCAAGTGGAGAA","SRA526435","SRS1915196","Mus musculus","10x chromium","Cortex, hippocampus and subventricular zone","GCAGCCAAGTGGAGAA",1402,2460,44,0.0178861788617886,"Unknown"
"GCAGCCACAACTGCTA","SRA526435","SRS1915196","Mus musculus","10x chromium","Cortex, hippocampus and subventricular zone","GCAGCCACAACTGCTA",4365,13761,86,0.00624954581789114,"Unknown"
"GCAGCCACAAGCCATT","SRA526435","SRS1915196","Mus musculus","10x chromium","Cortex, hippocampus and subventricular zone","GCAGCCACAAGCCATT",3593,8601,98,0.0113940239507034,"Cajal-Retzius cells"
"GCAGCCACAAGTAGTA","SRA526435","SRS1915196","Mus musculus","10x chromium","Cortex, hippocampus and subventricular zone","GCAGCCACAAGTAGTA",1379,2324,42,0.0180722891566265,"Unknown"
"GCAGCCACACCACGTG","SRA526435","SRS1915196","Mus musculus","10x chromium","Cortex, hippocampus and subventricular zone","GCAGCCACACCACGTG",4639,14856,146,0.00982767905223479,"Unknown"
"GCAGCCACACGGACAA","SRA526435","SRS1915196","Mus musculus","10x chromium","Cortex, hippocampus and subventricular zone","GCAGCCACACGGACAA",3444,7605,54,0.00710059171597633,"Cajal-Retzius cells"
"GCAGCCACACGGTAAG","SRA526435","SRS1915196","Mus musculus","10x chromium","Cortex, hippocampus and subventricular zone","GCAGCCACACGGTAAG",3300,8093,81,0.0100086494501421,"Unknown"
"GCAGCCAGTACCAGTT","SRA526435","SRS1915196","Mus musculus","10x chromium","Cortex, hippocampus and subventricular zone","GCAGCCAGTACCAGTT",2802,6487,60,0.00924926776630183,"Unknown"
"GCAGCCAGTCCGAACC","SRA526435","SRS1915196","Mus musculus","10x chromium","Cortex, hippocampus and subventricular zone","GCAGCCAGTCCGAACC",2500,4531,105,0.0231736923416464,"Unknown"
"GCAGCCAGTCGTCTTC","SRA526435","SRS1915196","Mus musculus","10x chromium","Cortex, hippocampus and subventricular zone","GCAGCCAGTCGTCTTC",1790,3532,48,0.0135900339750849,"Unknown"
"GCAGCCAGTGCGATAG","SRA526435","SRS1915196","Mus musculus","10x chromium","Cortex, hippocampus and subventricular zone","GCAGCCAGTGCGATAG",1521,2852,39,0.0136746143057504,"Unknown"
"GCAGCCAGTTGTGGAG","SRA526435","SRS1915196","Mus musculus","10x chromium","Cortex, hippocampus and subventricular zone","GCAGCCAGTTGTGGAG",3293,7992,137,0.0171421421421421,"Cajal-Retzius cells"
"GCAGCCAGTTGTGGCC","SRA526435","SRS1915196","Mus musculus","10x chromium","Cortex, hippocampus and subventricular zone","GCAGCCAGTTGTGGCC",2241,4594,68,0.0148019155420113,"Unknown"
"GCAGCCATCACAGTAC","SRA526435","SRS1915196","Mus musculus","10x chromium","Cortex, hippocampus and subventricular zone","GCAGCCATCACAGTAC",3094,7022,80,0.0113927655938479,"Unknown"
"GCAGCCATCATTTGGG","SRA526435","SRS1915196","Mus musculus","10x chromium","Cortex, hippocampus and subventricular zone","GCAGCCATCATTTGGG",1536,2627,51,0.0194137799771603,"Unknown"
"GCAGCCATCTCACATT","SRA526435","SRS1915196","Mus musculus","10x chromium","Cortex, hippocampus and subventricular zone","GCAGCCATCTCACATT",2419,5731,112,0.0195428372011865,"Unknown"
"GCAGCCATCTGCTGTC","SRA526435","SRS1915196","Mus musculus","10x chromium","Cortex, hippocampus and subventricular zone","GCAGCCATCTGCTGTC",3010,7818,94,0.0120235354310565,"Unknown"
"GCAGCCATCTGTTGAG","SRA526435","SRS1915196","Mus musculus","10x chromium","Cortex, hippocampus and subventricular zone","GCAGCCATCTGTTGAG",840,1164,46,0.0395189003436426,"Unknown"
"GCAGTTAAGAACTCGG","SRA526435","SRS1915196","Mus musculus","10x chromium","Cortex, hippocampus and subventricular zone","GCAGTTAAGAACTCGG",2769,6361,96,0.0150919666719069,"Unknown"
"GCAGTTAAGACACGAC","SRA526435","SRS1915196","Mus musculus","10x chromium","Cortex, hippocampus and subventricular zone","GCAGTTAAGACACGAC",2280,4710,74,0.0157112526539278,"Unknown"
"GCAGTTAAGAGTGACC","SRA526435","SRS1915196","Mus musculus","10x chromium","Cortex, hippocampus and subventricular zone","GCAGTTAAGAGTGACC",3570,9086,121,0.013317191283293,"Unknown"
"GCAGTTAAGCTAACAA","SRA526435","SRS1915196","Mus musculus","10x chromium","Cortex, hippocampus and subventricular zone","GCAGTTAAGCTAACAA",1932,4226,52,0.0123047799337435,"Unknown"
"GCAGTTAAGGGTATCG","SRA526435","SRS1915196","Mus musculus","10x chromium","Cortex, hippocampus and subventricular zone","GCAGTTAAGGGTATCG",685,1079,25,0.0231696014828545,"Unknown"
"GCAGTTAAGTACTTGC","SRA526435","SRS1915196","Mus musculus","10x chromium","Cortex, hippocampus and subventricular zone","GCAGTTAAGTACTTGC",2141,4349,51,0.0117268337548862,"Unknown"
"GCAGTTAAGTCCGGTC","SRA526435","SRS1915196","Mus musculus","10x chromium","Cortex, hippocampus and subventricular zone","GCAGTTAAGTCCGGTC",1403,2417,23,0.00951592883740174,"Unknown"
"GCAGTTACAAGTAGTA","SRA526435","SRS1915196","Mus musculus","10x chromium","Cortex, hippocampus and subventricular zone","GCAGTTACAAGTAGTA",1451,2679,19,0.00709219858156028,"Unknown"
"GCAGTTACACAGAGGT","SRA526435","SRS1915196","Mus musculus","10x chromium","Cortex, hippocampus and subventricular zone","GCAGTTACACAGAGGT",2411,5230,51,0.00975143403441683,"Unknown"
"GCAGTTACAGCTGCTG","SRA526435","SRS1915196","Mus musculus","10x chromium","Cortex, hippocampus and subventricular zone","GCAGTTACAGCTGCTG",1385,1873,16,0.00854244527495996,"Unknown"
"GCAGTTACAGGACCCT","SRA526435","SRS1915196","Mus musculus","10x chromium","Cortex, hippocampus and subventricular zone","GCAGTTACAGGACCCT",2382,5655,70,0.0123784261715296,"Unknown"
"GCAGTTACATCCCACT","SRA526435","SRS1915196","Mus musculus","10x chromium","Cortex, hippocampus and subventricular zone","GCAGTTACATCCCACT",3964,11051,96,0.00868699665188671,"Unknown"
"GCAGTTAGTATATGGA","SRA526435","SRS1915196","Mus musculus","10x chromium","Cortex, hippocampus and subventricular zone","GCAGTTAGTATATGGA",3017,8240,107,0.0129854368932039,"Unknown"
"GCAGTTAGTCAAACTC","SRA526435","SRS1915196","Mus musculus","10x chromium","Cortex, hippocampus and subventricular zone","GCAGTTAGTCAAACTC",2292,4686,40,0.00853606487409304,"Unknown"
"GCAGTTAGTCATCCCT","SRA526435","SRS1915196","Mus musculus","10x chromium","Cortex, hippocampus and subventricular zone","GCAGTTAGTCATCCCT",2352,4915,36,0.00732451678535097,"Unknown"
"GCAGTTAGTCCAAGTT","SRA526435","SRS1915196","Mus musculus","10x chromium","Cortex, hippocampus and subventricular zone","GCAGTTAGTCCAAGTT",1794,3588,50,0.0139353400222965,"Unknown"
"GCAGTTAGTCTTCAAG","SRA526435","SRS1915196","Mus musculus","10x chromium","Cortex, hippocampus and subventricular zone","GCAGTTAGTCTTCAAG",2873,6931,91,0.0131294185543212,"Unknown"
"GCAGTTAGTCTTTCAT","SRA526435","SRS1915196","Mus musculus","10x chromium","Cortex, hippocampus and subventricular zone","GCAGTTAGTCTTTCAT",1381,2551,39,0.0152881223049784,"Unknown"
"GCAGTTAGTTCACGGC","SRA526435","SRS1915196","Mus musculus","10x chromium","Cortex, hippocampus and subventricular zone","GCAGTTAGTTCACGGC",2384,5071,65,0.0128179846184185,"Unknown"
"GCAGTTATCACTCCTG","SRA526435","SRS1915196","Mus musculus","10x chromium","Cortex, hippocampus and subventricular zone","GCAGTTATCACTCCTG",2300,4797,64,0.0133416718782572,"Unknown"
"GCAGTTATCATAAAGG","SRA526435","SRS1915196","Mus musculus","10x chromium","Cortex, hippocampus and subventricular zone","GCAGTTATCATAAAGG",1862,3625,33,0.00910344827586207,"Unknown"
"GCAGTTATCATATCGG","SRA526435","SRS1915196","Mus musculus","10x chromium","Cortex, hippocampus and subventricular zone","GCAGTTATCATATCGG",1985,3719,58,0.0155955902124227,"Unknown"
"GCAGTTATCCAAATGC","SRA526435","SRS1915196","Mus musculus","10x chromium","Cortex, hippocampus and subventricular zone","GCAGTTATCCAAATGC",2576,5282,127,0.0240439227565316,"Unknown"
"GCAGTTATCCCAGGTG","SRA526435","SRS1915196","Mus musculus","10x chromium","Cortex, hippocampus and subventricular zone","GCAGTTATCCCAGGTG",1720,3230,134,0.0414860681114551,"Unknown"
"GCAGTTATCGTTTAGG","SRA526435","SRS1915196","Mus musculus","10x chromium","Cortex, hippocampus and subventricular zone","GCAGTTATCGTTTAGG",2150,4416,69,0.015625,"Unknown"
"GCAGTTATCTCTTATG","SRA526435","SRS1915196","Mus musculus","10x chromium","Cortex, hippocampus and subventricular zone","GCAGTTATCTCTTATG",1304,2189,28,0.0127912288716309,"Unknown"
"GCATACAAGACGCAAC","SRA526435","SRS1915196","Mus musculus","10x chromium","Cortex, hippocampus and subventricular zone","GCATACAAGACGCAAC",2170,4101,47,0.0114606193611314,"Unknown"
"GCATACAAGATGGGTC","SRA526435","SRS1915196","Mus musculus","10x chromium","Cortex, hippocampus and subventricular zone","GCATACAAGATGGGTC",2330,5087,113,0.022213485354826,"Cajal-Retzius cells"
"GCATACAAGCCGGTAA","SRA526435","SRS1915196","Mus musculus","10x chromium","Cortex, hippocampus and subventricular zone","GCATACAAGCCGGTAA",1813,3363,67,0.0199226880761225,"Unknown"
"GCATACAAGCGCCTCA","SRA526435","SRS1915196","Mus musculus","10x chromium","Cortex, hippocampus and subventricular zone","GCATACAAGCGCCTCA",1600,2693,42,0.0155959896026736,"Unknown"
"GCATACAAGGAACTGC","SRA526435","SRS1915196","Mus musculus","10x chromium","Cortex, hippocampus and subventricular zone","GCATACAAGGAACTGC",2454,4950,71,0.0143434343434343,"Unknown"
"GCATACACAAACTGCT","SRA526435","SRS1915196","Mus musculus","10x chromium","Cortex, hippocampus and subventricular zone","GCATACACAAACTGCT",1499,2694,45,0.0167037861915367,"Unknown"
"GCATACACAACTGGCC","SRA526435","SRS1915196","Mus musculus","10x chromium","Cortex, hippocampus and subventricular zone","GCATACACAACTGGCC",2026,3958,65,0.016422435573522,"Unknown"
"GCATACACAATCACAC","SRA526435","SRS1915196","Mus musculus","10x chromium","Cortex, hippocampus and subventricular zone","GCATACACAATCACAC",2428,5459,111,0.0203333943945778,"Unknown"
"GCATACACAATCGGTT","SRA526435","SRS1915196","Mus musculus","10x chromium","Cortex, hippocampus and subventricular zone","GCATACACAATCGGTT",758,1071,30,0.0280112044817927,"Unknown"
"GCATACACAGATGGGT","SRA526435","SRS1915196","Mus musculus","10x chromium","Cortex, hippocampus and subventricular zone","GCATACACAGATGGGT",353,6042,14,0.00231711353856339,"Erythroid-like and erythroid precursor cells"
"GCATACACAGTCAGAG","SRA526435","SRS1915196","Mus musculus","10x chromium","Cortex, hippocampus and subventricular zone","GCATACACAGTCAGAG",757,1092,71,0.065018315018315,"Unknown"
"GCATACACATCCGGGT","SRA526435","SRS1915196","Mus musculus","10x chromium","Cortex, hippocampus and subventricular zone","GCATACACATCCGGGT",1001,1906,27,0.0141657922350472,"Unknown"
"GCATACACATTTGCCC","SRA526435","SRS1915196","Mus musculus","10x chromium","Cortex, hippocampus and subventricular zone","GCATACACATTTGCCC",96,3766,5,0.00132766861391397,"Erythroid-like and erythroid precursor cells"
"GCATACAGTAAGGATT","SRA526435","SRS1915196","Mus musculus","10x chromium","Cortex, hippocampus and subventricular zone","GCATACAGTAAGGATT",2726,7548,97,0.0128510863804981,"Unknown"
"GCATACAGTAGCGTCC","SRA526435","SRS1915196","Mus musculus","10x chromium","Cortex, hippocampus and subventricular zone","GCATACAGTAGCGTCC",3095,7960,97,0.0121859296482412,"Unknown"
"GCATACAGTATCAGTC","SRA526435","SRS1915196","Mus musculus","10x chromium","Cortex, hippocampus and subventricular zone","GCATACAGTATCAGTC",2483,5041,83,0.016464987105733,"Unknown"
"GCATACAGTATTCGTG","SRA526435","SRS1915196","Mus musculus","10x chromium","Cortex, hippocampus and subventricular zone","GCATACAGTATTCGTG",1256,2143,36,0.0167988800746617,"Unknown"
"GCATACAGTGGCAAAC","SRA526435","SRS1915196","Mus musculus","10x chromium","Cortex, hippocampus and subventricular zone","GCATACAGTGGCAAAC",1090,1488,31,0.0208333333333333,"Unknown"
"GCATACATCAATAAGG","SRA526435","SRS1915196","Mus musculus","10x chromium","Cortex, hippocampus and subventricular zone","GCATACATCAATAAGG",1941,4170,41,0.00983213429256595,"Unknown"
"GCATACATCGTGTAGT","SRA526435","SRS1915196","Mus musculus","10x chromium","Cortex, hippocampus and subventricular zone","GCATACATCGTGTAGT",1038,1507,18,0.0119442601194426,"Unknown"
"GCATACATCTAACTTC","SRA526435","SRS1915196","Mus musculus","10x chromium","Cortex, hippocampus and subventricular zone","GCATACATCTAACTTC",2757,6804,116,0.0170487948265726,"Unknown"
"GCATACATCTCCGGTT","SRA526435","SRS1915196","Mus musculus","10x chromium","Cortex, hippocampus and subventricular zone","GCATACATCTCCGGTT",254,2764,25,0.00904486251808972,"Erythroid-like and erythroid precursor cells"
"GCATACATCTTTACAC","SRA526435","SRS1915196","Mus musculus","10x chromium","Cortex, hippocampus and subventricular zone","GCATACATCTTTACAC",780,1286,15,0.0116640746500778,"Endothelial cells"
"GCATGATAGAAGATTC","SRA526435","SRS1915196","Mus musculus","10x chromium","Cortex, hippocampus and subventricular zone","GCATGATAGAAGATTC",1633,3120,66,0.0211538461538462,"Unknown"
"GCATGATAGACACTAA","SRA526435","SRS1915196","Mus musculus","10x chromium","Cortex, hippocampus and subventricular zone","GCATGATAGACACTAA",2574,5468,47,0.00859546452084857,"Unknown"
"GCATGATAGACCCACC","SRA526435","SRS1915196","Mus musculus","10x chromium","Cortex, hippocampus and subventricular zone","GCATGATAGACCCACC",1603,3005,53,0.0176372712146423,"Unknown"
"GCATGATAGAGCTGCA","SRA526435","SRS1915196","Mus musculus","10x chromium","Cortex, hippocampus and subventricular zone","GCATGATAGAGCTGCA",982,1660,43,0.0259036144578313,"Unknown"
"GCATGATAGCCGTCGT","SRA526435","SRS1915196","Mus musculus","10x chromium","Cortex, hippocampus and subventricular zone","GCATGATAGCCGTCGT",3035,7441,70,0.00940733772342427,"Unknown"
"GCATGATAGCGACGTA","SRA526435","SRS1915196","Mus musculus","10x chromium","Cortex, hippocampus and subventricular zone","GCATGATAGCGACGTA",957,1247,29,0.0232558139534884,"Unknown"
"GCATGATAGCGATCCC","SRA526435","SRS1915196","Mus musculus","10x chromium","Cortex, hippocampus and subventricular zone","GCATGATAGCGATCCC",2344,4980,40,0.00803212851405622,"Unknown"
"GCATGATAGCGTGTCC","SRA526435","SRS1915196","Mus musculus","10x chromium","Cortex, hippocampus and subventricular zone","GCATGATAGCGTGTCC",2658,5967,106,0.0177643707055472,"Unknown"
"GCATGATAGGATCGCA","SRA526435","SRS1915196","Mus musculus","10x chromium","Cortex, hippocampus and subventricular zone","GCATGATAGGATCGCA",1487,2783,30,0.0107797340998922,"Unknown"
"GCATGATAGGGATCTG","SRA526435","SRS1915196","Mus musculus","10x chromium","Cortex, hippocampus and subventricular zone","GCATGATAGGGATCTG",1664,3214,31,0.00964530180460485,"Unknown"
"GCATGATAGGGTGTTG","SRA526435","SRS1915196","Mus musculus","10x chromium","Cortex, hippocampus and subventricular zone","GCATGATAGGGTGTTG",4227,12201,197,0.0161462175231538,"Unknown"
"GCATGATAGGTTACCT","SRA526435","SRS1915196","Mus musculus","10x chromium","Cortex, hippocampus and subventricular zone","GCATGATAGGTTACCT",1463,2386,13,0.00544844928751048,"Unknown"
"GCATGATAGTGGACGT","SRA526435","SRS1915196","Mus musculus","10x chromium","Cortex, hippocampus and subventricular zone","GCATGATAGTGGACGT",1721,3104,32,0.0103092783505155,"Unknown"
"GCATGATCAAGGGTCA","SRA526435","SRS1915196","Mus musculus","10x chromium","Cortex, hippocampus and subventricular zone","GCATGATCAAGGGTCA",2227,5180,58,0.0111969111969112,"Unknown"
"GCATGATCAAGTACCT","SRA526435","SRS1915196","Mus musculus","10x chromium","Cortex, hippocampus and subventricular zone","GCATGATCAAGTACCT",1562,2661,27,0.0101465614430665,"Unknown"
"GCATGATCAATGGACG","SRA526435","SRS1915196","Mus musculus","10x chromium","Cortex, hippocampus and subventricular zone","GCATGATCAATGGACG",2677,6735,91,0.0135115070527097,"Unknown"
"GCATGATCACACTGCG","SRA526435","SRS1915196","Mus musculus","10x chromium","Cortex, hippocampus and subventricular zone","GCATGATCACACTGCG",1531,2783,105,0.0377290693496227,"Unknown"
"GCATGATCAGTATGCT","SRA526435","SRS1915196","Mus musculus","10x chromium","Cortex, hippocampus and subventricular zone","GCATGATCAGTATGCT",2114,4485,50,0.0111482720178372,"Unknown"
"GCATGATCATGCAATC","SRA526435","SRS1915196","Mus musculus","10x chromium","Cortex, hippocampus and subventricular zone","GCATGATCATGCAATC",3196,7910,92,0.0116308470290771,"Unknown"
"GCATGATGTAACGTTC","SRA526435","SRS1915196","Mus musculus","10x chromium","Cortex, hippocampus and subventricular zone","GCATGATGTAACGTTC",1590,3033,46,0.0151665018133861,"Unknown"
"GCATGATGTACATCCA","SRA526435","SRS1915196","Mus musculus","10x chromium","Cortex, hippocampus and subventricular zone","GCATGATGTACATCCA",1375,2213,20,0.00903750564844103,"Unknown"
"GCATGATGTAGGACAC","SRA526435","SRS1915196","Mus musculus","10x chromium","Cortex, hippocampus and subventricular zone","GCATGATGTAGGACAC",1899,3609,61,0.0169021889720144,"Unknown"
"GCATGATGTCAGAGGT","SRA526435","SRS1915196","Mus musculus","10x chromium","Cortex, hippocampus and subventricular zone","GCATGATGTCAGAGGT",1538,2461,75,0.0304754164973588,"Cajal-Retzius cells"
"GCATGATGTTCGTCTC","SRA526435","SRS1915196","Mus musculus","10x chromium","Cortex, hippocampus and subventricular zone","GCATGATGTTCGTCTC",2264,4661,46,0.00986912679682472,"Unknown"
"GCATGATTCTCAACTT","SRA526435","SRS1915196","Mus musculus","10x chromium","Cortex, hippocampus and subventricular zone","GCATGATTCTCAACTT",1929,3770,40,0.0106100795755968,"Unknown"
"GCATGCGAGAGTCGGT","SRA526435","SRS1915196","Mus musculus","10x chromium","Cortex, hippocampus and subventricular zone","GCATGCGAGAGTCGGT",2038,3960,169,0.0426767676767677,"Unknown"
"GCATGCGAGATGGGTC","SRA526435","SRS1915196","Mus musculus","10x chromium","Cortex, hippocampus and subventricular zone","GCATGCGAGATGGGTC",1935,3761,58,0.0154214304706195,"Unknown"
"GCATGCGAGCTAGGCA","SRA526435","SRS1915196","Mus musculus","10x chromium","Cortex, hippocampus and subventricular zone","GCATGCGAGCTAGGCA",1847,3298,51,0.0154639175257732,"Unknown"
"GCATGCGAGGAGCGAG","SRA526435","SRS1915196","Mus musculus","10x chromium","Cortex, hippocampus and subventricular zone","GCATGCGAGGAGCGAG",1044,1572,41,0.0260814249363868,"Unknown"
"GCATGCGAGGTGATAT","SRA526435","SRS1915196","Mus musculus","10x chromium","Cortex, hippocampus and subventricular zone","GCATGCGAGGTGATAT",1718,3183,45,0.0141376060320452,"Unknown"
"GCATGCGAGTGAACAT","SRA526435","SRS1915196","Mus musculus","10x chromium","Cortex, hippocampus and subventricular zone","GCATGCGAGTGAACAT",2104,4372,54,0.0123513266239707,"Unknown"
"GCATGCGCACATGACT","SRA526435","SRS1915196","Mus musculus","10x chromium","Cortex, hippocampus and subventricular zone","GCATGCGCACATGACT",2108,4206,59,0.0140275796481217,"Unknown"
"GCATGCGGTACAGCAG","SRA526435","SRS1915196","Mus musculus","10x chromium","Cortex, hippocampus and subventricular zone","GCATGCGGTACAGCAG",2555,5389,55,0.0102059751345333,"Unknown"
"GCATGCGGTAGCGTGA","SRA526435","SRS1915196","Mus musculus","10x chromium","Cortex, hippocampus and subventricular zone","GCATGCGGTAGCGTGA",2376,4772,39,0.00817267393126572,"Unknown"
"GCATGCGGTCCTAGCG","SRA526435","SRS1915196","Mus musculus","10x chromium","Cortex, hippocampus and subventricular zone","GCATGCGGTCCTAGCG",2234,4640,81,0.0174568965517241,"Unknown"
"GCATGCGGTCTAGCCG","SRA526435","SRS1915196","Mus musculus","10x chromium","Cortex, hippocampus and subventricular zone","GCATGCGGTCTAGCCG",2024,3629,36,0.00992008817856159,"Unknown"
"GCATGCGGTGGTGTAG","SRA526435","SRS1915196","Mus musculus","10x chromium","Cortex, hippocampus and subventricular zone","GCATGCGGTGGTGTAG",1214,1960,48,0.0244897959183673,"Unknown"
"GCATGCGGTTATCCGA","SRA526435","SRS1915196","Mus musculus","10x chromium","Cortex, hippocampus and subventricular zone","GCATGCGGTTATCCGA",2237,4723,71,0.0150328181240737,"Unknown"
"GCATGCGGTTCGCTAA","SRA526435","SRS1915196","Mus musculus","10x chromium","Cortex, hippocampus and subventricular zone","GCATGCGGTTCGCTAA",1378,2327,26,0.0111731843575419,"Unknown"
"GCATGCGTCACATAGC","SRA526435","SRS1915196","Mus musculus","10x chromium","Cortex, hippocampus and subventricular zone","GCATGCGTCACATAGC",2090,3982,31,0.0077850326469111,"Unknown"
"GCATGCGTCCGAACGC","SRA526435","SRS1915196","Mus musculus","10x chromium","Cortex, hippocampus and subventricular zone","GCATGCGTCCGAACGC",1855,3485,38,0.0109038737446198,"Unknown"
"GCATGCGTCTGCTGTC","SRA526435","SRS1915196","Mus musculus","10x chromium","Cortex, hippocampus and subventricular zone","GCATGCGTCTGCTGTC",1846,3508,74,0.0210946408209806,"Unknown"
"GCATGTAAGAATGTGT","SRA526435","SRS1915196","Mus musculus","10x chromium","Cortex, hippocampus and subventricular zone","GCATGTAAGAATGTGT",2030,4029,31,0.00769421692727724,"Unknown"
"GCATGTAAGCGATGAC","SRA526435","SRS1915196","Mus musculus","10x chromium","Cortex, hippocampus and subventricular zone","GCATGTAAGCGATGAC",1865,3529,116,0.0328705015585152,"Unknown"
"GCATGTAAGTTAACGA","SRA526435","SRS1915196","Mus musculus","10x chromium","Cortex, hippocampus and subventricular zone","GCATGTAAGTTAACGA",667,1336,7,0.00523952095808383,"Microglia"
"GCATGTACAAGACACG","SRA526435","SRS1915196","Mus musculus","10x chromium","Cortex, hippocampus and subventricular zone","GCATGTACAAGACACG",1995,3889,41,0.0105425559269735,"Unknown"
"GCATGTACAAGCTGTT","SRA526435","SRS1915196","Mus musculus","10x chromium","Cortex, hippocampus and subventricular zone","GCATGTACAAGCTGTT",925,1410,58,0.0411347517730496,"Unknown"
"GCATGTACACAGGTTT","SRA526435","SRS1915196","Mus musculus","10x chromium","Cortex, hippocampus and subventricular zone","GCATGTACACAGGTTT",2035,4010,74,0.0184538653366584,"Unknown"
"GCATGTACACCAGGTC","SRA526435","SRS1915196","Mus musculus","10x chromium","Cortex, hippocampus and subventricular zone","GCATGTACACCAGGTC",2339,4730,30,0.00634249471458774,"Unknown"
"GCATGTACATGACGGA","SRA526435","SRS1915196","Mus musculus","10x chromium","Cortex, hippocampus and subventricular zone","GCATGTACATGACGGA",1478,2623,95,0.0362180709111704,"Unknown"
"GCATGTACATTGCGGC","SRA526435","SRS1915196","Mus musculus","10x chromium","Cortex, hippocampus and subventricular zone","GCATGTACATTGCGGC",948,1610,42,0.0260869565217391,"Unknown"
"GCATGTAGTCAACTGT","SRA526435","SRS1915196","Mus musculus","10x chromium","Cortex, hippocampus and subventricular zone","GCATGTAGTCAACTGT",1895,3479,37,0.0106352400114976,"Unknown"
"GCATGTAGTCAGCTAT","SRA526435","SRS1915196","Mus musculus","10x chromium","Cortex, hippocampus and subventricular zone","GCATGTAGTCAGCTAT",2433,5076,32,0.00630417651694247,"Unknown"
"GCATGTAGTCCAACTA","SRA526435","SRS1915196","Mus musculus","10x chromium","Cortex, hippocampus and subventricular zone","GCATGTAGTCCAACTA",1847,3710,43,0.0115902964959569,"Unknown"
"GCATGTAGTCTGATCA","SRA526435","SRS1915196","Mus musculus","10x chromium","Cortex, hippocampus and subventricular zone","GCATGTAGTCTGATCA",2321,5116,26,0.00508209538702111,"Unknown"
"GCATGTAGTGAGTGAC","SRA526435","SRS1915196","Mus musculus","10x chromium","Cortex, hippocampus and subventricular zone","GCATGTAGTGAGTGAC",2392,5102,56,0.0109760878087025,"Unknown"
"GCATGTAGTGTAAGTA","SRA526435","SRS1915196","Mus musculus","10x chromium","Cortex, hippocampus and subventricular zone","GCATGTAGTGTAAGTA",1475,2826,38,0.013446567586695,"Unknown"
"GCATGTAGTTCGGGCT","SRA526435","SRS1915196","Mus musculus","10x chromium","Cortex, hippocampus and subventricular zone","GCATGTAGTTCGGGCT",2025,4376,97,0.0221663619744059,"Unknown"
"GCATGTAGTTCTGTTT","SRA526435","SRS1915196","Mus musculus","10x chromium","Cortex, hippocampus and subventricular zone","GCATGTAGTTCTGTTT",2706,6139,58,0.00944779280013031,"Unknown"
"GCATGTATCAGCTTAG","SRA526435","SRS1915196","Mus musculus","10x chromium","Cortex, hippocampus and subventricular zone","GCATGTATCAGCTTAG",2119,4092,46,0.0112414467253177,"Unknown"
"GCATGTATCAGTGCAT","SRA526435","SRS1915196","Mus musculus","10x chromium","Cortex, hippocampus and subventricular zone","GCATGTATCAGTGCAT",2009,4046,86,0.0212555610479486,"Unknown"
"GCATGTATCCATGAGT","SRA526435","SRS1915196","Mus musculus","10x chromium","Cortex, hippocampus and subventricular zone","GCATGTATCCATGAGT",1128,1967,74,0.0376207422470768,"Endothelial cells"
"GCATGTATCCGCATCT","SRA526435","SRS1915196","Mus musculus","10x chromium","Cortex, hippocampus and subventricular zone","GCATGTATCCGCATCT",2277,4220,48,0.0113744075829384,"Unknown"
"GCATGTATCGAATGCT","SRA526435","SRS1915196","Mus musculus","10x chromium","Cortex, hippocampus and subventricular zone","GCATGTATCGAATGCT",778,1006,22,0.0218687872763419,"Unknown"
"GCATGTATCGCGGATC","SRA526435","SRS1915196","Mus musculus","10x chromium","Cortex, hippocampus and subventricular zone","GCATGTATCGCGGATC",3160,7003,133,0.0189918606311581,"Oligodendrocyte progenitor cells"
"GCATGTATCGGAGGTA","SRA526435","SRS1915196","Mus musculus","10x chromium","Cortex, hippocampus and subventricular zone","GCATGTATCGGAGGTA",3929,10879,103,0.00946778196525416,"Unknown"
"GCATGTATCTGGAGCC","SRA526435","SRS1915196","Mus musculus","10x chromium","Cortex, hippocampus and subventricular zone","GCATGTATCTGGAGCC",2292,4717,41,0.00869196523213907,"Unknown"
"GCATGTATCTTGTCAT","SRA526435","SRS1915196","Mus musculus","10x chromium","Cortex, hippocampus and subventricular zone","GCATGTATCTTGTCAT",915,1461,5,0.00342231348391513,"Unknown"
"GCCAAATAGATGGGTC","SRA526435","SRS1915196","Mus musculus","10x chromium","Cortex, hippocampus and subventricular zone","GCCAAATAGATGGGTC",2298,4656,83,0.0178264604810997,"Unknown"
"GCCAAATAGCAAATCA","SRA526435","SRS1915196","Mus musculus","10x chromium","Cortex, hippocampus and subventricular zone","GCCAAATAGCAAATCA",3844,10742,108,0.0100539936697077,"Unknown"
"GCCAAATAGCCACCTG","SRA526435","SRS1915196","Mus musculus","10x chromium","Cortex, hippocampus and subventricular zone","GCCAAATAGCCACCTG",3092,7690,92,0.011963589076723,"Unknown"
"GCCAAATAGCGTGAAC","SRA526435","SRS1915196","Mus musculus","10x chromium","Cortex, hippocampus and subventricular zone","GCCAAATAGCGTGAAC",2854,7701,112,0.0145435657706791,"Unknown"
"GCCAAATAGTGTCCCG","SRA526435","SRS1915196","Mus musculus","10x chromium","Cortex, hippocampus and subventricular zone","GCCAAATAGTGTCCCG",1857,4168,54,0.0129558541266795,"Unknown"
"GCCAAATAGTTTAGGA","SRA526435","SRS1915196","Mus musculus","10x chromium","Cortex, hippocampus and subventricular zone","GCCAAATAGTTTAGGA",2674,6155,72,0.011697806661251,"Unknown"
"GCCAAATCAAGAGTCG","SRA526435","SRS1915196","Mus musculus","10x chromium","Cortex, hippocampus and subventricular zone","GCCAAATCAAGAGTCG",1086,3544,52,0.0146726862302483,"Microglia"
"GCCAAATCAATGTAAG","SRA526435","SRS1915196","Mus musculus","10x chromium","Cortex, hippocampus and subventricular zone","GCCAAATCAATGTAAG",2487,5578,74,0.0132664037289351,"Unknown"
"GCCAAATCACAAGTAA","SRA526435","SRS1915196","Mus musculus","10x chromium","Cortex, hippocampus and subventricular zone","GCCAAATCACAAGTAA",1749,3357,26,0.00774501042597557,"Unknown"
"GCCAAATCATGAAGTA","SRA526435","SRS1915196","Mus musculus","10x chromium","Cortex, hippocampus and subventricular zone","GCCAAATCATGAAGTA",1189,2416,58,0.0240066225165563,"Unknown"
"GCCAAATCATGCTAGT","SRA526435","SRS1915196","Mus musculus","10x chromium","Cortex, hippocampus and subventricular zone","GCCAAATCATGCTAGT",1669,3195,63,0.0197183098591549,"Unknown"
"GCCAAATCATTGGTAC","SRA526435","SRS1915196","Mus musculus","10x chromium","Cortex, hippocampus and subventricular zone","GCCAAATCATTGGTAC",1359,2505,29,0.0115768463073852,"Unknown"
"GCCAAATGTAAAGTCA","SRA526435","SRS1915196","Mus musculus","10x chromium","Cortex, hippocampus and subventricular zone","GCCAAATGTAAAGTCA",3192,8992,58,0.00645017793594306,"Unknown"
"GCCAAATGTAAGGGAA","SRA526435","SRS1915196","Mus musculus","10x chromium","Cortex, hippocampus and subventricular zone","GCCAAATGTAAGGGAA",2372,5571,96,0.0172320947765213,"Unknown"
"GCCAAATGTGTTTGGT","SRA526435","SRS1915196","Mus musculus","10x chromium","Cortex, hippocampus and subventricular zone","GCCAAATGTGTTTGGT",4383,11708,111,0.00948069695934404,"Unknown"
"GCCAAATGTTCGTCTC","SRA526435","SRS1915196","Mus musculus","10x chromium","Cortex, hippocampus and subventricular zone","GCCAAATGTTCGTCTC",1581,2809,36,0.0128159487362051,"Unknown"
"GCCAAATGTTGATTGC","SRA526435","SRS1915196","Mus musculus","10x chromium","Cortex, hippocampus and subventricular zone","GCCAAATGTTGATTGC",2787,6465,59,0.00912606341840681,"Unknown"
"GCCAAATTCAGCGACC","SRA526435","SRS1915196","Mus musculus","10x chromium","Cortex, hippocampus and subventricular zone","GCCAAATTCAGCGACC",1451,2531,58,0.0229158435401027,"Unknown"
"GCCAAATTCCTATTCA","SRA526435","SRS1915196","Mus musculus","10x chromium","Cortex, hippocampus and subventricular zone","GCCAAATTCCTATTCA",1947,3728,43,0.0115343347639485,"Unknown"
"GCCAAATTCCTTTCTC","SRA526435","SRS1915196","Mus musculus","10x chromium","Cortex, hippocampus and subventricular zone","GCCAAATTCCTTTCTC",1486,2473,69,0.0279013344116458,"Unknown"
"GCCAAATTCTCTAGGA","SRA526435","SRS1915196","Mus musculus","10x chromium","Cortex, hippocampus and subventricular zone","GCCAAATTCTCTAGGA",2628,6406,50,0.00780518264127381,"Unknown"
"GCCTCTAAGCCAGTAG","SRA526435","SRS1915196","Mus musculus","10x chromium","Cortex, hippocampus and subventricular zone","GCCTCTAAGCCAGTAG",1827,3266,65,0.0199020208205756,"Unknown"
"GCCTCTAAGCGCTTAT","SRA526435","SRS1915196","Mus musculus","10x chromium","Cortex, hippocampus and subventricular zone","GCCTCTAAGCGCTTAT",4745,14751,159,0.0107789302420175,"Unknown"
"GCCTCTAAGGGTGTGT","SRA526435","SRS1915196","Mus musculus","10x chromium","Cortex, hippocampus and subventricular zone","GCCTCTAAGGGTGTGT",1603,3120,58,0.0185897435897436,"Unknown"
"GCCTCTAAGGTGATAT","SRA526435","SRS1915196","Mus musculus","10x chromium","Cortex, hippocampus and subventricular zone","GCCTCTAAGGTGATAT",2923,7162,78,0.0108908126221726,"Unknown"
"GCCTCTAAGTAGCGGT","SRA526435","SRS1915196","Mus musculus","10x chromium","Cortex, hippocampus and subventricular zone","GCCTCTAAGTAGCGGT",157,5187,8,0.00154231733179102,"Erythroid-like and erythroid precursor cells"
"GCCTCTAAGTGAACGC","SRA526435","SRS1915196","Mus musculus","10x chromium","Cortex, hippocampus and subventricular zone","GCCTCTAAGTGAACGC",1548,2614,23,0.00879877582249426,"Unknown"
"GCCTCTAAGTGCGATG","SRA526435","SRS1915196","Mus musculus","10x chromium","Cortex, hippocampus and subventricular zone","GCCTCTAAGTGCGATG",2110,4321,91,0.0210599398287433,"Unknown"
"GCCTCTACAACGATGG","SRA526435","SRS1915196","Mus musculus","10x chromium","Cortex, hippocampus and subventricular zone","GCCTCTACAACGATGG",3279,7902,110,0.0139205264490003,"Unknown"
"GCCTCTACACAGTCGC","SRA526435","SRS1915196","Mus musculus","10x chromium","Cortex, hippocampus and subventricular zone","GCCTCTACACAGTCGC",1915,3812,64,0.0167890870933893,"Unknown"
"GCCTCTACAGACGCCT","SRA526435","SRS1915196","Mus musculus","10x chromium","Cortex, hippocampus and subventricular zone","GCCTCTACAGACGCCT",2574,7280,112,0.0153846153846154,"Unknown"
"GCCTCTACAGGCTCAC","SRA526435","SRS1915196","Mus musculus","10x chromium","Cortex, hippocampus and subventricular zone","GCCTCTACAGGCTCAC",1407,2183,19,0.0087036188731104,"Unknown"
"GCCTCTACATAAAGGT","SRA526435","SRS1915196","Mus musculus","10x chromium","Cortex, hippocampus and subventricular zone","GCCTCTACATAAAGGT",2355,5416,78,0.0144017725258493,"Unknown"
"GCCTCTAGTAGGAGTC","SRA526435","SRS1915196","Mus musculus","10x chromium","Cortex, hippocampus and subventricular zone","GCCTCTAGTAGGAGTC",1254,2124,35,0.0164783427495292,"Unknown"
"GCCTCTAGTCTCCCTA","SRA526435","SRS1915196","Mus musculus","10x chromium","Cortex, hippocampus and subventricular zone","GCCTCTAGTCTCCCTA",721,1077,48,0.0445682451253482,"Unknown"
"GCCTCTAGTTCCACAA","SRA526435","SRS1915196","Mus musculus","10x chromium","Cortex, hippocampus and subventricular zone","GCCTCTAGTTCCACAA",1693,2992,52,0.017379679144385,"Unknown"
"GCCTCTAGTTCGGCAC","SRA526435","SRS1915196","Mus musculus","10x chromium","Cortex, hippocampus and subventricular zone","GCCTCTAGTTCGGCAC",2497,6252,56,0.00895713371721049,"Unknown"
"GCCTCTATCAAGAAGT","SRA526435","SRS1915196","Mus musculus","10x chromium","Cortex, hippocampus and subventricular zone","GCCTCTATCAAGAAGT",2658,6307,80,0.0126843190106231,"Unknown"
"GCCTCTATCACCGGGT","SRA526435","SRS1915196","Mus musculus","10x chromium","Cortex, hippocampus and subventricular zone","GCCTCTATCACCGGGT",3087,7170,100,0.0139470013947001,"Unknown"
"GCCTCTATCAGTGTTG","SRA526435","SRS1915196","Mus musculus","10x chromium","Cortex, hippocampus and subventricular zone","GCCTCTATCAGTGTTG",1115,1897,35,0.018450184501845,"Unknown"
"GCCTCTATCCTTGGTC","SRA526435","SRS1915196","Mus musculus","10x chromium","Cortex, hippocampus and subventricular zone","GCCTCTATCCTTGGTC",1704,3216,21,0.00652985074626866,"Unknown"
"GCGACCAAGAAACGCC","SRA526435","SRS1915196","Mus musculus","10x chromium","Cortex, hippocampus and subventricular zone","GCGACCAAGAAACGCC",126,3850,6,0.00155844155844156,"Erythroid-like and erythroid precursor cells"
"GCGACCAAGAAAGTGG","SRA526435","SRS1915196","Mus musculus","10x chromium","Cortex, hippocampus and subventricular zone","GCGACCAAGAAAGTGG",2249,4821,55,0.0114084214893176,"Unknown"
"GCGACCAAGCATCATC","SRA526435","SRS1915196","Mus musculus","10x chromium","Cortex, hippocampus and subventricular zone","GCGACCAAGCATCATC",976,1320,32,0.0242424242424242,"Unknown"
"GCGACCACACACTGCG","SRA526435","SRS1915196","Mus musculus","10x chromium","Cortex, hippocampus and subventricular zone","GCGACCACACACTGCG",2433,5189,76,0.014646367315475,"Unknown"
"GCGACCACACCTTGTC","SRA526435","SRS1915196","Mus musculus","10x chromium","Cortex, hippocampus and subventricular zone","GCGACCACACCTTGTC",1330,1966,31,0.0157680569684639,"Unknown"
"GCGACCACACGCGAAA","SRA526435","SRS1915196","Mus musculus","10x chromium","Cortex, hippocampus and subventricular zone","GCGACCACACGCGAAA",3848,10597,191,0.0180239690478437,"Unknown"
"GCGACCACACTCTGTC","SRA526435","SRS1915196","Mus musculus","10x chromium","Cortex, hippocampus and subventricular zone","GCGACCACACTCTGTC",1419,2414,36,0.0149130074565037,"Unknown"
"GCGACCACAGCGTAAG","SRA526435","SRS1915196","Mus musculus","10x chromium","Cortex, hippocampus and subventricular zone","GCGACCACAGCGTAAG",2757,6017,65,0.0108027256107695,"Unknown"
"GCGACCACAGTCTTCC","SRA526435","SRS1915196","Mus musculus","10x chromium","Cortex, hippocampus and subventricular zone","GCGACCACAGTCTTCC",3020,7557,71,0.00939526267037184,"Unknown"
"GCGACCACATCCGCGA","SRA526435","SRS1915196","Mus musculus","10x chromium","Cortex, hippocampus and subventricular zone","GCGACCACATCCGCGA",1097,1627,39,0.0239704978488015,"Unknown"
"GCGACCACATCTGGTA","SRA526435","SRS1915196","Mus musculus","10x chromium","Cortex, hippocampus and subventricular zone","GCGACCACATCTGGTA",2537,4806,50,0.0104036620890553,"Oligodendrocyte progenitor cells"
"GCGACCACATGTCGAT","SRA526435","SRS1915196","Mus musculus","10x chromium","Cortex, hippocampus and subventricular zone","GCGACCACATGTCGAT",3098,7385,52,0.00704129993229519,"Unknown"
"GCGACCAGTAATCGTC","SRA526435","SRS1915196","Mus musculus","10x chromium","Cortex, hippocampus and subventricular zone","GCGACCAGTAATCGTC",2207,4437,45,0.0101419878296146,"Unknown"
"GCGACCAGTACTCAAC","SRA526435","SRS1915196","Mus musculus","10x chromium","Cortex, hippocampus and subventricular zone","GCGACCAGTACTCAAC",2759,6523,75,0.011497777096428,"Unknown"
"GCGACCAGTAGAAGGA","SRA526435","SRS1915196","Mus musculus","10x chromium","Cortex, hippocampus and subventricular zone","GCGACCAGTAGAAGGA",1347,2333,39,0.0167166738105444,"Unknown"
"GCGACCAGTCCCTTGT","SRA526435","SRS1915196","Mus musculus","10x chromium","Cortex, hippocampus and subventricular zone","GCGACCAGTCCCTTGT",754,1139,66,0.057945566286216,"Unknown"
"GCGACCAGTGGCCCTA","SRA526435","SRS1915196","Mus musculus","10x chromium","Cortex, hippocampus and subventricular zone","GCGACCAGTGGCCCTA",2597,6052,74,0.0122273628552545,"Unknown"
"GCGACCAGTTGGAGGT","SRA526435","SRS1915196","Mus musculus","10x chromium","Cortex, hippocampus and subventricular zone","GCGACCAGTTGGAGGT",2011,3757,60,0.0159701889805696,"Unknown"
"GCGACCATCCCTTGCA","SRA526435","SRS1915196","Mus musculus","10x chromium","Cortex, hippocampus and subventricular zone","GCGACCATCCCTTGCA",2125,4255,51,0.0119858989424207,"Unknown"
"GCGACCATCCTGCTTG","SRA526435","SRS1915196","Mus musculus","10x chromium","Cortex, hippocampus and subventricular zone","GCGACCATCCTGCTTG",2914,8033,77,0.00958545997759243,"Unknown"
"GCGAGAAAGACAAGCC","SRA526435","SRS1915196","Mus musculus","10x chromium","Cortex, hippocampus and subventricular zone","GCGAGAAAGACAAGCC",2108,4835,47,0.00972078593588418,"Unknown"
"GCGAGAAAGACCTTTG","SRA526435","SRS1915196","Mus musculus","10x chromium","Cortex, hippocampus and subventricular zone","GCGAGAAAGACCTTTG",2164,4752,80,0.0168350168350168,"Unknown"
"GCGAGAAAGATGTCGG","SRA526435","SRS1915196","Mus musculus","10x chromium","Cortex, hippocampus and subventricular zone","GCGAGAAAGATGTCGG",1826,3480,54,0.0155172413793103,"Unknown"
"GCGAGAAAGGAATCGC","SRA526435","SRS1915196","Mus musculus","10x chromium","Cortex, hippocampus and subventricular zone","GCGAGAAAGGAATCGC",2304,5381,94,0.0174688719568853,"Unknown"
"GCGAGAAAGGAGCGAG","SRA526435","SRS1915196","Mus musculus","10x chromium","Cortex, hippocampus and subventricular zone","GCGAGAAAGGAGCGAG",1641,3035,45,0.014827018121911,"Unknown"
"GCGAGAAAGTAGATGT","SRA526435","SRS1915196","Mus musculus","10x chromium","Cortex, hippocampus and subventricular zone","GCGAGAAAGTAGATGT",1593,2898,63,0.0217391304347826,"Unknown"
"GCGAGAAAGTGTACGG","SRA526435","SRS1915196","Mus musculus","10x chromium","Cortex, hippocampus and subventricular zone","GCGAGAAAGTGTACGG",1694,3713,78,0.0210072717479127,"Endothelial cells"
"GCGAGAACAAGACACG","SRA526435","SRS1915196","Mus musculus","10x chromium","Cortex, hippocampus and subventricular zone","GCGAGAACAAGACACG",2398,5320,44,0.00827067669172932,"Unknown"
"GCGAGAACAGACTCGC","SRA526435","SRS1915196","Mus musculus","10x chromium","Cortex, hippocampus and subventricular zone","GCGAGAACAGACTCGC",6095,24712,421,0.0170362576885724,"Endothelial cells"
"GCGAGAACAGCTTAAC","SRA526435","SRS1915196","Mus musculus","10x chromium","Cortex, hippocampus and subventricular zone","GCGAGAACAGCTTAAC",1030,1551,56,0.0361057382333978,"Unknown"
"GCGAGAACAGGGCATA","SRA526435","SRS1915196","Mus musculus","10x chromium","Cortex, hippocampus and subventricular zone","GCGAGAACAGGGCATA",2255,4682,58,0.0123878684322939,"Unknown"
"GCGAGAAGTGATGTGG","SRA526435","SRS1915196","Mus musculus","10x chromium","Cortex, hippocampus and subventricular zone","GCGAGAAGTGATGTGG",1319,2422,60,0.0247729149463254,"Unknown"
"GCGAGAAGTTACGACT","SRA526435","SRS1915196","Mus musculus","10x chromium","Cortex, hippocampus and subventricular zone","GCGAGAAGTTACGACT",1931,3608,36,0.00997782705099778,"Unknown"
"GCGAGAATCACCTCGT","SRA526435","SRS1915196","Mus musculus","10x chromium","Cortex, hippocampus and subventricular zone","GCGAGAATCACCTCGT",2247,4808,37,0.0076955074875208,"Unknown"
"GCGAGAATCCTGCAGG","SRA526435","SRS1915196","Mus musculus","10x chromium","Cortex, hippocampus and subventricular zone","GCGAGAATCCTGCAGG",1437,2306,54,0.023417172593235,"Cajal-Retzius cells"
"GCGAGAATCCTTGACC","SRA526435","SRS1915196","Mus musculus","10x chromium","Cortex, hippocampus and subventricular zone","GCGAGAATCCTTGACC",2343,4970,60,0.0120724346076459,"Unknown"
"GCGCAACAGATATACG","SRA526435","SRS1915196","Mus musculus","10x chromium","Cortex, hippocampus and subventricular zone","GCGCAACAGATATACG",1756,3476,54,0.0155350978135788,"Unknown"
"GCGCAACAGCCAGTAG","SRA526435","SRS1915196","Mus musculus","10x chromium","Cortex, hippocampus and subventricular zone","GCGCAACAGCCAGTAG",2639,6565,84,0.0127951256664128,"Unknown"
"GCGCAACAGTGCCAGA","SRA526435","SRS1915196","Mus musculus","10x chromium","Cortex, hippocampus and subventricular zone","GCGCAACAGTGCCAGA",1726,3170,106,0.0334384858044164,"Unknown"
"GCGCAACCAAGAGTCG","SRA526435","SRS1915196","Mus musculus","10x chromium","Cortex, hippocampus and subventricular zone","GCGCAACCAAGAGTCG",3504,8345,65,0.00778909526662672,"Cajal-Retzius cells"
"GCGCAACCAATAACGA","SRA526435","SRS1915196","Mus musculus","10x chromium","Cortex, hippocampus and subventricular zone","GCGCAACCAATAACGA",1859,3422,66,0.0192869666861484,"Unknown"
"GCGCAACCAATAGAGT","SRA526435","SRS1915196","Mus musculus","10x chromium","Cortex, hippocampus and subventricular zone","GCGCAACCAATAGAGT",3799,11028,137,0.0124229234675372,"Unknown"
"GCGCAACCACAAGCCC","SRA526435","SRS1915196","Mus musculus","10x chromium","Cortex, hippocampus and subventricular zone","GCGCAACCACAAGCCC",2465,5879,53,0.00901513862901854,"Unknown"
"GCGCAACCACTGAAGG","SRA526435","SRS1915196","Mus musculus","10x chromium","Cortex, hippocampus and subventricular zone","GCGCAACCACTGAAGG",2370,4953,29,0.00585503735110034,"Unknown"
"GCGCAACCAGATCCAT","SRA526435","SRS1915196","Mus musculus","10x chromium","Cortex, hippocampus and subventricular zone","GCGCAACCAGATCCAT",2572,6053,114,0.0188336362134479,"Unknown"
"GCGCAACCAGCTTCGG","SRA526435","SRS1915196","Mus musculus","10x chromium","Cortex, hippocampus and subventricular zone","GCGCAACCAGCTTCGG",2072,4319,71,0.0164389905070618,"Unknown"
"GCGCAACCAGGTCGTC","SRA526435","SRS1915196","Mus musculus","10x chromium","Cortex, hippocampus and subventricular zone","GCGCAACCAGGTCGTC",1392,2534,37,0.0146014206787687,"Unknown"
"GCGCAACCATGAAGTA","SRA526435","SRS1915196","Mus musculus","10x chromium","Cortex, hippocampus and subventricular zone","GCGCAACCATGAAGTA",2223,4574,68,0.014866637516397,"Unknown"
"GCGCAACGTAGGCTGA","SRA526435","SRS1915196","Mus musculus","10x chromium","Cortex, hippocampus and subventricular zone","GCGCAACGTAGGCTGA",2546,6107,85,0.0139184542328476,"Unknown"
"GCGCAACGTATTCTCT","SRA526435","SRS1915196","Mus musculus","10x chromium","Cortex, hippocampus and subventricular zone","GCGCAACGTATTCTCT",1602,2770,50,0.0180505415162455,"Unknown"
"GCGCAACGTCTAGGTT","SRA526435","SRS1915196","Mus musculus","10x chromium","Cortex, hippocampus and subventricular zone","GCGCAACGTCTAGGTT",2930,7845,90,0.011472275334608,"Unknown"
"GCGCAACGTGACTACT","SRA526435","SRS1915196","Mus musculus","10x chromium","Cortex, hippocampus and subventricular zone","GCGCAACGTGACTACT",2578,5784,76,0.0131396957123098,"Unknown"
"GCGCAACGTTATGCGT","SRA526435","SRS1915196","Mus musculus","10x chromium","Cortex, hippocampus and subventricular zone","GCGCAACGTTATGCGT",2316,4677,25,0.0053453068206115,"Unknown"
"GCGCAACGTTCTCATT","SRA526435","SRS1915196","Mus musculus","10x chromium","Cortex, hippocampus and subventricular zone","GCGCAACGTTCTCATT",1727,3256,64,0.0196560196560197,"Unknown"
"GCGCAACTCACTATTC","SRA526435","SRS1915196","Mus musculus","10x chromium","Cortex, hippocampus and subventricular zone","GCGCAACTCACTATTC",2485,5334,52,0.00974878140232471,"Unknown"
"GCGCAACTCAGCAACT","SRA526435","SRS1915196","Mus musculus","10x chromium","Cortex, hippocampus and subventricular zone","GCGCAACTCAGCAACT",1676,3026,44,0.0145406477197621,"Unknown"
"GCGCAACTCAGGCGAA","SRA526435","SRS1915196","Mus musculus","10x chromium","Cortex, hippocampus and subventricular zone","GCGCAACTCAGGCGAA",636,1084,19,0.0175276752767528,"Unknown"
"GCGCAACTCGGAGCAA","SRA526435","SRS1915196","Mus musculus","10x chromium","Cortex, hippocampus and subventricular zone","GCGCAACTCGGAGCAA",2028,4034,61,0.0151214675260288,"Unknown"
"GCGCAGTAGCAATCTC","SRA526435","SRS1915196","Mus musculus","10x chromium","Cortex, hippocampus and subventricular zone","GCGCAGTAGCAATCTC",1480,2616,46,0.0175840978593272,"Unknown"
"GCGCAGTAGCCACGCT","SRA526435","SRS1915196","Mus musculus","10x chromium","Cortex, hippocampus and subventricular zone","GCGCAGTAGCCACGCT",2302,4951,38,0.00767521712785296,"Unknown"
"GCGCAGTAGCCACTAT","SRA526435","SRS1915196","Mus musculus","10x chromium","Cortex, hippocampus and subventricular zone","GCGCAGTAGCCACTAT",1669,2734,36,0.0131675201170446,"Unknown"
"GCGCAGTAGCCCTAAT","SRA526435","SRS1915196","Mus musculus","10x chromium","Cortex, hippocampus and subventricular zone","GCGCAGTAGCCCTAAT",1839,3652,28,0.00766703176341731,"Unknown"
"GCGCAGTAGTACGATA","SRA526435","SRS1915196","Mus musculus","10x chromium","Cortex, hippocampus and subventricular zone","GCGCAGTAGTACGATA",1394,2492,98,0.0393258426966292,"Unknown"
"GCGCAGTAGTGAAGAG","SRA526435","SRS1915196","Mus musculus","10x chromium","Cortex, hippocampus and subventricular zone","GCGCAGTAGTGAAGAG",1161,1949,55,0.0282195997947665,"Unknown"
"GCGCAGTCAGCTATTG","SRA526435","SRS1915196","Mus musculus","10x chromium","Cortex, hippocampus and subventricular zone","GCGCAGTCAGCTATTG",1077,1765,80,0.0453257790368272,"Unknown"
"GCGCAGTGTAAGGGAA","SRA526435","SRS1915196","Mus musculus","10x chromium","Cortex, hippocampus and subventricular zone","GCGCAGTGTAAGGGAA",3281,8075,122,0.0151083591331269,"Unknown"
"GCGCAGTGTGCGATAG","SRA526435","SRS1915196","Mus musculus","10x chromium","Cortex, hippocampus and subventricular zone","GCGCAGTGTGCGATAG",3820,10309,100,0.00970026190707149,"Unknown"
"GCGCAGTGTGCGGTAA","SRA526435","SRS1915196","Mus musculus","10x chromium","Cortex, hippocampus and subventricular zone","GCGCAGTGTGCGGTAA",1827,3629,63,0.0173601543124828,"Unknown"
"GCGCAGTGTTAAAGTG","SRA526435","SRS1915196","Mus musculus","10x chromium","Cortex, hippocampus and subventricular zone","GCGCAGTGTTAAAGTG",2254,4893,62,0.0126711628857552,"Unknown"
"GCGCAGTGTTAAGAAC","SRA526435","SRS1915196","Mus musculus","10x chromium","Cortex, hippocampus and subventricular zone","GCGCAGTGTTAAGAAC",1967,3932,70,0.0178026449643947,"Unknown"
"GCGCAGTGTTCCGTCT","SRA526435","SRS1915196","Mus musculus","10x chromium","Cortex, hippocampus and subventricular zone","GCGCAGTGTTCCGTCT",2103,4110,52,0.0126520681265207,"Unknown"
"GCGCAGTGTTCTGAAC","SRA526435","SRS1915196","Mus musculus","10x chromium","Cortex, hippocampus and subventricular zone","GCGCAGTGTTCTGAAC",2198,4438,46,0.0103650292924741,"Unknown"
"GCGCAGTGTTTACTCT","SRA526435","SRS1915196","Mus musculus","10x chromium","Cortex, hippocampus and subventricular zone","GCGCAGTGTTTACTCT",1864,3666,68,0.0185488270594654,"Unknown"
"GCGCAGTTCCATGCTC","SRA526435","SRS1915196","Mus musculus","10x chromium","Cortex, hippocampus and subventricular zone","GCGCAGTTCCATGCTC",3900,10541,107,0.0101508395787876,"Unknown"
"GCGCAGTTCCCTTGCA","SRA526435","SRS1915196","Mus musculus","10x chromium","Cortex, hippocampus and subventricular zone","GCGCAGTTCCCTTGCA",2003,4227,38,0.00898982730068607,"Unknown"
"GCGCAGTTCTCCAACC","SRA526435","SRS1915196","Mus musculus","10x chromium","Cortex, hippocampus and subventricular zone","GCGCAGTTCTCCAACC",3349,9015,76,0.00843039378813089,"Unknown"
"GCGCCAAAGAGGTACC","SRA526435","SRS1915196","Mus musculus","10x chromium","Cortex, hippocampus and subventricular zone","GCGCCAAAGAGGTACC",2657,6167,73,0.0118371979892979,"Unknown"
"GCGCCAAAGAGTGACC","SRA526435","SRS1915196","Mus musculus","10x chromium","Cortex, hippocampus and subventricular zone","GCGCCAAAGAGTGACC",2180,4656,108,0.0231958762886598,"Unknown"
"GCGCCAAAGCGTTTAC","SRA526435","SRS1915196","Mus musculus","10x chromium","Cortex, hippocampus and subventricular zone","GCGCCAAAGCGTTTAC",1950,3564,58,0.0162738496071829,"Unknown"
"GCGCCAAAGGTCGGAT","SRA526435","SRS1915196","Mus musculus","10x chromium","Cortex, hippocampus and subventricular zone","GCGCCAAAGGTCGGAT",2005,3815,82,0.0214941022280472,"Unknown"
"GCGCCAAAGTAGGCCA","SRA526435","SRS1915196","Mus musculus","10x chromium","Cortex, hippocampus and subventricular zone","GCGCCAAAGTAGGCCA",3499,8595,80,0.00930773705642816,"Unknown"
"GCGCCAAAGTGAAGAG","SRA526435","SRS1915196","Mus musculus","10x chromium","Cortex, hippocampus and subventricular zone","GCGCCAAAGTGAAGAG",2472,5424,94,0.017330383480826,"Unknown"
"GCGCCAAAGTGCTGCC","SRA526435","SRS1915196","Mus musculus","10x chromium","Cortex, hippocampus and subventricular zone","GCGCCAAAGTGCTGCC",1961,3475,55,0.0158273381294964,"Unknown"
"GCGCCAAAGTTTAGGA","SRA526435","SRS1915196","Mus musculus","10x chromium","Cortex, hippocampus and subventricular zone","GCGCCAAAGTTTAGGA",1373,2501,32,0.0127948820471811,"Unknown"
"GCGCCAACAAAGCGGT","SRA526435","SRS1915196","Mus musculus","10x chromium","Cortex, hippocampus and subventricular zone","GCGCCAACAAAGCGGT",2029,4004,67,0.0167332667332667,"Unknown"
"GCGCCAACAAAGTCAA","SRA526435","SRS1915196","Mus musculus","10x chromium","Cortex, hippocampus and subventricular zone","GCGCCAACAAAGTCAA",2344,5023,117,0.0232928528767669,"Cajal-Retzius cells"
"GCGCCAACAACTGCGC","SRA526435","SRS1915196","Mus musculus","10x chromium","Cortex, hippocampus and subventricular zone","GCGCCAACAACTGCGC",3265,6532,129,0.019748928352725,"Unknown"
"GCGCCAACATAACCTG","SRA526435","SRS1915196","Mus musculus","10x chromium","Cortex, hippocampus and subventricular zone","GCGCCAACATAACCTG",3419,7228,51,0.00705589374654123,"Unknown"
"GCGCCAACATGCCTTC","SRA526435","SRS1915196","Mus musculus","10x chromium","Cortex, hippocampus and subventricular zone","GCGCCAACATGCCTTC",1822,3099,84,0.0271055179090029,"Unknown"
"GCGCCAAGTAAATGTG","SRA526435","SRS1915196","Mus musculus","10x chromium","Cortex, hippocampus and subventricular zone","GCGCCAAGTAAATGTG",1777,3216,49,0.0152363184079602,"Unknown"
"GCGCCAAGTAGCCTAT","SRA526435","SRS1915196","Mus musculus","10x chromium","Cortex, hippocampus and subventricular zone","GCGCCAAGTAGCCTAT",4384,12585,122,0.00969408025427096,"Unknown"
"GCGCCAAGTAGGAGTC","SRA526435","SRS1915196","Mus musculus","10x chromium","Cortex, hippocampus and subventricular zone","GCGCCAAGTAGGAGTC",867,1430,58,0.0405594405594406,"Unknown"
"GCGCCAAGTCATGCCG","SRA526435","SRS1915196","Mus musculus","10x chromium","Cortex, hippocampus and subventricular zone","GCGCCAAGTCATGCCG",1973,3780,71,0.0187830687830688,"Unknown"
"GCGCCAAGTCATTAGC","SRA526435","SRS1915196","Mus musculus","10x chromium","Cortex, hippocampus and subventricular zone","GCGCCAAGTCATTAGC",2315,4939,48,0.00971856651143956,"Unknown"
"GCGCCAAGTCCCGACA","SRA526435","SRS1915196","Mus musculus","10x chromium","Cortex, hippocampus and subventricular zone","GCGCCAAGTCCCGACA",2472,5250,52,0.0099047619047619,"Unknown"
"GCGCCAAGTCTTGCGG","SRA526435","SRS1915196","Mus musculus","10x chromium","Cortex, hippocampus and subventricular zone","GCGCCAAGTCTTGCGG",935,1369,41,0.0299488677867056,"Unknown"
"GCGCCAAGTTCGCTAA","SRA526435","SRS1915196","Mus musculus","10x chromium","Cortex, hippocampus and subventricular zone","GCGCCAAGTTCGCTAA",2324,4905,51,0.0103975535168196,"Unknown"
"GCGCCAATCGGCGGTT","SRA526435","SRS1915196","Mus musculus","10x chromium","Cortex, hippocampus and subventricular zone","GCGCCAATCGGCGGTT",2382,5197,65,0.0125072157013662,"Unknown"
"GCGCGATAGACATAAC","SRA526435","SRS1915196","Mus musculus","10x chromium","Cortex, hippocampus and subventricular zone","GCGCGATAGACATAAC",1668,3154,28,0.00887761572606214,"Unknown"
"GCGCGATAGGTGTGGT","SRA526435","SRS1915196","Mus musculus","10x chromium","Cortex, hippocampus and subventricular zone","GCGCGATAGGTGTGGT",1333,2296,35,0.0152439024390244,"Unknown"
"GCGCGATCACACGCTG","SRA526435","SRS1915196","Mus musculus","10x chromium","Cortex, hippocampus and subventricular zone","GCGCGATCACACGCTG",1919,3600,40,0.0111111111111111,"Unknown"
"GCGCGATCACCATCCT","SRA526435","SRS1915196","Mus musculus","10x chromium","Cortex, hippocampus and subventricular zone","GCGCGATCACCATCCT",4376,14494,121,0.00834828204774389,"Unknown"
"GCGCGATCACCGATAT","SRA526435","SRS1915196","Mus musculus","10x chromium","Cortex, hippocampus and subventricular zone","GCGCGATCACCGATAT",3388,8652,90,0.0104022191400832,"Unknown"
"GCGCGATCAGACGCAA","SRA526435","SRS1915196","Mus musculus","10x chromium","Cortex, hippocampus and subventricular zone","GCGCGATCAGACGCAA",1003,1397,52,0.0372226198997853,"Unknown"
"GCGCGATCAGGACCCT","SRA526435","SRS1915196","Mus musculus","10x chromium","Cortex, hippocampus and subventricular zone","GCGCGATCAGGACCCT",1276,2252,46,0.0204262877442274,"Unknown"
"GCGCGATCAGTCTTCC","SRA526435","SRS1915196","Mus musculus","10x chromium","Cortex, hippocampus and subventricular zone","GCGCGATCAGTCTTCC",2602,5876,123,0.0209326072157931,"Unknown"
"GCGCGATCATCAGTCA","SRA526435","SRS1915196","Mus musculus","10x chromium","Cortex, hippocampus and subventricular zone","GCGCGATCATCAGTCA",2374,5202,44,0.00845828527489427,"Unknown"
"GCGCGATGTACAGTTC","SRA526435","SRS1915196","Mus musculus","10x chromium","Cortex, hippocampus and subventricular zone","GCGCGATGTACAGTTC",2146,4374,69,0.0157750342935528,"Unknown"
"GCGCGATGTAGCTGCC","SRA526435","SRS1915196","Mus musculus","10x chromium","Cortex, hippocampus and subventricular zone","GCGCGATGTAGCTGCC",2877,5825,67,0.0115021459227468,"Unknown"
"GCGCGATGTATAAACG","SRA526435","SRS1915196","Mus musculus","10x chromium","Cortex, hippocampus and subventricular zone","GCGCGATGTATAAACG",1020,1511,46,0.0304434149569821,"Unknown"
"GCGCGATGTGAGGGTT","SRA526435","SRS1915196","Mus musculus","10x chromium","Cortex, hippocampus and subventricular zone","GCGCGATGTGAGGGTT",1070,1675,19,0.0113432835820896,"Unknown"
"GCGCGATTCAGAGGTG","SRA526435","SRS1915196","Mus musculus","10x chromium","Cortex, hippocampus and subventricular zone","GCGCGATTCAGAGGTG",2157,4145,21,0.00506634499396864,"Unknown"
"GCGCGATTCCCACTTG","SRA526435","SRS1915196","Mus musculus","10x chromium","Cortex, hippocampus and subventricular zone","GCGCGATTCCCACTTG",1052,1666,51,0.0306122448979592,"Unknown"
"GCGCGATTCCCTAACC","SRA526435","SRS1915196","Mus musculus","10x chromium","Cortex, hippocampus and subventricular zone","GCGCGATTCCCTAACC",833,1187,35,0.029486099410278,"Unknown"
"GCGCGATTCCGTCAAA","SRA526435","SRS1915196","Mus musculus","10x chromium","Cortex, hippocampus and subventricular zone","GCGCGATTCCGTCAAA",2649,5883,89,0.0151283358830529,"Unknown"
"GCGGGTTAGTGGTAAT","SRA526435","SRS1915196","Mus musculus","10x chromium","Cortex, hippocampus and subventricular zone","GCGGGTTAGTGGTAAT",2056,3955,31,0.00783817951959545,"Unknown"
"GCGGGTTCAAGCTGGA","SRA526435","SRS1915196","Mus musculus","10x chromium","Cortex, hippocampus and subventricular zone","GCGGGTTCAAGCTGGA",956,1664,31,0.0186298076923077,"Unknown"
"GCGGGTTCACCACGTG","SRA526435","SRS1915196","Mus musculus","10x chromium","Cortex, hippocampus and subventricular zone","GCGGGTTCACCACGTG",1568,2956,31,0.0104871447902571,"Unknown"
"GCGGGTTCACGACGAA","SRA526435","SRS1915196","Mus musculus","10x chromium","Cortex, hippocampus and subventricular zone","GCGGGTTCACGACGAA",1017,1653,51,0.0308529945553539,"Unknown"
"GCGGGTTCAGCTGTGC","SRA526435","SRS1915196","Mus musculus","10x chromium","Cortex, hippocampus and subventricular zone","GCGGGTTCAGCTGTGC",1440,2394,48,0.0200501253132832,"Unknown"
"GCGGGTTCAGCTGTTA","SRA526435","SRS1915196","Mus musculus","10x chromium","Cortex, hippocampus and subventricular zone","GCGGGTTCAGCTGTTA",249,3031,3,0.000989772352358957,"Erythroid-like and erythroid precursor cells"
"GCGGGTTCAGTATGCT","SRA526435","SRS1915196","Mus musculus","10x chromium","Cortex, hippocampus and subventricular zone","GCGGGTTCAGTATGCT",2974,7403,123,0.016614885857085,"Unknown"
"GCGGGTTCATATACCG","SRA526435","SRS1915196","Mus musculus","10x chromium","Cortex, hippocampus and subventricular zone","GCGGGTTCATATACCG",2458,5344,74,0.0138473053892216,"Unknown"
"GCGGGTTGTCCTCTTG","SRA526435","SRS1915196","Mus musculus","10x chromium","Cortex, hippocampus and subventricular zone","GCGGGTTGTCCTCTTG",961,1394,81,0.0581061692969871,"Unknown"
"GCGGGTTGTCTCCCTA","SRA526435","SRS1915196","Mus musculus","10x chromium","Cortex, hippocampus and subventricular zone","GCGGGTTGTCTCCCTA",1551,3180,85,0.0267295597484277,"Endothelial cells"
"GCGGGTTGTCTTTCAT","SRA526435","SRS1915196","Mus musculus","10x chromium","Cortex, hippocampus and subventricular zone","GCGGGTTGTCTTTCAT",2302,4886,62,0.0126893164142448,"Unknown"
"GCGGGTTGTGAGTATA","SRA526435","SRS1915196","Mus musculus","10x chromium","Cortex, hippocampus and subventricular zone","GCGGGTTGTGAGTATA",1975,3612,24,0.00664451827242525,"Unknown"
"GCGGGTTGTGGTACAG","SRA526435","SRS1915196","Mus musculus","10x chromium","Cortex, hippocampus and subventricular zone","GCGGGTTGTGGTACAG",3240,8466,96,0.0113394755492558,"Unknown"
"GCGGGTTGTTGGGACA","SRA526435","SRS1915196","Mus musculus","10x chromium","Cortex, hippocampus and subventricular zone","GCGGGTTGTTGGGACA",1898,3959,48,0.0121242738065168,"Unknown"
"GCGGGTTTCCCTAACC","SRA526435","SRS1915196","Mus musculus","10x chromium","Cortex, hippocampus and subventricular zone","GCGGGTTTCCCTAACC",2930,6232,132,0.021181001283697,"Unknown"
"GCGGGTTTCTACCTGC","SRA526435","SRS1915196","Mus musculus","10x chromium","Cortex, hippocampus and subventricular zone","GCGGGTTTCTACCTGC",1660,2906,51,0.0175498967653131,"Unknown"
"GCGGGTTTCTCTGTCG","SRA526435","SRS1915196","Mus musculus","10x chromium","Cortex, hippocampus and subventricular zone","GCGGGTTTCTCTGTCG",1663,3043,65,0.0213604995070654,"Unknown"
"GCGGGTTTCTTATCTG","SRA526435","SRS1915196","Mus musculus","10x chromium","Cortex, hippocampus and subventricular zone","GCGGGTTTCTTATCTG",1861,3703,26,0.00702133405347016,"Unknown"
"GCTCCTAAGATGGGTC","SRA526435","SRS1915196","Mus musculus","10x chromium","Cortex, hippocampus and subventricular zone","GCTCCTAAGATGGGTC",2312,4743,66,0.0139152435167615,"Unknown"
"GCTCCTAAGCCCGAAA","SRA526435","SRS1915196","Mus musculus","10x chromium","Cortex, hippocampus and subventricular zone","GCTCCTAAGCCCGAAA",806,1174,62,0.0528109028960818,"Unknown"
"GCTCCTAAGCTCCTCT","SRA526435","SRS1915196","Mus musculus","10x chromium","Cortex, hippocampus and subventricular zone","GCTCCTAAGCTCCTCT",1408,2349,44,0.0187313750532141,"Unknown"
"GCTCCTAAGGATCGCA","SRA526435","SRS1915196","Mus musculus","10x chromium","Cortex, hippocampus and subventricular zone","GCTCCTAAGGATCGCA",3150,7286,50,0.00686247598133407,"Unknown"
"GCTCCTACAAGGTGTG","SRA526435","SRS1915196","Mus musculus","10x chromium","Cortex, hippocampus and subventricular zone","GCTCCTACAAGGTGTG",2484,5344,55,0.0102919161676647,"Unknown"
"GCTCCTACACTGTGTA","SRA526435","SRS1915196","Mus musculus","10x chromium","Cortex, hippocampus and subventricular zone","GCTCCTACACTGTGTA",1559,2674,89,0.0332834704562453,"Unknown"
"GCTCCTACAGCTTCGG","SRA526435","SRS1915196","Mus musculus","10x chromium","Cortex, hippocampus and subventricular zone","GCTCCTACAGCTTCGG",2639,5194,27,0.0051983057373893,"Unknown"
"GCTCCTACATTGAGCT","SRA526435","SRS1915196","Mus musculus","10x chromium","Cortex, hippocampus and subventricular zone","GCTCCTACATTGAGCT",2225,4607,57,0.0123724766659431,"Unknown"
"GCTCCTAGTGTCTGAT","SRA526435","SRS1915196","Mus musculus","10x chromium","Cortex, hippocampus and subventricular zone","GCTCCTAGTGTCTGAT",820,1137,66,0.0580474934036939,"Unknown"
"GCTCCTAGTGTGACCC","SRA526435","SRS1915196","Mus musculus","10x chromium","Cortex, hippocampus and subventricular zone","GCTCCTAGTGTGACCC",2002,4130,83,0.0200968523002421,"Unknown"
"GCTCCTAGTGTTTGTG","SRA526435","SRS1915196","Mus musculus","10x chromium","Cortex, hippocampus and subventricular zone","GCTCCTAGTGTTTGTG",2670,5585,67,0.0119964189794091,"Cajal-Retzius cells"
"GCTCCTATCACCCGAG","SRA526435","SRS1915196","Mus musculus","10x chromium","Cortex, hippocampus and subventricular zone","GCTCCTATCACCCGAG",1480,2502,12,0.00479616306954436,"Unknown"
"GCTCCTATCACCTTAT","SRA526435","SRS1915196","Mus musculus","10x chromium","Cortex, hippocampus and subventricular zone","GCTCCTATCACCTTAT",3677,10316,128,0.0124079100426522,"Unknown"
"GCTCCTATCATCGCTC","SRA526435","SRS1915196","Mus musculus","10x chromium","Cortex, hippocampus and subventricular zone","GCTCCTATCATCGCTC",136,5472,14,0.00255847953216374,"Erythroid-like and erythroid precursor cells"
"GCTCCTATCTTCCTTC","SRA526435","SRS1915196","Mus musculus","10x chromium","Cortex, hippocampus and subventricular zone","GCTCCTATCTTCCTTC",1403,2394,28,0.0116959064327485,"Unknown"
"GCTCTGTAGACTTTCG","SRA526435","SRS1915196","Mus musculus","10x chromium","Cortex, hippocampus and subventricular zone","GCTCTGTAGACTTTCG",78,3501,8,0.00228506141102542,"Erythroid-like and erythroid precursor cells"
"GCTCTGTAGATGTAAC","SRA526435","SRS1915196","Mus musculus","10x chromium","Cortex, hippocampus and subventricular zone","GCTCTGTAGATGTAAC",4059,12446,140,0.0112485939257593,"Unknown"
"GCTCTGTAGCCAGGAT","SRA526435","SRS1915196","Mus musculus","10x chromium","Cortex, hippocampus and subventricular zone","GCTCTGTAGCCAGGAT",2211,4995,66,0.0132132132132132,"Unknown"
"GCTCTGTAGCGAAGGG","SRA526435","SRS1915196","Mus musculus","10x chromium","Cortex, hippocampus and subventricular zone","GCTCTGTAGCGAAGGG",1893,4143,55,0.0132754042964036,"Unknown"
"GCTCTGTCAAAGCAAT","SRA526435","SRS1915196","Mus musculus","10x chromium","Cortex, hippocampus and subventricular zone","GCTCTGTCAAAGCAAT",1428,2424,49,0.0202145214521452,"Unknown"
"GCTCTGTCAATACGCT","SRA526435","SRS1915196","Mus musculus","10x chromium","Cortex, hippocampus and subventricular zone","GCTCTGTCAATACGCT",1499,2713,27,0.00995208256542573,"Unknown"
"GCTCTGTCACAGACAG","SRA526435","SRS1915196","Mus musculus","10x chromium","Cortex, hippocampus and subventricular zone","GCTCTGTCACAGACAG",3752,11466,58,0.0050584336298622,"Unknown"
"GCTCTGTCACCGATAT","SRA526435","SRS1915196","Mus musculus","10x chromium","Cortex, hippocampus and subventricular zone","GCTCTGTCACCGATAT",2643,6308,125,0.0198161065313887,"Unknown"
"GCTCTGTCACTAAGTC","SRA526435","SRS1915196","Mus musculus","10x chromium","Cortex, hippocampus and subventricular zone","GCTCTGTCACTAAGTC",2279,5148,76,0.0147630147630148,"Unknown"
"GCTCTGTCAGCTGTGC","SRA526435","SRS1915196","Mus musculus","10x chromium","Cortex, hippocampus and subventricular zone","GCTCTGTCAGCTGTGC",2072,4058,57,0.0140463282405126,"Unknown"
"GCTCTGTGTCTGATTG","SRA526435","SRS1915196","Mus musculus","10x chromium","Cortex, hippocampus and subventricular zone","GCTCTGTGTCTGATTG",1777,3183,60,0.0188501413760603,"Unknown"
"GCTCTGTGTTACAGAA","SRA526435","SRS1915196","Mus musculus","10x chromium","Cortex, hippocampus and subventricular zone","GCTCTGTGTTACAGAA",1238,2033,21,0.0103295622233153,"Unknown"
"GCTCTGTGTTGACGTT","SRA526435","SRS1915196","Mus musculus","10x chromium","Cortex, hippocampus and subventricular zone","GCTCTGTGTTGACGTT",2703,6814,34,0.00498972703257998,"Unknown"
"GCTCTGTTCAACGGGA","SRA526435","SRS1915196","Mus musculus","10x chromium","Cortex, hippocampus and subventricular zone","GCTCTGTTCAACGGGA",2622,7396,109,0.01473769605192,"Endothelial cells"
"GCTCTGTTCACATGCA","SRA526435","SRS1915196","Mus musculus","10x chromium","Cortex, hippocampus and subventricular zone","GCTCTGTTCACATGCA",1696,3061,34,0.0111074812152891,"Unknown"
"GCTCTGTTCGAACTGT","SRA526435","SRS1915196","Mus musculus","10x chromium","Cortex, hippocampus and subventricular zone","GCTCTGTTCGAACTGT",2491,5197,73,0.0140465653261497,"Unknown"
"GCTCTGTTCGTGGACC","SRA526435","SRS1915196","Mus musculus","10x chromium","Cortex, hippocampus and subventricular zone","GCTCTGTTCGTGGACC",2686,6609,43,0.00650627931608413,"Unknown"
"GCTCTGTTCTGGAGCC","SRA526435","SRS1915196","Mus musculus","10x chromium","Cortex, hippocampus and subventricular zone","GCTCTGTTCTGGAGCC",2092,4464,74,0.0165770609318996,"Unknown"
"GCTGCAGAGAACAATC","SRA526435","SRS1915196","Mus musculus","10x chromium","Cortex, hippocampus and subventricular zone","GCTGCAGAGAACAATC",1799,3256,39,0.011977886977887,"Unknown"
"GCTGCAGAGCGTTTAC","SRA526435","SRS1915196","Mus musculus","10x chromium","Cortex, hippocampus and subventricular zone","GCTGCAGAGCGTTTAC",1490,2566,31,0.0120810600155885,"Unknown"
"GCTGCAGAGGACGAAA","SRA526435","SRS1915196","Mus musculus","10x chromium","Cortex, hippocampus and subventricular zone","GCTGCAGAGGACGAAA",929,1428,63,0.0441176470588235,"Unknown"
"GCTGCAGAGGATTCGG","SRA526435","SRS1915196","Mus musculus","10x chromium","Cortex, hippocampus and subventricular zone","GCTGCAGAGGATTCGG",2267,4594,46,0.0100130605137135,"Unknown"
"GCTGCAGAGTTTGCGT","SRA526435","SRS1915196","Mus musculus","10x chromium","Cortex, hippocampus and subventricular zone","GCTGCAGAGTTTGCGT",2757,7304,115,0.0157447973713034,"Unknown"
"GCTGCAGCAATGTTGC","SRA526435","SRS1915196","Mus musculus","10x chromium","Cortex, hippocampus and subventricular zone","GCTGCAGCAATGTTGC",1766,3372,70,0.0207591933570581,"Unknown"
"GCTGCAGCACAGACAG","SRA526435","SRS1915196","Mus musculus","10x chromium","Cortex, hippocampus and subventricular zone","GCTGCAGCACAGACAG",2359,4949,93,0.0187916750858759,"Unknown"
"GCTGCAGCACATTCGA","SRA526435","SRS1915196","Mus musculus","10x chromium","Cortex, hippocampus and subventricular zone","GCTGCAGCACATTCGA",1886,3373,39,0.0115624073525052,"Unknown"
"GCTGCAGCAGACGTAG","SRA526435","SRS1915196","Mus musculus","10x chromium","Cortex, hippocampus and subventricular zone","GCTGCAGCAGACGTAG",1846,3335,42,0.0125937031484258,"Unknown"
"GCTGCAGCAGCGTAAG","SRA526435","SRS1915196","Mus musculus","10x chromium","Cortex, hippocampus and subventricular zone","GCTGCAGCAGCGTAAG",1789,3253,42,0.0129111589302183,"Unknown"
"GCTGCAGCAGTTCCCT","SRA526435","SRS1915196","Mus musculus","10x chromium","Cortex, hippocampus and subventricular zone","GCTGCAGCAGTTCCCT",1590,3024,57,0.0188492063492063,"Unknown"
"GCTGCAGCATGGATGG","SRA526435","SRS1915196","Mus musculus","10x chromium","Cortex, hippocampus and subventricular zone","GCTGCAGCATGGATGG",833,1205,63,0.0522821576763485,"Unknown"
"GCTGCAGGTACCTACA","SRA526435","SRS1915196","Mus musculus","10x chromium","Cortex, hippocampus and subventricular zone","GCTGCAGGTACCTACA",3815,10430,112,0.010738255033557,"Unknown"
"GCTGCAGTCAACACAC","SRA526435","SRS1915196","Mus musculus","10x chromium","Cortex, hippocampus and subventricular zone","GCTGCAGTCAACACAC",2329,4644,73,0.0157192075796727,"Unknown"
"GCTGCAGTCACCCGAG","SRA526435","SRS1915196","Mus musculus","10x chromium","Cortex, hippocampus and subventricular zone","GCTGCAGTCACCCGAG",2385,5211,60,0.0115141047783535,"Unknown"
"GCTGCAGTCCGAATGT","SRA526435","SRS1915196","Mus musculus","10x chromium","Cortex, hippocampus and subventricular zone","GCTGCAGTCCGAATGT",1467,2343,22,0.00938967136150235,"Unknown"
"GCTGCAGTCGCTGATA","SRA526435","SRS1915196","Mus musculus","10x chromium","Cortex, hippocampus and subventricular zone","GCTGCAGTCGCTGATA",1042,1642,3,0.00182704019488429,"Unknown"
"GCTGCAGTCGGAGCAA","SRA526435","SRS1915196","Mus musculus","10x chromium","Cortex, hippocampus and subventricular zone","GCTGCAGTCGGAGCAA",2612,6509,106,0.0162851436472576,"Unknown"
"GCTGCAGTCGGCGGTT","SRA526435","SRS1915196","Mus musculus","10x chromium","Cortex, hippocampus and subventricular zone","GCTGCAGTCGGCGGTT",2482,5525,54,0.0097737556561086,"Unknown"
"GCTGCAGTCGGTCTAA","SRA526435","SRS1915196","Mus musculus","10x chromium","Cortex, hippocampus and subventricular zone","GCTGCAGTCGGTCTAA",2578,5272,62,0.0117602427921093,"Unknown"
"GCTGCAGTCTTACCGC","SRA526435","SRS1915196","Mus musculus","10x chromium","Cortex, hippocampus and subventricular zone","GCTGCAGTCTTACCGC",1005,1383,118,0.0853217642805495,"Unknown"
"GCTGCAGTCTTTAGGG","SRA526435","SRS1915196","Mus musculus","10x chromium","Cortex, hippocampus and subventricular zone","GCTGCAGTCTTTAGGG",2873,6492,80,0.0123228589032656,"Unknown"
"GCTGCGAAGGATGGAA","SRA526435","SRS1915196","Mus musculus","10x chromium","Cortex, hippocampus and subventricular zone","GCTGCGAAGGATGGAA",1047,1552,51,0.032860824742268,"Unknown"
"GCTGCGAAGGGTCTCC","SRA526435","SRS1915196","Mus musculus","10x chromium","Cortex, hippocampus and subventricular zone","GCTGCGAAGGGTCTCC",1751,3367,65,0.0193050193050193,"Unknown"
"GCTGCGACAAAGGCGT","SRA526435","SRS1915196","Mus musculus","10x chromium","Cortex, hippocampus and subventricular zone","GCTGCGACAAAGGCGT",2281,5720,53,0.00926573426573427,"Unknown"
"GCTGCGACAAATTGCC","SRA526435","SRS1915196","Mus musculus","10x chromium","Cortex, hippocampus and subventricular zone","GCTGCGACAAATTGCC",1292,2415,84,0.0347826086956522,"Unknown"
"GCTGCGACAATCCGAT","SRA526435","SRS1915196","Mus musculus","10x chromium","Cortex, hippocampus and subventricular zone","GCTGCGACAATCCGAT",2158,4385,43,0.00980615735461802,"Unknown"
"GCTGCGACACACCGCA","SRA526435","SRS1915196","Mus musculus","10x chromium","Cortex, hippocampus and subventricular zone","GCTGCGACACACCGCA",1619,3160,42,0.0132911392405063,"Unknown"
"GCTGCGACACGTTGGC","SRA526435","SRS1915196","Mus musculus","10x chromium","Cortex, hippocampus and subventricular zone","GCTGCGACACGTTGGC",1368,2300,69,0.03,"Unknown"
"GCTGCGACAGATCCAT","SRA526435","SRS1915196","Mus musculus","10x chromium","Cortex, hippocampus and subventricular zone","GCTGCGACAGATCCAT",1849,3487,4,0.00114711786636077,"Unknown"
"GCTGCGACAGCTGTAT","SRA526435","SRS1915196","Mus musculus","10x chromium","Cortex, hippocampus and subventricular zone","GCTGCGACAGCTGTAT",2700,5803,95,0.0163708426675857,"Unknown"
"GCTGCGACAGGACCCT","SRA526435","SRS1915196","Mus musculus","10x chromium","Cortex, hippocampus and subventricular zone","GCTGCGACAGGACCCT",2167,4767,77,0.0161527165932452,"Unknown"
"GCTGCGACAGTATAAG","SRA526435","SRS1915196","Mus musculus","10x chromium","Cortex, hippocampus and subventricular zone","GCTGCGACAGTATAAG",1987,4111,47,0.0114327414254439,"Unknown"
"GCTGCGACATGACGGA","SRA526435","SRS1915196","Mus musculus","10x chromium","Cortex, hippocampus and subventricular zone","GCTGCGACATGACGGA",1542,2525,4,0.00158415841584158,"Unknown"
"GCTGCGAGTAAGGGCT","SRA526435","SRS1915196","Mus musculus","10x chromium","Cortex, hippocampus and subventricular zone","GCTGCGAGTAAGGGCT",2198,4598,76,0.0165289256198347,"Unknown"
"GCTGCGAGTAGGCTGA","SRA526435","SRS1915196","Mus musculus","10x chromium","Cortex, hippocampus and subventricular zone","GCTGCGAGTAGGCTGA",1930,3758,53,0.0141032464076637,"Unknown"
"GCTGCGAGTCGAAAGC","SRA526435","SRS1915196","Mus musculus","10x chromium","Cortex, hippocampus and subventricular zone","GCTGCGAGTCGAAAGC",2021,4511,77,0.0170693859454666,"Unknown"
"GCTGCGAGTTCATGGT","SRA526435","SRS1915196","Mus musculus","10x chromium","Cortex, hippocampus and subventricular zone","GCTGCGAGTTCATGGT",1623,2774,44,0.0158615717375631,"Unknown"
"GCTGCGAGTTGCTCCT","SRA526435","SRS1915196","Mus musculus","10x chromium","Cortex, hippocampus and subventricular zone","GCTGCGAGTTGCTCCT",1983,4232,59,0.0139413988657845,"Unknown"
"GCTGCGATCCAGAAGG","SRA526435","SRS1915196","Mus musculus","10x chromium","Cortex, hippocampus and subventricular zone","GCTGCGATCCAGAAGG",1505,2608,45,0.0172546012269939,"Unknown"
"GCTGCGATCCAGTAGT","SRA526435","SRS1915196","Mus musculus","10x chromium","Cortex, hippocampus and subventricular zone","GCTGCGATCCAGTAGT",1576,2749,57,0.0207348126591488,"Unknown"
"GCTGCGATCCGAAGAG","SRA526435","SRS1915196","Mus musculus","10x chromium","Cortex, hippocampus and subventricular zone","GCTGCGATCCGAAGAG",2851,7032,101,0.0143629124004551,"Unknown"
"GCTGCGATCTCCAGGG","SRA526435","SRS1915196","Mus musculus","10x chromium","Cortex, hippocampus and subventricular zone","GCTGCGATCTCCAGGG",2334,5073,49,0.00965897890794402,"Unknown"
"GCTGCTTAGATCCGAG","SRA526435","SRS1915196","Mus musculus","10x chromium","Cortex, hippocampus and subventricular zone","GCTGCTTAGATCCGAG",990,1568,62,0.0395408163265306,"Unknown"
"GCTGCTTAGCGAAGGG","SRA526435","SRS1915196","Mus musculus","10x chromium","Cortex, hippocampus and subventricular zone","GCTGCTTAGCGAAGGG",1978,3644,62,0.0170142700329308,"Unknown"
"GCTGCTTAGTCACGCC","SRA526435","SRS1915196","Mus musculus","10x chromium","Cortex, hippocampus and subventricular zone","GCTGCTTAGTCACGCC",794,1209,63,0.0521091811414392,"Unknown"
"GCTGCTTAGTGACATA","SRA526435","SRS1915196","Mus musculus","10x chromium","Cortex, hippocampus and subventricular zone","GCTGCTTAGTGACATA",1762,3094,38,0.0122818358112476,"Unknown"
"GCTGCTTAGTTCGCAT","SRA526435","SRS1915196","Mus musculus","10x chromium","Cortex, hippocampus and subventricular zone","GCTGCTTAGTTCGCAT",2185,4744,45,0.00948566610455312,"Unknown"
"GCTGCTTCAAATACAG","SRA526435","SRS1915196","Mus musculus","10x chromium","Cortex, hippocampus and subventricular zone","GCTGCTTCAAATACAG",903,1339,12,0.00896191187453323,"Unknown"
"GCTGCTTCATCGGAAG","SRA526435","SRS1915196","Mus musculus","10x chromium","Cortex, hippocampus and subventricular zone","GCTGCTTCATCGGAAG",1889,3530,50,0.0141643059490085,"Unknown"
"GCTGCTTGTAAACGCG","SRA526435","SRS1915196","Mus musculus","10x chromium","Cortex, hippocampus and subventricular zone","GCTGCTTGTAAACGCG",2396,4728,70,0.0148054145516074,"Unknown"
"GCTGCTTGTATATGAG","SRA526435","SRS1915196","Mus musculus","10x chromium","Cortex, hippocampus and subventricular zone","GCTGCTTGTATATGAG",2469,5426,69,0.0127165499447107,"Unknown"
"GCTGCTTGTATCACCA","SRA526435","SRS1915196","Mus musculus","10x chromium","Cortex, hippocampus and subventricular zone","GCTGCTTGTATCACCA",2765,6404,101,0.0157713928794503,"Unknown"
"GCTGCTTGTCCAGTAT","SRA526435","SRS1915196","Mus musculus","10x chromium","Cortex, hippocampus and subventricular zone","GCTGCTTGTCCAGTAT",2068,4007,53,0.0132268530072373,"Unknown"
"GCTGCTTGTGAGTATA","SRA526435","SRS1915196","Mus musculus","10x chromium","Cortex, hippocampus and subventricular zone","GCTGCTTGTGAGTATA",2086,4051,34,0.00839298938533695,"Unknown"
"GCTGCTTTCAAACGGG","SRA526435","SRS1915196","Mus musculus","10x chromium","Cortex, hippocampus and subventricular zone","GCTGCTTTCAAACGGG",1368,2228,37,0.0166068222621185,"Unknown"
"GCTGCTTTCAAGGCTT","SRA526435","SRS1915196","Mus musculus","10x chromium","Cortex, hippocampus and subventricular zone","GCTGCTTTCAAGGCTT",3682,10036,155,0.0154444001594261,"Unknown"
"GCTGCTTTCATGCATG","SRA526435","SRS1915196","Mus musculus","10x chromium","Cortex, hippocampus and subventricular zone","GCTGCTTTCATGCATG",1752,3290,46,0.0139817629179331,"Unknown"
"GCTGCTTTCCCTCAGT","SRA526435","SRS1915196","Mus musculus","10x chromium","Cortex, hippocampus and subventricular zone","GCTGCTTTCCCTCAGT",2392,5377,41,0.00762506974149154,"Unknown"
"GCTGCTTTCCTTTACA","SRA526435","SRS1915196","Mus musculus","10x chromium","Cortex, hippocampus and subventricular zone","GCTGCTTTCCTTTACA",1090,1612,96,0.0595533498759305,"Unknown"
"GCTGGGTAGCTGAACG","SRA526435","SRS1915196","Mus musculus","10x chromium","Cortex, hippocampus and subventricular zone","GCTGGGTAGCTGAACG",1552,3135,49,0.0156299840510367,"Unknown"
"GCTGGGTAGTGGTAGC","SRA526435","SRS1915196","Mus musculus","10x chromium","Cortex, hippocampus and subventricular zone","GCTGGGTAGTGGTAGC",4034,9458,112,0.011841827024741,"Unknown"
"GCTGGGTAGTGTCCAT","SRA526435","SRS1915196","Mus musculus","10x chromium","Cortex, hippocampus and subventricular zone","GCTGGGTAGTGTCCAT",2117,4186,75,0.0179168657429527,"Unknown"
"GCTGGGTCAATACGCT","SRA526435","SRS1915196","Mus musculus","10x chromium","Cortex, hippocampus and subventricular zone","GCTGGGTCAATACGCT",1587,2854,45,0.0157673440784863,"Unknown"
"GCTGGGTCAATGTAAG","SRA526435","SRS1915196","Mus musculus","10x chromium","Cortex, hippocampus and subventricular zone","GCTGGGTCAATGTAAG",1497,2828,39,0.0137906647807638,"Unknown"
"GCTGGGTCACGTAAGG","SRA526435","SRS1915196","Mus musculus","10x chromium","Cortex, hippocampus and subventricular zone","GCTGGGTCACGTAAGG",3170,7815,132,0.0168905950095969,"Unknown"
"GCTGGGTCAGGCTGAA","SRA526435","SRS1915196","Mus musculus","10x chromium","Cortex, hippocampus and subventricular zone","GCTGGGTCAGGCTGAA",3196,11298,65,0.00575323066029386,"Unknown"
"GCTGGGTCATAGACTC","SRA526435","SRS1915196","Mus musculus","10x chromium","Cortex, hippocampus and subventricular zone","GCTGGGTCATAGACTC",1909,3767,42,0.0111494558003716,"Unknown"
"GCTGGGTCATGGTCAT","SRA526435","SRS1915196","Mus musculus","10x chromium","Cortex, hippocampus and subventricular zone","GCTGGGTCATGGTCAT",2033,3906,41,0.0104966717869944,"Unknown"
"GCTGGGTCATTGAGCT","SRA526435","SRS1915196","Mus musculus","10x chromium","Cortex, hippocampus and subventricular zone","GCTGGGTCATTGAGCT",1750,3252,32,0.00984009840098401,"Unknown"
"GCTGGGTGTAGCACGA","SRA526435","SRS1915196","Mus musculus","10x chromium","Cortex, hippocampus and subventricular zone","GCTGGGTGTAGCACGA",2478,5227,58,0.01109623110771,"Unknown"
"GCTGGGTGTCGAACAG","SRA526435","SRS1915196","Mus musculus","10x chromium","Cortex, hippocampus and subventricular zone","GCTGGGTGTCGAACAG",2121,3898,49,0.0125705489994869,"Unknown"
"GCTGGGTGTGAAAGAG","SRA526435","SRS1915196","Mus musculus","10x chromium","Cortex, hippocampus and subventricular zone","GCTGGGTGTGAAAGAG",3355,9344,179,0.0191566780821918,"Unknown"
"GCTGGGTGTTAGGGTG","SRA526435","SRS1915196","Mus musculus","10x chromium","Cortex, hippocampus and subventricular zone","GCTGGGTGTTAGGGTG",1407,2281,136,0.0596229723805348,"Unknown"
"GCTGGGTGTTCGGGCT","SRA526435","SRS1915196","Mus musculus","10x chromium","Cortex, hippocampus and subventricular zone","GCTGGGTGTTCGGGCT",1937,3783,68,0.0179751519957706,"Unknown"
"GCTGGGTGTTCTCATT","SRA526435","SRS1915196","Mus musculus","10x chromium","Cortex, hippocampus and subventricular zone","GCTGGGTGTTCTCATT",1804,3261,59,0.0180926096289482,"Unknown"
"GCTGGGTGTTGGTAAA","SRA526435","SRS1915196","Mus musculus","10x chromium","Cortex, hippocampus and subventricular zone","GCTGGGTGTTGGTAAA",1546,2951,45,0.0152490681125042,"Unknown"
"GCTGGGTTCATTGCCC","SRA526435","SRS1915196","Mus musculus","10x chromium","Cortex, hippocampus and subventricular zone","GCTGGGTTCATTGCCC",1135,1740,73,0.0419540229885058,"Unknown"
"GCTGGGTTCCATGCTC","SRA526435","SRS1915196","Mus musculus","10x chromium","Cortex, hippocampus and subventricular zone","GCTGGGTTCCATGCTC",1989,3798,45,0.0118483412322275,"Unknown"
"GCTGGGTTCCCTTGCA","SRA526435","SRS1915196","Mus musculus","10x chromium","Cortex, hippocampus and subventricular zone","GCTGGGTTCCCTTGCA",1144,1720,18,0.0104651162790698,"Oligodendrocyte progenitor cells"
"GCTGGGTTCCGCAAGC","SRA526435","SRS1915196","Mus musculus","10x chromium","Cortex, hippocampus and subventricular zone","GCTGGGTTCCGCAAGC",2043,3827,69,0.0180297883459629,"Unknown"
"GCTGGGTTCTCCTATA","SRA526435","SRS1915196","Mus musculus","10x chromium","Cortex, hippocampus and subventricular zone","GCTGGGTTCTCCTATA",3392,8490,68,0.00800942285041225,"Unknown"
"GCTTCCAAGAAGCCCA","SRA526435","SRS1915196","Mus musculus","10x chromium","Cortex, hippocampus and subventricular zone","GCTTCCAAGAAGCCCA",2029,4104,41,0.00999025341130604,"Unknown"
"GCTTCCAAGAATTCCC","SRA526435","SRS1915196","Mus musculus","10x chromium","Cortex, hippocampus and subventricular zone","GCTTCCAAGAATTCCC",1509,2822,62,0.0219702338766832,"Unknown"
"GCTTCCAAGCACCGCT","SRA526435","SRS1915196","Mus musculus","10x chromium","Cortex, hippocampus and subventricular zone","GCTTCCAAGCACCGCT",2165,4240,102,0.0240566037735849,"Pericytes"
"GCTTCCAAGCTGCCCA","SRA526435","SRS1915196","Mus musculus","10x chromium","Cortex, hippocampus and subventricular zone","GCTTCCAAGCTGCCCA",1453,2577,43,0.016686069072565,"Unknown"
"GCTTCCAAGTAGGTGC","SRA526435","SRS1915196","Mus musculus","10x chromium","Cortex, hippocampus and subventricular zone","GCTTCCAAGTAGGTGC",2230,4662,85,0.0182325182325182,"Unknown"
"GCTTCCACACCCTATC","SRA526435","SRS1915196","Mus musculus","10x chromium","Cortex, hippocampus and subventricular zone","GCTTCCACACCCTATC",1945,3581,85,0.0237363864842223,"Pericytes"
"GCTTCCACAGCGTAAG","SRA526435","SRS1915196","Mus musculus","10x chromium","Cortex, hippocampus and subventricular zone","GCTTCCACAGCGTAAG",2244,4415,51,0.0115515288788222,"Unknown"
"GCTTCCACATCGATTG","SRA526435","SRS1915196","Mus musculus","10x chromium","Cortex, hippocampus and subventricular zone","GCTTCCACATCGATTG",2231,4692,70,0.0149190110826939,"Unknown"
"GCTTCCACATCTGGTA","SRA526435","SRS1915196","Mus musculus","10x chromium","Cortex, hippocampus and subventricular zone","GCTTCCACATCTGGTA",2692,6619,99,0.0149569421362744,"Unknown"
"GCTTCCACATTATCTC","SRA526435","SRS1915196","Mus musculus","10x chromium","Cortex, hippocampus and subventricular zone","GCTTCCACATTATCTC",2500,5911,69,0.0116731517509728,"Unknown"
"GCTTCCAGTCTCGTTC","SRA526435","SRS1915196","Mus musculus","10x chromium","Cortex, hippocampus and subventricular zone","GCTTCCAGTCTCGTTC",1597,2868,28,0.0097629009762901,"Unknown"
"GCTTCCAGTCTGCCAG","SRA526435","SRS1915196","Mus musculus","10x chromium","Cortex, hippocampus and subventricular zone","GCTTCCAGTCTGCCAG",1322,1983,2,0.00100857286938981,"Unknown"
"GCTTCCAGTGTAACGG","SRA526435","SRS1915196","Mus musculus","10x chromium","Cortex, hippocampus and subventricular zone","GCTTCCAGTGTAACGG",1769,3042,74,0.0243261012491782,"Unknown"
"GCTTCCAGTGTTGGGA","SRA526435","SRS1915196","Mus musculus","10x chromium","Cortex, hippocampus and subventricular zone","GCTTCCAGTGTTGGGA",2696,6451,145,0.0224771353278561,"Unknown"
"GCTTCCAGTTCAACCA","SRA526435","SRS1915196","Mus musculus","10x chromium","Cortex, hippocampus and subventricular zone","GCTTCCAGTTCAACCA",2449,5863,141,0.0240491216100972,"Pericytes"
"GCTTCCATCACGGTTA","SRA526435","SRS1915196","Mus musculus","10x chromium","Cortex, hippocampus and subventricular zone","GCTTCCATCACGGTTA",2386,5309,46,0.00866453192691656,"Unknown"
"GCTTCCATCATATCGG","SRA526435","SRS1915196","Mus musculus","10x chromium","Cortex, hippocampus and subventricular zone","GCTTCCATCATATCGG",2074,4038,53,0.0131253095591877,"Unknown"
"GCTTCCATCCTGCAGG","SRA526435","SRS1915196","Mus musculus","10x chromium","Cortex, hippocampus and subventricular zone","GCTTCCATCCTGCAGG",1446,2585,74,0.0286266924564797,"Pericytes"
"GCTTCCATCGCCGTGA","SRA526435","SRS1915196","Mus musculus","10x chromium","Cortex, hippocampus and subventricular zone","GCTTCCATCGCCGTGA",1237,1963,37,0.0188487009679063,"Unknown"
"GCTTCCATCGTATCAG","SRA526435","SRS1915196","Mus musculus","10x chromium","Cortex, hippocampus and subventricular zone","GCTTCCATCGTATCAG",2337,4581,72,0.0157170923379175,"Unknown"
"GCTTGAAAGACCACGA","SRA526435","SRS1915196","Mus musculus","10x chromium","Cortex, hippocampus and subventricular zone","GCTTGAAAGACCACGA",2091,4506,62,0.0137594318686196,"Unknown"
"GCTTGAAAGCACCGTC","SRA526435","SRS1915196","Mus musculus","10x chromium","Cortex, hippocampus and subventricular zone","GCTTGAAAGCACCGTC",2223,4457,59,0.0132376037693516,"Unknown"
"GCTTGAAAGTAGCCGA","SRA526435","SRS1915196","Mus musculus","10x chromium","Cortex, hippocampus and subventricular zone","GCTTGAAAGTAGCCGA",2886,7223,112,0.0155060224283539,"Unknown"
"GCTTGAAAGTGAAGTT","SRA526435","SRS1915196","Mus musculus","10x chromium","Cortex, hippocampus and subventricular zone","GCTTGAAAGTGAAGTT",1061,1579,7,0.00443318556048132,"Endothelial cells"
"GCTTGAAAGTGGGCTA","SRA526435","SRS1915196","Mus musculus","10x chromium","Cortex, hippocampus and subventricular zone","GCTTGAAAGTGGGCTA",2074,4104,71,0.0173001949317739,"Unknown"
"GCTTGAACAGCTCGCA","SRA526435","SRS1915196","Mus musculus","10x chromium","Cortex, hippocampus and subventricular zone","GCTTGAACAGCTCGCA",1963,3524,55,0.0156072644721907,"Unknown"
"GCTTGAACAGTCAGAG","SRA526435","SRS1915196","Mus musculus","10x chromium","Cortex, hippocampus and subventricular zone","GCTTGAACAGTCAGAG",3212,7926,66,0.00832702498107494,"Unknown"
"GCTTGAACATATGGTC","SRA526435","SRS1915196","Mus musculus","10x chromium","Cortex, hippocampus and subventricular zone","GCTTGAACATATGGTC",1100,1890,21,0.0111111111111111,"Unknown"
"GCTTGAAGTACCGTTA","SRA526435","SRS1915196","Mus musculus","10x chromium","Cortex, hippocampus and subventricular zone","GCTTGAAGTACCGTTA",2033,4095,77,0.0188034188034188,"Unknown"
"GCTTGAAGTAGCCTAT","SRA526435","SRS1915196","Mus musculus","10x chromium","Cortex, hippocampus and subventricular zone","GCTTGAAGTAGCCTAT",2909,7300,96,0.0131506849315069,"Unknown"
"GCTTGAAGTCGAGTTT","SRA526435","SRS1915196","Mus musculus","10x chromium","Cortex, hippocampus and subventricular zone","GCTTGAAGTCGAGTTT",2276,4810,69,0.0143451143451143,"Unknown"
"GCTTGAAGTCGCATCG","SRA526435","SRS1915196","Mus musculus","10x chromium","Cortex, hippocampus and subventricular zone","GCTTGAAGTCGCATCG",1256,1961,38,0.0193778684344722,"Unknown"
"GCTTGAAGTCTAAACC","SRA526435","SRS1915196","Mus musculus","10x chromium","Cortex, hippocampus and subventricular zone","GCTTGAAGTCTAAACC",1865,3955,52,0.0131479140328698,"Unknown"
"GCTTGAAGTCTCTTTA","SRA526435","SRS1915196","Mus musculus","10x chromium","Cortex, hippocampus and subventricular zone","GCTTGAAGTCTCTTTA",2263,4607,51,0.011070110701107,"Unknown"
"GCTTGAAGTTACGACT","SRA526435","SRS1915196","Mus musculus","10x chromium","Cortex, hippocampus and subventricular zone","GCTTGAAGTTACGACT",2606,6112,118,0.0193062827225131,"Unknown"
"GCTTGAAGTTACGGAG","SRA526435","SRS1915196","Mus musculus","10x chromium","Cortex, hippocampus and subventricular zone","GCTTGAAGTTACGGAG",2485,5411,78,0.0144150803917945,"Unknown"
"GCTTGAATCAATCTCT","SRA526435","SRS1915196","Mus musculus","10x chromium","Cortex, hippocampus and subventricular zone","GCTTGAATCAATCTCT",2790,6385,60,0.00939702427564605,"Unknown"
"GCTTGAATCAGTTCGA","SRA526435","SRS1915196","Mus musculus","10x chromium","Cortex, hippocampus and subventricular zone","GCTTGAATCAGTTCGA",389,1478,3,0.0020297699594046,"Erythroid-like and erythroid precursor cells"
"GCTTGAATCATTGCCC","SRA526435","SRS1915196","Mus musculus","10x chromium","Cortex, hippocampus and subventricular zone","GCTTGAATCATTGCCC",2980,7219,64,0.00886549383571132,"Unknown"
"GCTTGAATCCTATTCA","SRA526435","SRS1915196","Mus musculus","10x chromium","Cortex, hippocampus and subventricular zone","GCTTGAATCCTATTCA",2490,5694,59,0.0103617843343871,"Unknown"
"GCTTGAATCCTCAATT","SRA526435","SRS1915196","Mus musculus","10x chromium","Cortex, hippocampus and subventricular zone","GCTTGAATCCTCAATT",5237,20912,332,0.015876052027544,"Endothelial cells"
"GCTTGAATCGGTCTAA","SRA526435","SRS1915196","Mus musculus","10x chromium","Cortex, hippocampus and subventricular zone","GCTTGAATCGGTCTAA",2006,4109,123,0.02993429058165,"Cajal-Retzius cells"
"GCTTGAATCTCAAGTG","SRA526435","SRS1915196","Mus musculus","10x chromium","Cortex, hippocampus and subventricular zone","GCTTGAATCTCAAGTG",894,1371,19,0.0138584974471189,"Unknown"
"GCTTGAATCTTAACCT","SRA526435","SRS1915196","Mus musculus","10x chromium","Cortex, hippocampus and subventricular zone","GCTTGAATCTTAACCT",1524,2591,43,0.0165959089154766,"Unknown"
"GGAAAGCAGAGTACCG","SRA526435","SRS1915196","Mus musculus","10x chromium","Cortex, hippocampus and subventricular zone","GGAAAGCAGAGTACCG",2856,7139,70,0.00980529485922398,"Unknown"
"GGAAAGCAGAGTGACC","SRA526435","SRS1915196","Mus musculus","10x chromium","Cortex, hippocampus and subventricular zone","GGAAAGCAGAGTGACC",1166,1947,33,0.0169491525423729,"Unknown"
"GGAAAGCAGTACGCGA","SRA526435","SRS1915196","Mus musculus","10x chromium","Cortex, hippocampus and subventricular zone","GGAAAGCAGTACGCGA",1967,3926,63,0.0160468670402445,"Unknown"
"GGAAAGCCAAACAACA","SRA526435","SRS1915196","Mus musculus","10x chromium","Cortex, hippocampus and subventricular zone","GGAAAGCCAAACAACA",3079,8699,131,0.0150592022071502,"Unknown"
"GGAAAGCCAAGCCTAT","SRA526435","SRS1915196","Mus musculus","10x chromium","Cortex, hippocampus and subventricular zone","GGAAAGCCAAGCCTAT",2110,4090,30,0.00733496332518337,"Unknown"
"GGAAAGCCACTTCTGC","SRA526435","SRS1915196","Mus musculus","10x chromium","Cortex, hippocampus and subventricular zone","GGAAAGCCACTTCTGC",2235,4530,46,0.0101545253863135,"Unknown"
"GGAAAGCCAGCCAATT","SRA526435","SRS1915196","Mus musculus","10x chromium","Cortex, hippocampus and subventricular zone","GGAAAGCCAGCCAATT",2563,6196,122,0.0196901226597805,"Unknown"
"GGAAAGCCAGGATTGG","SRA526435","SRS1915196","Mus musculus","10x chromium","Cortex, hippocampus and subventricular zone","GGAAAGCCAGGATTGG",2320,4503,44,0.00977126360204308,"Unknown"
"GGAAAGCCAGTTTACG","SRA526435","SRS1915196","Mus musculus","10x chromium","Cortex, hippocampus and subventricular zone","GGAAAGCCAGTTTACG",1464,2077,50,0.0240731824747232,"Unknown"
"GGAAAGCCATGCATGT","SRA526435","SRS1915196","Mus musculus","10x chromium","Cortex, hippocampus and subventricular zone","GGAAAGCCATGCATGT",1198,2169,111,0.0511756569847856,"Unknown"
"GGAAAGCCATGCCTTC","SRA526435","SRS1915196","Mus musculus","10x chromium","Cortex, hippocampus and subventricular zone","GGAAAGCCATGCCTTC",2075,3851,91,0.0236302259153467,"Unknown"
"GGAAAGCGTCAGTGGA","SRA526435","SRS1915196","Mus musculus","10x chromium","Cortex, hippocampus and subventricular zone","GGAAAGCGTCAGTGGA",1177,1916,30,0.0156576200417537,"Unknown"
"GGAAAGCGTCGAACAG","SRA526435","SRS1915196","Mus musculus","10x chromium","Cortex, hippocampus and subventricular zone","GGAAAGCGTCGAACAG",2162,4459,12,0.00269118636465575,"Unknown"
"GGAAAGCTCAACACTG","SRA526435","SRS1915196","Mus musculus","10x chromium","Cortex, hippocampus and subventricular zone","GGAAAGCTCAACACTG",2602,5748,116,0.0201809324982603,"Unknown"
"GGAAAGCTCACAATGC","SRA526435","SRS1915196","Mus musculus","10x chromium","Cortex, hippocampus and subventricular zone","GGAAAGCTCACAATGC",2921,7030,97,0.0137980085348506,"Unknown"
"GGAAAGCTCCCTCAGT","SRA526435","SRS1915196","Mus musculus","10x chromium","Cortex, hippocampus and subventricular zone","GGAAAGCTCCCTCAGT",2368,5006,53,0.0105872952457052,"Unknown"
"GGAAAGCTCCGCTGTT","SRA526435","SRS1915196","Mus musculus","10x chromium","Cortex, hippocampus and subventricular zone","GGAAAGCTCCGCTGTT",2225,4807,76,0.0158102766798419,"Unknown"
"GGAAAGCTCGAGAGCA","SRA526435","SRS1915196","Mus musculus","10x chromium","Cortex, hippocampus and subventricular zone","GGAAAGCTCGAGAGCA",2227,4876,49,0.0100492206726825,"Unknown"
"GGAAAGCTCGGAGCAA","SRA526435","SRS1915196","Mus musculus","10x chromium","Cortex, hippocampus and subventricular zone","GGAAAGCTCGGAGCAA",2568,5974,86,0.0143957147639772,"Unknown"
"GGAAAGCTCTGACCTC","SRA526435","SRS1915196","Mus musculus","10x chromium","Cortex, hippocampus and subventricular zone","GGAAAGCTCTGACCTC",3119,7818,102,0.0130468150422103,"Unknown"
"GGAACTTAGAAACCAT","SRA526435","SRS1915196","Mus musculus","10x chromium","Cortex, hippocampus and subventricular zone","GGAACTTAGAAACCAT",735,1130,29,0.0256637168141593,"Oligodendrocyte progenitor cells"
"GGAACTTAGACTACAA","SRA526435","SRS1915196","Mus musculus","10x chromium","Cortex, hippocampus and subventricular zone","GGAACTTAGACTACAA",1237,2364,36,0.0152284263959391,"Unknown"
"GGAACTTAGAGCTATA","SRA526435","SRS1915196","Mus musculus","10x chromium","Cortex, hippocampus and subventricular zone","GGAACTTAGAGCTATA",2543,5726,61,0.0106531610199092,"Unknown"
"GGAACTTAGCTCAACT","SRA526435","SRS1915196","Mus musculus","10x chromium","Cortex, hippocampus and subventricular zone","GGAACTTAGCTCAACT",1641,3364,86,0.0255648038049941,"Unknown"
"GGAACTTCACGCATCG","SRA526435","SRS1915196","Mus musculus","10x chromium","Cortex, hippocampus and subventricular zone","GGAACTTCACGCATCG",2348,5231,44,0.00841139361498757,"Unknown"
"GGAACTTCAGACGCAA","SRA526435","SRS1915196","Mus musculus","10x chromium","Cortex, hippocampus and subventricular zone","GGAACTTCAGACGCAA",252,11721,13,0.00110912038221995,"Erythroid-like and erythroid precursor cells"
"GGAACTTGTATAGTAG","SRA526435","SRS1915196","Mus musculus","10x chromium","Cortex, hippocampus and subventricular zone","GGAACTTGTATAGTAG",2457,5559,51,0.00917431192660551,"Unknown"
"GGAACTTGTCAACTGT","SRA526435","SRS1915196","Mus musculus","10x chromium","Cortex, hippocampus and subventricular zone","GGAACTTGTCAACTGT",2421,5980,138,0.0230769230769231,"Pericytes"
"GGAACTTGTCGAATCT","SRA526435","SRS1915196","Mus musculus","10x chromium","Cortex, hippocampus and subventricular zone","GGAACTTGTCGAATCT",1578,2733,35,0.0128064398097329,"Unknown"
"GGAACTTGTGATGTCT","SRA526435","SRS1915196","Mus musculus","10x chromium","Cortex, hippocampus and subventricular zone","GGAACTTGTGATGTCT",1902,3624,23,0.00634657836644592,"Unknown"
"GGAACTTGTGATGTGG","SRA526435","SRS1915196","Mus musculus","10x chromium","Cortex, hippocampus and subventricular zone","GGAACTTGTGATGTGG",1794,3299,70,0.0212185510760837,"Unknown"
"GGAACTTGTTGTGGAG","SRA526435","SRS1915196","Mus musculus","10x chromium","Cortex, hippocampus and subventricular zone","GGAACTTGTTGTGGAG",2057,3999,47,0.0117529382345586,"Unknown"
"GGAACTTTCCCAGGTG","SRA526435","SRS1915196","Mus musculus","10x chromium","Cortex, hippocampus and subventricular zone","GGAACTTTCCCAGGTG",2055,4536,81,0.0178571428571429,"Unknown"
"GGAACTTTCCTGCCAT","SRA526435","SRS1915196","Mus musculus","10x chromium","Cortex, hippocampus and subventricular zone","GGAACTTTCCTGCCAT",734,1068,84,0.0786516853932584,"Unknown"
"GGAACTTTCTGATTCT","SRA526435","SRS1915196","Mus musculus","10x chromium","Cortex, hippocampus and subventricular zone","GGAACTTTCTGATTCT",1036,1570,56,0.0356687898089172,"Oligodendrocyte progenitor cells"
"GGAACTTTCTTTCCTC","SRA526435","SRS1915196","Mus musculus","10x chromium","Cortex, hippocampus and subventricular zone","GGAACTTTCTTTCCTC",1095,1453,35,0.0240880935994494,"Unknown"
"GGAATAAAGCGATGAC","SRA526435","SRS1915196","Mus musculus","10x chromium","Cortex, hippocampus and subventricular zone","GGAATAAAGCGATGAC",3578,9797,96,0.00979891803613351,"Unknown"
"GGAATAAAGGGAGTAA","SRA526435","SRS1915196","Mus musculus","10x chromium","Cortex, hippocampus and subventricular zone","GGAATAAAGGGAGTAA",69,1016,1,0.000984251968503937,"Erythroid-like and erythroid precursor cells"
"GGAATAAAGGGTTTCT","SRA526435","SRS1915196","Mus musculus","10x chromium","Cortex, hippocampus and subventricular zone","GGAATAAAGGGTTTCT",2070,4186,51,0.0121834687052078,"Unknown"
"GGAATAAAGTTCGCGC","SRA526435","SRS1915196","Mus musculus","10x chromium","Cortex, hippocampus and subventricular zone","GGAATAAAGTTCGCGC",2569,6157,65,0.0105570894916355,"Unknown"
"GGAATAACAATAGCGG","SRA526435","SRS1915196","Mus musculus","10x chromium","Cortex, hippocampus and subventricular zone","GGAATAACAATAGCGG",1165,2247,60,0.0267022696929239,"Endothelial cells"
"GGAATAACACACAGAG","SRA526435","SRS1915196","Mus musculus","10x chromium","Cortex, hippocampus and subventricular zone","GGAATAACACACAGAG",1431,2503,31,0.0123851378345985,"Unknown"
"GGAATAACACAGGAGT","SRA526435","SRS1915196","Mus musculus","10x chromium","Cortex, hippocampus and subventricular zone","GGAATAACACAGGAGT",1464,2982,15,0.00503018108651911,"Unknown"
"GGAATAACAGGGATTG","SRA526435","SRS1915196","Mus musculus","10x chromium","Cortex, hippocampus and subventricular zone","GGAATAACAGGGATTG",2144,4451,46,0.010334756234554,"Unknown"
"GGAATAACATGTAGTC","SRA526435","SRS1915196","Mus musculus","10x chromium","Cortex, hippocampus and subventricular zone","GGAATAACATGTAGTC",2075,4613,66,0.0143073921526122,"Unknown"
"GGAATAAGTAATCGTC","SRA526435","SRS1915196","Mus musculus","10x chromium","Cortex, hippocampus and subventricular zone","GGAATAAGTAATCGTC",881,1264,46,0.0363924050632911,"Unknown"
"GGAATAAGTCACTTCC","SRA526435","SRS1915196","Mus musculus","10x chromium","Cortex, hippocampus and subventricular zone","GGAATAAGTCACTTCC",2205,4257,67,0.0157387831806436,"Unknown"
"GGAATAAGTCCATCCT","SRA526435","SRS1915196","Mus musculus","10x chromium","Cortex, hippocampus and subventricular zone","GGAATAAGTCCATCCT",1297,2284,50,0.0218914185639229,"Unknown"
"GGAATAATCACTGGGC","SRA526435","SRS1915196","Mus musculus","10x chromium","Cortex, hippocampus and subventricular zone","GGAATAATCACTGGGC",2394,5000,40,0.008,"Unknown"
"GGAATAATCATCGATG","SRA526435","SRS1915196","Mus musculus","10x chromium","Cortex, hippocampus and subventricular zone","GGAATAATCATCGATG",2053,4337,56,0.012912151256629,"Unknown"
"GGAATAATCCAAAGTC","SRA526435","SRS1915196","Mus musculus","10x chromium","Cortex, hippocampus and subventricular zone","GGAATAATCCAAAGTC",2463,5540,80,0.0144404332129964,"Unknown"
"GGAATAATCCGTAGGC","SRA526435","SRS1915196","Mus musculus","10x chromium","Cortex, hippocampus and subventricular zone","GGAATAATCCGTAGGC",2308,5016,66,0.0131578947368421,"Unknown"
"GGAATAATCTGAGGGA","SRA526435","SRS1915196","Mus musculus","10x chromium","Cortex, hippocampus and subventricular zone","GGAATAATCTGAGGGA",725,1090,51,0.0467889908256881,"Unknown"
"GGAATAATCTGATTCT","SRA526435","SRS1915196","Mus musculus","10x chromium","Cortex, hippocampus and subventricular zone","GGAATAATCTGATTCT",154,1914,0,0,"Erythroid-like and erythroid precursor cells"
"GGAATAATCTGCGTAA","SRA526435","SRS1915196","Mus musculus","10x chromium","Cortex, hippocampus and subventricular zone","GGAATAATCTGCGTAA",2574,5403,38,0.00703312974273552,"Endothelial cells"
"GGACAAGAGCAATATG","SRA526435","SRS1915196","Mus musculus","10x chromium","Cortex, hippocampus and subventricular zone","GGACAAGAGCAATATG",2801,6827,80,0.0117181778233485,"Unknown"
"GGACAAGAGCACACAG","SRA526435","SRS1915196","Mus musculus","10x chromium","Cortex, hippocampus and subventricular zone","GGACAAGAGCACACAG",4306,11892,85,0.00714766229397915,"Unknown"
"GGACAAGAGGCCCTTG","SRA526435","SRS1915196","Mus musculus","10x chromium","Cortex, hippocampus and subventricular zone","GGACAAGAGGCCCTTG",3508,12651,150,0.0118567702157932,"Unknown"
"GGACAAGAGGGAGTAA","SRA526435","SRS1915196","Mus musculus","10x chromium","Cortex, hippocampus and subventricular zone","GGACAAGAGGGAGTAA",2738,6492,104,0.0160197165742452,"Pericytes"
"GGACAAGAGGGCTTCC","SRA526435","SRS1915196","Mus musculus","10x chromium","Cortex, hippocampus and subventricular zone","GGACAAGAGGGCTTCC",2236,4487,60,0.0133719634499666,"Unknown"
"GGACAAGAGTACGCGA","SRA526435","SRS1915196","Mus musculus","10x chromium","Cortex, hippocampus and subventricular zone","GGACAAGAGTACGCGA",2038,4534,50,0.0110277900308778,"Unknown"
"GGACAAGAGTAGCGGT","SRA526435","SRS1915196","Mus musculus","10x chromium","Cortex, hippocampus and subventricular zone","GGACAAGAGTAGCGGT",2338,4649,25,0.00537750053775005,"Unknown"
"GGACAAGCAAGCTGAG","SRA526435","SRS1915196","Mus musculus","10x chromium","Cortex, hippocampus and subventricular zone","GGACAAGCAAGCTGAG",1510,2614,57,0.021805661820964,"Unknown"
"GGACAAGCAAGCTGTT","SRA526435","SRS1915196","Mus musculus","10x chromium","Cortex, hippocampus and subventricular zone","GGACAAGCAAGCTGTT",2079,3895,27,0.00693196405648267,"Unknown"
"GGACAAGCACCAGCAC","SRA526435","SRS1915196","Mus musculus","10x chromium","Cortex, hippocampus and subventricular zone","GGACAAGCACCAGCAC",1542,2721,87,0.0319735391400221,"Unknown"
"GGACAAGCACGGTTTA","SRA526435","SRS1915196","Mus musculus","10x chromium","Cortex, hippocampus and subventricular zone","GGACAAGCACGGTTTA",2056,4035,60,0.0148698884758364,"Unknown"
"GGACAAGCATGCATGT","SRA526435","SRS1915196","Mus musculus","10x chromium","Cortex, hippocampus and subventricular zone","GGACAAGCATGCATGT",3087,7103,145,0.0204139096156554,"Unknown"
"GGACAAGGTAGCTAAA","SRA526435","SRS1915196","Mus musculus","10x chromium","Cortex, hippocampus and subventricular zone","GGACAAGGTAGCTAAA",2224,4569,34,0.00744145327205078,"Unknown"
"GGACAAGGTAGCTGCC","SRA526435","SRS1915196","Mus musculus","10x chromium","Cortex, hippocampus and subventricular zone","GGACAAGGTAGCTGCC",1154,1940,30,0.0154639175257732,"Unknown"
"GGACAAGGTATAGGTA","SRA526435","SRS1915196","Mus musculus","10x chromium","Cortex, hippocampus and subventricular zone","GGACAAGGTATAGGTA",3959,11929,115,0.00964037220219633,"Unknown"
"GGACAAGGTCTCGTTC","SRA526435","SRS1915196","Mus musculus","10x chromium","Cortex, hippocampus and subventricular zone","GGACAAGGTCTCGTTC",2186,4097,55,0.0134244569196973,"Unknown"
"GGACAAGGTTACGGAG","SRA526435","SRS1915196","Mus musculus","10x chromium","Cortex, hippocampus and subventricular zone","GGACAAGGTTACGGAG",3913,12150,72,0.00592592592592593,"Unknown"
"GGACAAGGTTCCCTTG","SRA526435","SRS1915196","Mus musculus","10x chromium","Cortex, hippocampus and subventricular zone","GGACAAGGTTCCCTTG",1790,3987,56,0.0140456483571608,"Unknown"
"GGACAAGTCAGCTGGC","SRA526435","SRS1915196","Mus musculus","10x chromium","Cortex, hippocampus and subventricular zone","GGACAAGTCAGCTGGC",3686,9354,126,0.013470173187941,"Unknown"
"GGACAAGTCCAAACTG","SRA526435","SRS1915196","Mus musculus","10x chromium","Cortex, hippocampus and subventricular zone","GGACAAGTCCAAACTG",2782,6879,121,0.0175897659543538,"Unknown"
"GGACAAGTCCCGGATG","SRA526435","SRS1915196","Mus musculus","10x chromium","Cortex, hippocampus and subventricular zone","GGACAAGTCCCGGATG",2229,4734,67,0.0141529362061681,"Endothelial cells"
"GGACAAGTCCTATGTT","SRA526435","SRS1915196","Mus musculus","10x chromium","Cortex, hippocampus and subventricular zone","GGACAAGTCCTATGTT",2337,5261,79,0.0150161566242159,"Unknown"
"GGACAAGTCGGCGCAT","SRA526435","SRS1915196","Mus musculus","10x chromium","Cortex, hippocampus and subventricular zone","GGACAAGTCGGCGCAT",1375,2423,83,0.0342550557160545,"Cajal-Retzius cells"
"GGACAAGTCTGATACG","SRA526435","SRS1915196","Mus musculus","10x chromium","Cortex, hippocampus and subventricular zone","GGACAAGTCTGATACG",1620,2933,44,0.0150017047391749,"Unknown"
"GGACAGAAGATCCGAG","SRA526435","SRS1915196","Mus musculus","10x chromium","Cortex, hippocampus and subventricular zone","GGACAGAAGATCCGAG",1150,1802,20,0.0110987791342952,"Unknown"
"GGACAGAAGGATGTAT","SRA526435","SRS1915196","Mus musculus","10x chromium","Cortex, hippocampus and subventricular zone","GGACAGAAGGATGTAT",2204,4783,48,0.0100355425465189,"Unknown"
"GGACAGACAACACCCG","SRA526435","SRS1915196","Mus musculus","10x chromium","Cortex, hippocampus and subventricular zone","GGACAGACAACACCCG",1989,4140,77,0.0185990338164251,"Unknown"
"GGACAGACAGCTCGAC","SRA526435","SRS1915196","Mus musculus","10x chromium","Cortex, hippocampus and subventricular zone","GGACAGACAGCTCGAC",2316,4922,59,0.0119869971556278,"Unknown"
"GGACAGACATCACGTA","SRA526435","SRS1915196","Mus musculus","10x chromium","Cortex, hippocampus and subventricular zone","GGACAGACATCACGTA",1327,2223,73,0.032838506522717,"Unknown"
"GGACAGACATCGGGTC","SRA526435","SRS1915196","Mus musculus","10x chromium","Cortex, hippocampus and subventricular zone","GGACAGACATCGGGTC",1318,2147,38,0.0176991150442478,"Unknown"
"GGACAGACATGCATGT","SRA526435","SRS1915196","Mus musculus","10x chromium","Cortex, hippocampus and subventricular zone","GGACAGACATGCATGT",139,1539,6,0.00389863547758285,"Erythroid-like and erythroid precursor cells"
"GGACAGACATTCCTCG","SRA526435","SRS1915196","Mus musculus","10x chromium","Cortex, hippocampus and subventricular zone","GGACAGACATTCCTCG",3090,8336,99,0.0118761996161228,"Cajal-Retzius cells"
"GGACAGAGTCGTCTTC","SRA526435","SRS1915196","Mus musculus","10x chromium","Cortex, hippocampus and subventricular zone","GGACAGAGTCGTCTTC",1949,3527,44,0.0124751913807769,"Unknown"
"GGACAGAGTCTAACGT","SRA526435","SRS1915196","Mus musculus","10x chromium","Cortex, hippocampus and subventricular zone","GGACAGAGTCTAACGT",2494,5945,62,0.0104289318755257,"Unknown"
"GGACAGAGTGCACTTA","SRA526435","SRS1915196","Mus musculus","10x chromium","Cortex, hippocampus and subventricular zone","GGACAGAGTGCACTTA",2999,7759,88,0.0113416677406882,"Unknown"
"GGACAGAGTGGCTCCA","SRA526435","SRS1915196","Mus musculus","10x chromium","Cortex, hippocampus and subventricular zone","GGACAGAGTGGCTCCA",2408,4901,84,0.0171393593144256,"Unknown"
"GGACAGAGTGTGCGTC","SRA526435","SRS1915196","Mus musculus","10x chromium","Cortex, hippocampus and subventricular zone","GGACAGAGTGTGCGTC",1891,3585,32,0.00892608089260809,"Unknown"
"GGACAGAGTGTGGCTC","SRA526435","SRS1915196","Mus musculus","10x chromium","Cortex, hippocampus and subventricular zone","GGACAGAGTGTGGCTC",1519,2628,24,0.0091324200913242,"Unknown"
"GGACAGAGTTCCATGA","SRA526435","SRS1915196","Mus musculus","10x chromium","Cortex, hippocampus and subventricular zone","GGACAGAGTTCCATGA",1318,2460,56,0.0227642276422764,"Unknown"
"GGACAGATCGGGAGTA","SRA526435","SRS1915196","Mus musculus","10x chromium","Cortex, hippocampus and subventricular zone","GGACAGATCGGGAGTA",2369,4843,67,0.0138344001651869,"Unknown"
"GGACAGATCGGTCTAA","SRA526435","SRS1915196","Mus musculus","10x chromium","Cortex, hippocampus and subventricular zone","GGACAGATCGGTCTAA",2007,4028,56,0.0139026812313803,"Unknown"
"GGACATTAGAATGTTG","SRA526435","SRS1915196","Mus musculus","10x chromium","Cortex, hippocampus and subventricular zone","GGACATTAGAATGTTG",5861,19249,270,0.0140267026858538,"Endothelial cells"
"GGACATTAGAATTGTG","SRA526435","SRS1915196","Mus musculus","10x chromium","Cortex, hippocampus and subventricular zone","GGACATTAGAATTGTG",4005,12064,150,0.0124336870026525,"Unknown"
"GGACATTAGGGTCGAT","SRA526435","SRS1915196","Mus musculus","10x chromium","Cortex, hippocampus and subventricular zone","GGACATTAGGGTCGAT",1434,2661,37,0.0139045471627208,"Unknown"
"GGACATTAGTCTCAAC","SRA526435","SRS1915196","Mus musculus","10x chromium","Cortex, hippocampus and subventricular zone","GGACATTAGTCTCAAC",1926,4226,49,0.0115948887837198,"Unknown"
"GGACATTCAAGTCTAC","SRA526435","SRS1915196","Mus musculus","10x chromium","Cortex, hippocampus and subventricular zone","GGACATTCAAGTCTAC",2912,7314,143,0.0195515449822259,"Unknown"
"GGACATTCACACCGCA","SRA526435","SRS1915196","Mus musculus","10x chromium","Cortex, hippocampus and subventricular zone","GGACATTCACACCGCA",2129,4209,51,0.0121168923734854,"Unknown"
"GGACATTCACCACCAG","SRA526435","SRS1915196","Mus musculus","10x chromium","Cortex, hippocampus and subventricular zone","GGACATTCACCACCAG",1518,3671,46,0.0125306456006538,"Unknown"
"GGACATTCACCTGGTG","SRA526435","SRS1915196","Mus musculus","10x chromium","Cortex, hippocampus and subventricular zone","GGACATTCACCTGGTG",2306,5021,108,0.0215096594303924,"Pericytes"
"GGACATTCAGATCTGT","SRA526435","SRS1915196","Mus musculus","10x chromium","Cortex, hippocampus and subventricular zone","GGACATTCAGATCTGT",1225,2190,47,0.0214611872146119,"Unknown"
"GGACATTCAGGATTGG","SRA526435","SRS1915196","Mus musculus","10x chromium","Cortex, hippocampus and subventricular zone","GGACATTCAGGATTGG",4873,14616,131,0.00896278051450465,"Unknown"
"GGACATTCATAAGACA","SRA526435","SRS1915196","Mus musculus","10x chromium","Cortex, hippocampus and subventricular zone","GGACATTCATAAGACA",1609,3573,100,0.0279876854184159,"Endothelial cells"
"GGACATTGTAGCGCAA","SRA526435","SRS1915196","Mus musculus","10x chromium","Cortex, hippocampus and subventricular zone","GGACATTGTAGCGCAA",1194,1769,7,0.00395703787450537,"Unknown"
"GGACATTGTCAGGACA","SRA526435","SRS1915196","Mus musculus","10x chromium","Cortex, hippocampus and subventricular zone","GGACATTGTCAGGACA",3873,11839,170,0.0143593208885886,"Unknown"
"GGACATTGTCCAGTGC","SRA526435","SRS1915196","Mus musculus","10x chromium","Cortex, hippocampus and subventricular zone","GGACATTGTCCAGTGC",2415,5628,60,0.0106609808102345,"Unknown"
"GGACATTGTCTCTCTG","SRA526435","SRS1915196","Mus musculus","10x chromium","Cortex, hippocampus and subventricular zone","GGACATTGTCTCTCTG",2304,4755,72,0.0151419558359621,"Unknown"
"GGACATTTCCACGCAG","SRA526435","SRS1915196","Mus musculus","10x chromium","Cortex, hippocampus and subventricular zone","GGACATTTCCACGCAG",1183,1826,33,0.0180722891566265,"Unknown"
"GGACATTTCCCAGGTG","SRA526435","SRS1915196","Mus musculus","10x chromium","Cortex, hippocampus and subventricular zone","GGACATTTCCCAGGTG",1953,3774,204,0.0540540540540541,"Cajal-Retzius cells"
"GGACATTTCCTTGGTC","SRA526435","SRS1915196","Mus musculus","10x chromium","Cortex, hippocampus and subventricular zone","GGACATTTCCTTGGTC",1582,2920,33,0.0113013698630137,"Unknown"
"GGACGTCAGAGTACAT","SRA526435","SRS1915196","Mus musculus","10x chromium","Cortex, hippocampus and subventricular zone","GGACGTCAGAGTACAT",5078,16243,181,0.0111432617127378,"Endothelial cells"
"GGACGTCAGCTAACTC","SRA526435","SRS1915196","Mus musculus","10x chromium","Cortex, hippocampus and subventricular zone","GGACGTCAGCTAACTC",2489,5472,40,0.00730994152046784,"Unknown"
"GGACGTCCAAAGCAAT","SRA526435","SRS1915196","Mus musculus","10x chromium","Cortex, hippocampus and subventricular zone","GGACGTCCAAAGCAAT",1745,3407,53,0.0155562078074552,"Unknown"
"GGACGTCCAAGACGTG","SRA526435","SRS1915196","Mus musculus","10x chromium","Cortex, hippocampus and subventricular zone","GGACGTCCAAGACGTG",2253,4810,72,0.014968814968815,"Unknown"
"GGACGTCCACAAGTAA","SRA526435","SRS1915196","Mus musculus","10x chromium","Cortex, hippocampus and subventricular zone","GGACGTCCACAAGTAA",4710,16034,222,0.0138455781464388,"Endothelial cells"
"GGACGTCCACACGCTG","SRA526435","SRS1915196","Mus musculus","10x chromium","Cortex, hippocampus and subventricular zone","GGACGTCCACACGCTG",1835,3961,65,0.016409997475385,"Unknown"
"GGACGTCCACTGTGTA","SRA526435","SRS1915196","Mus musculus","10x chromium","Cortex, hippocampus and subventricular zone","GGACGTCCACTGTGTA",3478,9278,105,0.0113170942013365,"Unknown"
"GGACGTCCAGTCCTTC","SRA526435","SRS1915196","Mus musculus","10x chromium","Cortex, hippocampus and subventricular zone","GGACGTCCAGTCCTTC",2248,4490,51,0.011358574610245,"Unknown"
"GGACGTCCATCCTAGA","SRA526435","SRS1915196","Mus musculus","10x chromium","Cortex, hippocampus and subventricular zone","GGACGTCCATCCTAGA",1905,3987,60,0.0150489089541008,"Unknown"
"GGACGTCCATGTCTCC","SRA526435","SRS1915196","Mus musculus","10x chromium","Cortex, hippocampus and subventricular zone","GGACGTCCATGTCTCC",2453,5508,87,0.0157952069716776,"Unknown"
"GGACGTCCATTGGGCC","SRA526435","SRS1915196","Mus musculus","10x chromium","Cortex, hippocampus and subventricular zone","GGACGTCCATTGGGCC",1714,3207,34,0.0106018085438104,"Unknown"
"GGACGTCGTAAACCTC","SRA526435","SRS1915196","Mus musculus","10x chromium","Cortex, hippocampus and subventricular zone","GGACGTCGTAAACCTC",2606,5808,78,0.0134297520661157,"Unknown"
"GGACGTCGTAGGACAC","SRA526435","SRS1915196","Mus musculus","10x chromium","Cortex, hippocampus and subventricular zone","GGACGTCGTAGGACAC",1459,2382,38,0.0159529806884971,"Unknown"
"GGACGTCGTCAGATAA","SRA526435","SRS1915196","Mus musculus","10x chromium","Cortex, hippocampus and subventricular zone","GGACGTCGTCAGATAA",1936,4137,48,0.0116026105873822,"Unknown"
"GGACGTCGTGCAACGA","SRA526435","SRS1915196","Mus musculus","10x chromium","Cortex, hippocampus and subventricular zone","GGACGTCGTGCAACGA",2382,5305,45,0.00848256361922714,"Unknown"
"GGACGTCGTGTAAGTA","SRA526435","SRS1915196","Mus musculus","10x chromium","Cortex, hippocampus and subventricular zone","GGACGTCGTGTAAGTA",1592,2880,20,0.00694444444444444,"Unknown"
"GGACGTCGTTGTGGAG","SRA526435","SRS1915196","Mus musculus","10x chromium","Cortex, hippocampus and subventricular zone","GGACGTCGTTGTGGAG",3166,7783,139,0.0178594372349994,"Unknown"
"GGACGTCTCACGAAGG","SRA526435","SRS1915196","Mus musculus","10x chromium","Cortex, hippocampus and subventricular zone","GGACGTCTCACGAAGG",3421,9588,87,0.0090738423028786,"Unknown"
"GGACGTCTCATCGGAT","SRA526435","SRS1915196","Mus musculus","10x chromium","Cortex, hippocampus and subventricular zone","GGACGTCTCATCGGAT",2185,4420,60,0.0135746606334842,"Unknown"
"GGACGTCTCATGCATG","SRA526435","SRS1915196","Mus musculus","10x chromium","Cortex, hippocampus and subventricular zone","GGACGTCTCATGCATG",1295,2351,40,0.0170140365801786,"Unknown"
"GGACGTCTCCAAGCCG","SRA526435","SRS1915196","Mus musculus","10x chromium","Cortex, hippocampus and subventricular zone","GGACGTCTCCAAGCCG",807,1305,55,0.0421455938697318,"Unknown"
"GGACGTCTCTAACCGA","SRA526435","SRS1915196","Mus musculus","10x chromium","Cortex, hippocampus and subventricular zone","GGACGTCTCTAACCGA",93,1403,3,0.00213827512473272,"Erythroid-like and erythroid precursor cells"
"GGAGCAAAGAGATGAG","SRA526435","SRS1915196","Mus musculus","10x chromium","Cortex, hippocampus and subventricular zone","GGAGCAAAGAGATGAG",1709,3298,44,0.0133414190418435,"Unknown"
"GGAGCAACAATGGAAT","SRA526435","SRS1915196","Mus musculus","10x chromium","Cortex, hippocampus and subventricular zone","GGAGCAACAATGGAAT",2042,4172,45,0.0107861936720997,"Unknown"
"GGAGCAACACAACTGT","SRA526435","SRS1915196","Mus musculus","10x chromium","Cortex, hippocampus and subventricular zone","GGAGCAACACAACTGT",1784,3464,53,0.0153002309468822,"Unknown"
"GGAGCAACACCCATGG","SRA526435","SRS1915196","Mus musculus","10x chromium","Cortex, hippocampus and subventricular zone","GGAGCAACACCCATGG",1039,1708,50,0.0292740046838408,"Unknown"
"GGAGCAACACCGAATT","SRA526435","SRS1915196","Mus musculus","10x chromium","Cortex, hippocampus and subventricular zone","GGAGCAACACCGAATT",2238,4500,44,0.00977777777777778,"Unknown"
"GGAGCAAGTAGAGTGC","SRA526435","SRS1915196","Mus musculus","10x chromium","Cortex, hippocampus and subventricular zone","GGAGCAAGTAGAGTGC",1189,2211,35,0.0158299412030755,"Unknown"
"GGAGCAAGTAGCTCCG","SRA526435","SRS1915196","Mus musculus","10x chromium","Cortex, hippocampus and subventricular zone","GGAGCAAGTAGCTCCG",2385,5286,69,0.0130533484676504,"Unknown"
"GGAGCAAGTATAGTAG","SRA526435","SRS1915196","Mus musculus","10x chromium","Cortex, hippocampus and subventricular zone","GGAGCAAGTATAGTAG",2677,6496,62,0.00954433497536946,"Unknown"
"GGAGCAAGTATCGCAT","SRA526435","SRS1915196","Mus musculus","10x chromium","Cortex, hippocampus and subventricular zone","GGAGCAAGTATCGCAT",2327,4559,45,0.00987058565474885,"Unknown"
"GGAGCAAGTATCTGCA","SRA526435","SRS1915196","Mus musculus","10x chromium","Cortex, hippocampus and subventricular zone","GGAGCAAGTATCTGCA",2169,4337,40,0.00922296518330643,"Unknown"
"GGAGCAAGTCCAGTTA","SRA526435","SRS1915196","Mus musculus","10x chromium","Cortex, hippocampus and subventricular zone","GGAGCAAGTCCAGTTA",2246,4661,82,0.0175927912465136,"Unknown"
"GGAGCAAGTCTAACGT","SRA526435","SRS1915196","Mus musculus","10x chromium","Cortex, hippocampus and subventricular zone","GGAGCAAGTCTAACGT",2351,6142,26,0.00423314881146206,"Unknown"
"GGAGCAAGTCTGATCA","SRA526435","SRS1915196","Mus musculus","10x chromium","Cortex, hippocampus and subventricular zone","GGAGCAAGTCTGATCA",2203,4533,54,0.0119126406353408,"Unknown"
"GGAGCAAGTGTTCGAT","SRA526435","SRS1915196","Mus musculus","10x chromium","Cortex, hippocampus and subventricular zone","GGAGCAAGTGTTCGAT",1690,3503,68,0.019411932629175,"Unknown"
"GGAGCAAGTGTTGGGA","SRA526435","SRS1915196","Mus musculus","10x chromium","Cortex, hippocampus and subventricular zone","GGAGCAAGTGTTGGGA",1828,3569,49,0.0137293359484449,"Unknown"
"GGAGCAAGTTGTCGCG","SRA526435","SRS1915196","Mus musculus","10x chromium","Cortex, hippocampus and subventricular zone","GGAGCAAGTTGTCGCG",1322,2233,15,0.00671742051052396,"Unknown"
"GGAGCAATCAACACCA","SRA526435","SRS1915196","Mus musculus","10x chromium","Cortex, hippocampus and subventricular zone","GGAGCAATCAACACCA",4853,15786,151,0.00956543772963385,"Unknown"
"GGAGCAATCAACGGCC","SRA526435","SRS1915196","Mus musculus","10x chromium","Cortex, hippocampus and subventricular zone","GGAGCAATCAACGGCC",1643,3130,63,0.0201277955271565,"Unknown"
"GGAGCAATCCAGAAGG","SRA526435","SRS1915196","Mus musculus","10x chromium","Cortex, hippocampus and subventricular zone","GGAGCAATCCAGAAGG",1587,2761,18,0.00651937703730532,"Unknown"
"GGAGCAATCGAGGTAG","SRA526435","SRS1915196","Mus musculus","10x chromium","Cortex, hippocampus and subventricular zone","GGAGCAATCGAGGTAG",2096,4227,25,0.00591436006624083,"Unknown"
"GGAGCAATCGATGAGG","SRA526435","SRS1915196","Mus musculus","10x chromium","Cortex, hippocampus and subventricular zone","GGAGCAATCGATGAGG",2219,4741,64,0.0134992617591225,"Unknown"
"GGAGCAATCTAGAGTC","SRA526435","SRS1915196","Mus musculus","10x chromium","Cortex, hippocampus and subventricular zone","GGAGCAATCTAGAGTC",2521,5565,54,0.00970350404312668,"Unknown"
"GGAGCAATCTCAAGTG","SRA526435","SRS1915196","Mus musculus","10x chromium","Cortex, hippocampus and subventricular zone","GGAGCAATCTCAAGTG",2942,6991,65,0.00929766843083965,"Unknown"
"GGAGCAATCTGTCTCG","SRA526435","SRS1915196","Mus musculus","10x chromium","Cortex, hippocampus and subventricular zone","GGAGCAATCTGTCTCG",2119,3829,23,0.00600679028466963,"Unknown"
"GGATGTTAGAAGGGTA","SRA526435","SRS1915196","Mus musculus","10x chromium","Cortex, hippocampus and subventricular zone","GGATGTTAGAAGGGTA",1342,2463,79,0.0320747056435242,"Unknown"
"GGATGTTAGACCGGAT","SRA526435","SRS1915196","Mus musculus","10x chromium","Cortex, hippocampus and subventricular zone","GGATGTTAGACCGGAT",1928,3766,31,0.0082315454062666,"Unknown"
"GGATGTTAGCCATCGC","SRA526435","SRS1915196","Mus musculus","10x chromium","Cortex, hippocampus and subventricular zone","GGATGTTAGCCATCGC",2213,4146,62,0.014954172696575,"Unknown"
"GGATGTTAGGCGTACA","SRA526435","SRS1915196","Mus musculus","10x chromium","Cortex, hippocampus and subventricular zone","GGATGTTAGGCGTACA",3248,8251,155,0.018785601745243,"Unknown"
"GGATGTTAGGGATGGG","SRA526435","SRS1915196","Mus musculus","10x chromium","Cortex, hippocampus and subventricular zone","GGATGTTAGGGATGGG",2610,6180,87,0.0140776699029126,"Unknown"
"GGATGTTAGGTAGCCA","SRA526435","SRS1915196","Mus musculus","10x chromium","Cortex, hippocampus and subventricular zone","GGATGTTAGGTAGCCA",1956,3876,67,0.0172858617131063,"Unknown"
"GGATGTTAGTACGTAA","SRA526435","SRS1915196","Mus musculus","10x chromium","Cortex, hippocampus and subventricular zone","GGATGTTAGTACGTAA",1953,3932,45,0.0114445574771109,"Unknown"
"GGATGTTAGTCCGTAT","SRA526435","SRS1915196","Mus musculus","10x chromium","Cortex, hippocampus and subventricular zone","GGATGTTAGTCCGTAT",2655,5353,114,0.0212964692695685,"Unknown"
"GGATGTTAGTCTCAAC","SRA526435","SRS1915196","Mus musculus","10x chromium","Cortex, hippocampus and subventricular zone","GGATGTTAGTCTCAAC",2448,5803,83,0.0143029467516802,"Unknown"
"GGATGTTCAAGCTGAG","SRA526435","SRS1915196","Mus musculus","10x chromium","Cortex, hippocampus and subventricular zone","GGATGTTCAAGCTGAG",1669,2894,39,0.0134761575673808,"Unknown"
"GGATGTTCAGGATCGA","SRA526435","SRS1915196","Mus musculus","10x chromium","Cortex, hippocampus and subventricular zone","GGATGTTCAGGATCGA",964,1421,16,0.0112596762843068,"Unknown"
"GGATGTTCATAAAGGT","SRA526435","SRS1915196","Mus musculus","10x chromium","Cortex, hippocampus and subventricular zone","GGATGTTCATAAAGGT",169,8984,4,0.000445235975066785,"Erythroid-like and erythroid precursor cells"
"GGATGTTCATATACCG","SRA526435","SRS1915196","Mus musculus","10x chromium","Cortex, hippocampus and subventricular zone","GGATGTTCATATACCG",1437,2443,23,0.00941465411379452,"Unknown"
"GGATGTTGTAACGACG","SRA526435","SRS1915196","Mus musculus","10x chromium","Cortex, hippocampus and subventricular zone","GGATGTTGTAACGACG",3509,9644,73,0.0075694732476151,"Unknown"
"GGATGTTGTAGCAAAT","SRA526435","SRS1915196","Mus musculus","10x chromium","Cortex, hippocampus and subventricular zone","GGATGTTGTAGCAAAT",2930,7660,106,0.0138381201044386,"Unknown"
"GGATGTTGTCCAACTA","SRA526435","SRS1915196","Mus musculus","10x chromium","Cortex, hippocampus and subventricular zone","GGATGTTGTCCAACTA",3342,8171,104,0.0127279402765879,"Unknown"
"GGATGTTGTCGCTTCT","SRA526435","SRS1915196","Mus musculus","10x chromium","Cortex, hippocampus and subventricular zone","GGATGTTGTCGCTTCT",2019,3802,48,0.0126249342451341,"Unknown"
"GGATGTTGTGGTTTCA","SRA526435","SRS1915196","Mus musculus","10x chromium","Cortex, hippocampus and subventricular zone","GGATGTTGTGGTTTCA",1453,2514,36,0.0143198090692124,"Unknown"
"GGATGTTGTGTGGCTC","SRA526435","SRS1915196","Mus musculus","10x chromium","Cortex, hippocampus and subventricular zone","GGATGTTGTGTGGCTC",3102,7983,63,0.00789177001127396,"Unknown"
"GGATGTTGTTACGTCA","SRA526435","SRS1915196","Mus musculus","10x chromium","Cortex, hippocampus and subventricular zone","GGATGTTGTTACGTCA",2923,7690,82,0.0106631989596879,"Unknown"
"GGATGTTGTTAGATGA","SRA526435","SRS1915196","Mus musculus","10x chromium","Cortex, hippocampus and subventricular zone","GGATGTTGTTAGATGA",2286,4768,60,0.0125838926174497,"Unknown"
"GGATGTTTCAATCTCT","SRA526435","SRS1915196","Mus musculus","10x chromium","Cortex, hippocampus and subventricular zone","GGATGTTTCAATCTCT",2763,6528,77,0.0117953431372549,"Unknown"
"GGATGTTTCAGCGATT","SRA526435","SRS1915196","Mus musculus","10x chromium","Cortex, hippocampus and subventricular zone","GGATGTTTCAGCGATT",2564,5237,69,0.0131754821462669,"Unknown"
"GGATGTTTCCACTGGG","SRA526435","SRS1915196","Mus musculus","10x chromium","Cortex, hippocampus and subventricular zone","GGATGTTTCCACTGGG",2548,5907,39,0.00660233621127476,"Unknown"
"GGATGTTTCCAGTATG","SRA526435","SRS1915196","Mus musculus","10x chromium","Cortex, hippocampus and subventricular zone","GGATGTTTCCAGTATG",1755,3291,68,0.0206624126405348,"Unknown"
"GGATGTTTCCGCAGTG","SRA526435","SRS1915196","Mus musculus","10x chromium","Cortex, hippocampus and subventricular zone","GGATGTTTCCGCAGTG",4523,13731,79,0.00575340470468283,"Unknown"
"GGATGTTTCGAATCCA","SRA526435","SRS1915196","Mus musculus","10x chromium","Cortex, hippocampus and subventricular zone","GGATGTTTCGAATCCA",2343,5073,83,0.016361127537946,"Unknown"
"GGATGTTTCTATCGCC","SRA526435","SRS1915196","Mus musculus","10x chromium","Cortex, hippocampus and subventricular zone","GGATGTTTCTATCGCC",2220,4318,39,0.00903195924038907,"Unknown"
"GGATGTTTCTTATCTG","SRA526435","SRS1915196","Mus musculus","10x chromium","Cortex, hippocampus and subventricular zone","GGATGTTTCTTATCTG",1598,3115,76,0.0243980738362761,"Unknown"
"GGATTACAGAGGTTGC","SRA526435","SRS1915196","Mus musculus","10x chromium","Cortex, hippocampus and subventricular zone","GGATTACAGAGGTTGC",1325,2373,40,0.0168563000421408,"Unknown"
"GGATTACAGCTGGAAC","SRA526435","SRS1915196","Mus musculus","10x chromium","Cortex, hippocampus and subventricular zone","GGATTACAGCTGGAAC",6107,30323,316,0.0104211324736998,"Endothelial cells"
"GGATTACAGGCTAGCA","SRA526435","SRS1915196","Mus musculus","10x chromium","Cortex, hippocampus and subventricular zone","GGATTACAGGCTAGCA",2244,4561,61,0.013374260030695,"Unknown"
"GGATTACAGTTACCCA","SRA526435","SRS1915196","Mus musculus","10x chromium","Cortex, hippocampus and subventricular zone","GGATTACAGTTACCCA",2215,4513,55,0.0121870152891646,"Unknown"
"GGATTACCAATAGAGT","SRA526435","SRS1915196","Mus musculus","10x chromium","Cortex, hippocampus and subventricular zone","GGATTACCAATAGAGT",2978,6588,76,0.0115361262902247,"Unknown"
"GGATTACCACAACGTT","SRA526435","SRS1915196","Mus musculus","10x chromium","Cortex, hippocampus and subventricular zone","GGATTACCACAACGTT",3713,8437,158,0.0187270356761882,"Oligodendrocyte progenitor cells"
"GGATTACCAGCTATTG","SRA526435","SRS1915196","Mus musculus","10x chromium","Cortex, hippocampus and subventricular zone","GGATTACCAGCTATTG",2901,7322,80,0.0109259765091505,"Unknown"
"GGATTACCAGTATCTG","SRA526435","SRS1915196","Mus musculus","10x chromium","Cortex, hippocampus and subventricular zone","GGATTACCAGTATCTG",1971,4040,62,0.0153465346534653,"Unknown"
"GGATTACCAGTCAGCC","SRA526435","SRS1915196","Mus musculus","10x chromium","Cortex, hippocampus and subventricular zone","GGATTACCAGTCAGCC",3150,6923,19,0.00274447493861043,"Unknown"
"GGATTACGTAAGTGGC","SRA526435","SRS1915196","Mus musculus","10x chromium","Cortex, hippocampus and subventricular zone","GGATTACGTAAGTGGC",2137,4216,57,0.0135199240986717,"Unknown"
"GGATTACGTATCACCA","SRA526435","SRS1915196","Mus musculus","10x chromium","Cortex, hippocampus and subventricular zone","GGATTACGTATCACCA",1127,1709,105,0.061439438267993,"Unknown"
"GGATTACGTATCTGCA","SRA526435","SRS1915196","Mus musculus","10x chromium","Cortex, hippocampus and subventricular zone","GGATTACGTATCTGCA",1441,2322,11,0.00473729543496985,"Unknown"
"GGATTACGTCCTCCAT","SRA526435","SRS1915196","Mus musculus","10x chromium","Cortex, hippocampus and subventricular zone","GGATTACGTCCTCCAT",2367,4968,79,0.0159017713365539,"Unknown"
"GGATTACGTTCATGGT","SRA526435","SRS1915196","Mus musculus","10x chromium","Cortex, hippocampus and subventricular zone","GGATTACGTTCATGGT",1259,1950,19,0.00974358974358974,"Unknown"
"GGATTACGTTCCACAA","SRA526435","SRS1915196","Mus musculus","10x chromium","Cortex, hippocampus and subventricular zone","GGATTACGTTCCACAA",1981,3864,37,0.00957556935817805,"Unknown"
"GGATTACGTTCCTCCA","SRA526435","SRS1915196","Mus musculus","10x chromium","Cortex, hippocampus and subventricular zone","GGATTACGTTCCTCCA",2125,4056,71,0.0175049309664694,"Unknown"
"GGATTACGTTGTGGAG","SRA526435","SRS1915196","Mus musculus","10x chromium","Cortex, hippocampus and subventricular zone","GGATTACGTTGTGGAG",835,1357,50,0.0368459837877671,"Unknown"
"GGATTACTCATCATTC","SRA526435","SRS1915196","Mus musculus","10x chromium","Cortex, hippocampus and subventricular zone","GGATTACTCATCATTC",2108,4404,52,0.0118074477747502,"Unknown"
"GGATTACTCCGTCAAA","SRA526435","SRS1915196","Mus musculus","10x chromium","Cortex, hippocampus and subventricular zone","GGATTACTCCGTCAAA",2837,6085,94,0.0154478225143796,"Unknown"
"GGATTACTCCGTTGTC","SRA526435","SRS1915196","Mus musculus","10x chromium","Cortex, hippocampus and subventricular zone","GGATTACTCCGTTGTC",2201,4528,33,0.00728798586572438,"Unknown"
"GGATTACTCTACTCAT","SRA526435","SRS1915196","Mus musculus","10x chromium","Cortex, hippocampus and subventricular zone","GGATTACTCTACTCAT",2787,7339,100,0.0136258345823682,"Unknown"
"GGATTACTCTGTTTGT","SRA526435","SRS1915196","Mus musculus","10x chromium","Cortex, hippocampus and subventricular zone","GGATTACTCTGTTTGT",2382,5188,69,0.0132999228989977,"Unknown"
"GGATTACTCTTATCTG","SRA526435","SRS1915196","Mus musculus","10x chromium","Cortex, hippocampus and subventricular zone","GGATTACTCTTATCTG",1270,2340,41,0.0175213675213675,"Unknown"
"GGCAATTAGCGCTTAT","SRA526435","SRS1915196","Mus musculus","10x chromium","Cortex, hippocampus and subventricular zone","GGCAATTAGCGCTTAT",2337,4744,34,0.00716694772344013,"Unknown"
"GGCAATTAGTAGCGGT","SRA526435","SRS1915196","Mus musculus","10x chromium","Cortex, hippocampus and subventricular zone","GGCAATTAGTAGCGGT",2336,4941,57,0.0115361262902247,"Unknown"
"GGCAATTCAGCCACCA","SRA526435","SRS1915196","Mus musculus","10x chromium","Cortex, hippocampus and subventricular zone","GGCAATTCAGCCACCA",1168,1815,25,0.0137741046831956,"Unknown"
"GGCAATTCATTCCTCG","SRA526435","SRS1915196","Mus musculus","10x chromium","Cortex, hippocampus and subventricular zone","GGCAATTCATTCCTCG",1926,3912,59,0.015081799591002,"Unknown"
"GGCAATTGTAAGGATT","SRA526435","SRS1915196","Mus musculus","10x chromium","Cortex, hippocampus and subventricular zone","GGCAATTGTAAGGATT",2283,5274,55,0.0104285172544558,"Unknown"
"GGCAATTGTAATAGCA","SRA526435","SRS1915196","Mus musculus","10x chromium","Cortex, hippocampus and subventricular zone","GGCAATTGTAATAGCA",2343,5718,106,0.018537950332284,"Unknown"
"GGCAATTGTAGATTAG","SRA526435","SRS1915196","Mus musculus","10x chromium","Cortex, hippocampus and subventricular zone","GGCAATTGTAGATTAG",1465,2284,101,0.0442206654991243,"Unknown"
"GGCAATTGTATAGTAG","SRA526435","SRS1915196","Mus musculus","10x chromium","Cortex, hippocampus and subventricular zone","GGCAATTGTATAGTAG",1725,3340,36,0.0107784431137725,"Unknown"
"GGCAATTGTCACCTAA","SRA526435","SRS1915196","Mus musculus","10x chromium","Cortex, hippocampus and subventricular zone","GGCAATTGTCACCTAA",1981,3980,54,0.0135678391959799,"Unknown"
"GGCAATTGTCACTTCC","SRA526435","SRS1915196","Mus musculus","10x chromium","Cortex, hippocampus and subventricular zone","GGCAATTGTCACTTCC",2221,4745,48,0.0101159114857745,"Unknown"
"GGCAATTGTCGCTTTC","SRA526435","SRS1915196","Mus musculus","10x chromium","Cortex, hippocampus and subventricular zone","GGCAATTGTCGCTTTC",1198,2040,56,0.0274509803921569,"Unknown"
"GGCAATTGTTAAGATG","SRA526435","SRS1915196","Mus musculus","10x chromium","Cortex, hippocampus and subventricular zone","GGCAATTGTTAAGATG",1883,3977,47,0.0118179532310787,"Unknown"
"GGCAATTTCAATCACG","SRA526435","SRS1915196","Mus musculus","10x chromium","Cortex, hippocampus and subventricular zone","GGCAATTTCAATCACG",1586,2688,21,0.0078125,"Unknown"
"GGCAATTTCATGTCTT","SRA526435","SRS1915196","Mus musculus","10x chromium","Cortex, hippocampus and subventricular zone","GGCAATTTCATGTCTT",1911,3213,30,0.00933706816059757,"Unknown"
"GGCAATTTCATTTGGG","SRA526435","SRS1915196","Mus musculus","10x chromium","Cortex, hippocampus and subventricular zone","GGCAATTTCATTTGGG",1461,2799,65,0.023222579492676,"Unknown"
"GGCAATTTCGCCAGCA","SRA526435","SRS1915196","Mus musculus","10x chromium","Cortex, hippocampus and subventricular zone","GGCAATTTCGCCAGCA",1026,1332,8,0.00600600600600601,"Unknown"
"GGCAATTTCTCTAGGA","SRA526435","SRS1915196","Mus musculus","10x chromium","Cortex, hippocampus and subventricular zone","GGCAATTTCTCTAGGA",1754,4484,18,0.004014272970562,"Unknown"
"GGCCGATAGACAGAGA","SRA526435","SRS1915196","Mus musculus","10x chromium","Cortex, hippocampus and subventricular zone","GGCCGATAGACAGAGA",2320,4879,121,0.0248001639680262,"Unknown"
"GGCCGATAGCCAGAAC","SRA526435","SRS1915196","Mus musculus","10x chromium","Cortex, hippocampus and subventricular zone","GGCCGATAGCCAGAAC",2056,3988,59,0.0147943831494483,"Unknown"
"GGCCGATAGCCCAACC","SRA526435","SRS1915196","Mus musculus","10x chromium","Cortex, hippocampus and subventricular zone","GGCCGATAGCCCAACC",1323,2292,40,0.0174520069808028,"Unknown"
"GGCCGATAGTTAACGA","SRA526435","SRS1915196","Mus musculus","10x chromium","Cortex, hippocampus and subventricular zone","GGCCGATAGTTAACGA",1253,2204,45,0.0204174228675136,"Unknown"
"GGCCGATCACATTAGC","SRA526435","SRS1915196","Mus musculus","10x chromium","Cortex, hippocampus and subventricular zone","GGCCGATCACATTAGC",1941,3457,73,0.0211165750650853,"Unknown"
"GGCCGATCATAGTAAG","SRA526435","SRS1915196","Mus musculus","10x chromium","Cortex, hippocampus and subventricular zone","GGCCGATCATAGTAAG",2115,4245,54,0.0127208480565371,"Unknown"
"GGCCGATGTAAATGTG","SRA526435","SRS1915196","Mus musculus","10x chromium","Cortex, hippocampus and subventricular zone","GGCCGATGTAAATGTG",2843,6887,55,0.00798606069406128,"Unknown"
"GGCCGATGTCGAATCT","SRA526435","SRS1915196","Mus musculus","10x chromium","Cortex, hippocampus and subventricular zone","GGCCGATGTCGAATCT",1046,1726,31,0.0179606025492468,"Unknown"
"GGCCGATGTCGCGAAA","SRA526435","SRS1915196","Mus musculus","10x chromium","Cortex, hippocampus and subventricular zone","GGCCGATGTCGCGAAA",1527,3183,35,0.0109959158027019,"Unknown"
"GGCCGATGTGAGTGAC","SRA526435","SRS1915196","Mus musculus","10x chromium","Cortex, hippocampus and subventricular zone","GGCCGATGTGAGTGAC",2406,4947,65,0.0131392763290883,"Unknown"
"GGCCGATGTTTAGGAA","SRA526435","SRS1915196","Mus musculus","10x chromium","Cortex, hippocampus and subventricular zone","GGCCGATGTTTAGGAA",2289,5226,40,0.00765403750478377,"Unknown"
"GGCCGATTCCCTTGCA","SRA526435","SRS1915196","Mus musculus","10x chromium","Cortex, hippocampus and subventricular zone","GGCCGATTCCCTTGCA",1431,2418,48,0.0198511166253102,"Unknown"
"GGCCGATTCGGAATCT","SRA526435","SRS1915196","Mus musculus","10x chromium","Cortex, hippocampus and subventricular zone","GGCCGATTCGGAATCT",2287,4365,73,0.0167239404352806,"Unknown"
"GGCGACTAGACCGGAT","SRA526435","SRS1915196","Mus musculus","10x chromium","Cortex, hippocampus and subventricular zone","GGCGACTAGACCGGAT",1634,3254,42,0.0129071911493546,"Unknown"
"GGCGACTAGATCGATA","SRA526435","SRS1915196","Mus musculus","10x chromium","Cortex, hippocampus and subventricular zone","GGCGACTAGATCGATA",3158,8232,132,0.0160349854227405,"Unknown"
"GGCGACTAGCCGTCGT","SRA526435","SRS1915196","Mus musculus","10x chromium","Cortex, hippocampus and subventricular zone","GGCGACTAGCCGTCGT",1020,2075,16,0.00771084337349398,"Unknown"
"GGCGACTAGCTGATAA","SRA526435","SRS1915196","Mus musculus","10x chromium","Cortex, hippocampus and subventricular zone","GGCGACTAGCTGATAA",1653,2964,79,0.0266531713900135,"Unknown"
"GGCGACTAGGAGTACC","SRA526435","SRS1915196","Mus musculus","10x chromium","Cortex, hippocampus and subventricular zone","GGCGACTAGGAGTACC",3094,6965,60,0.00861450107681263,"Unknown"
"GGCGACTAGGCTATCT","SRA526435","SRS1915196","Mus musculus","10x chromium","Cortex, hippocampus and subventricular zone","GGCGACTAGGCTATCT",2085,4265,40,0.00937866354044549,"Unknown"
"GGCGACTAGGGTCGAT","SRA526435","SRS1915196","Mus musculus","10x chromium","Cortex, hippocampus and subventricular zone","GGCGACTAGGGTCGAT",2201,4691,58,0.0123641014709017,"Unknown"
"GGCGACTCAAAGTCAA","SRA526435","SRS1915196","Mus musculus","10x chromium","Cortex, hippocampus and subventricular zone","GGCGACTCAAAGTCAA",2577,6242,63,0.0100929189362384,"Unknown"
"GGCGACTCAATGACCT","SRA526435","SRS1915196","Mus musculus","10x chromium","Cortex, hippocampus and subventricular zone","GGCGACTCAATGACCT",3215,8072,54,0.00668979187314172,"Unknown"
"GGCGACTCACCAGTTA","SRA526435","SRS1915196","Mus musculus","10x chromium","Cortex, hippocampus and subventricular zone","GGCGACTCACCAGTTA",997,1559,15,0.00962155227710071,"Unknown"
"GGCGACTCATCCTTGC","SRA526435","SRS1915196","Mus musculus","10x chromium","Cortex, hippocampus and subventricular zone","GGCGACTCATCCTTGC",1433,2604,37,0.0142089093701997,"Unknown"
"GGCGACTGTACTCTCC","SRA526435","SRS1915196","Mus musculus","10x chromium","Cortex, hippocampus and subventricular zone","GGCGACTGTACTCTCC",1937,3511,6,0.00170891483907719,"Unknown"
"GGCGACTGTTCGTGAT","SRA526435","SRS1915196","Mus musculus","10x chromium","Cortex, hippocampus and subventricular zone","GGCGACTGTTCGTGAT",2722,5925,59,0.009957805907173,"Unknown"
"GGCGACTGTTCTGAAC","SRA526435","SRS1915196","Mus musculus","10x chromium","Cortex, hippocampus and subventricular zone","GGCGACTGTTCTGAAC",2257,4764,51,0.0107052896725441,"Unknown"
"GGCGACTGTTGGACCC","SRA526435","SRS1915196","Mus musculus","10x chromium","Cortex, hippocampus and subventricular zone","GGCGACTGTTGGACCC",2080,4252,62,0.0145813734713076,"Unknown"
"GGCGACTTCAAACCGT","SRA526435","SRS1915196","Mus musculus","10x chromium","Cortex, hippocampus and subventricular zone","GGCGACTTCAAACCGT",2452,5113,75,0.0146684920790143,"Unknown"
"GGCGACTTCACAAACC","SRA526435","SRS1915196","Mus musculus","10x chromium","Cortex, hippocampus and subventricular zone","GGCGACTTCACAAACC",2376,5231,50,0.00955840183521315,"Unknown"
"GGCGACTTCACCTCGT","SRA526435","SRS1915196","Mus musculus","10x chromium","Cortex, hippocampus and subventricular zone","GGCGACTTCACCTCGT",1531,2672,42,0.0157185628742515,"Unknown"
"GGCGACTTCAGTTTGG","SRA526435","SRS1915196","Mus musculus","10x chromium","Cortex, hippocampus and subventricular zone","GGCGACTTCAGTTTGG",2104,4308,67,0.015552460538533,"Unknown"
"GGCGACTTCGAACTGT","SRA526435","SRS1915196","Mus musculus","10x chromium","Cortex, hippocampus and subventricular zone","GGCGACTTCGAACTGT",2562,5970,65,0.0108877721943049,"Unknown"
"GGCGACTTCGGCTTGG","SRA526435","SRS1915196","Mus musculus","10x chromium","Cortex, hippocampus and subventricular zone","GGCGACTTCGGCTTGG",1314,2143,44,0.0205319645356976,"Unknown"
"GGCGACTTCTGGTATG","SRA526435","SRS1915196","Mus musculus","10x chromium","Cortex, hippocampus and subventricular zone","GGCGACTTCTGGTATG",1080,1575,27,0.0171428571428571,"Unknown"
"GGCGTGTAGACCACGA","SRA526435","SRS1915196","Mus musculus","10x chromium","Cortex, hippocampus and subventricular zone","GGCGTGTAGACCACGA",1698,3153,30,0.00951474785918173,"Unknown"
"GGCGTGTAGCGTCAAG","SRA526435","SRS1915196","Mus musculus","10x chromium","Cortex, hippocampus and subventricular zone","GGCGTGTAGCGTCAAG",782,1042,29,0.027831094049904,"Unknown"
"GGCGTGTAGCGTGTCC","SRA526435","SRS1915196","Mus musculus","10x chromium","Cortex, hippocampus and subventricular zone","GGCGTGTAGCGTGTCC",948,1422,12,0.00843881856540084,"Unknown"
"GGCGTGTAGTCGTACT","SRA526435","SRS1915196","Mus musculus","10x chromium","Cortex, hippocampus and subventricular zone","GGCGTGTAGTCGTACT",1464,2587,21,0.00811751063007344,"Unknown"
"GGCGTGTCACGCCAGT","SRA526435","SRS1915196","Mus musculus","10x chromium","Cortex, hippocampus and subventricular zone","GGCGTGTCACGCCAGT",2099,4111,51,0.0124057406956945,"Unknown"
"GGCGTGTCAGGGTACA","SRA526435","SRS1915196","Mus musculus","10x chromium","Cortex, hippocampus and subventricular zone","GGCGTGTCAGGGTACA",2207,4624,51,0.0110294117647059,"Unknown"
"GGCGTGTGTAACGCGA","SRA526435","SRS1915196","Mus musculus","10x chromium","Cortex, hippocampus and subventricular zone","GGCGTGTGTAACGCGA",2144,4679,58,0.0123958110707416,"Unknown"
"GGCGTGTGTATATGGA","SRA526435","SRS1915196","Mus musculus","10x chromium","Cortex, hippocampus and subventricular zone","GGCGTGTGTATATGGA",3105,7560,66,0.00873015873015873,"Unknown"
"GGCGTGTGTCGAAAGC","SRA526435","SRS1915196","Mus musculus","10x chromium","Cortex, hippocampus and subventricular zone","GGCGTGTGTCGAAAGC",2079,4342,73,0.0168125287885767,"Unknown"
"GGCGTGTTCACCTCGT","SRA526435","SRS1915196","Mus musculus","10x chromium","Cortex, hippocampus and subventricular zone","GGCGTGTTCACCTCGT",1421,2304,34,0.0147569444444444,"Unknown"
"GGCGTGTTCATAGCAC","SRA526435","SRS1915196","Mus musculus","10x chromium","Cortex, hippocampus and subventricular zone","GGCGTGTTCATAGCAC",2620,6036,53,0.00878064943671305,"Unknown"
"GGCGTGTTCCATTCTA","SRA526435","SRS1915196","Mus musculus","10x chromium","Cortex, hippocampus and subventricular zone","GGCGTGTTCCATTCTA",1879,3508,44,0.0125427594070696,"Unknown"
"GGCGTGTTCTAACTGG","SRA526435","SRS1915196","Mus musculus","10x chromium","Cortex, hippocampus and subventricular zone","GGCGTGTTCTAACTGG",1778,3362,65,0.0193337299226651,"Unknown"
"GGCTCGAAGACAAGCC","SRA526435","SRS1915196","Mus musculus","10x chromium","Cortex, hippocampus and subventricular zone","GGCTCGAAGACAAGCC",1853,3571,64,0.017922150658079,"Unknown"
"GGCTCGAAGACAGAGA","SRA526435","SRS1915196","Mus musculus","10x chromium","Cortex, hippocampus and subventricular zone","GGCTCGAAGACAGAGA",4502,13046,185,0.0141805917522612,"Cajal-Retzius cells"
"GGCTCGAAGGAATGGA","SRA526435","SRS1915196","Mus musculus","10x chromium","Cortex, hippocampus and subventricular zone","GGCTCGAAGGAATGGA",1517,2539,26,0.0102402520677432,"Unknown"
"GGCTCGAAGGCACATG","SRA526435","SRS1915196","Mus musculus","10x chromium","Cortex, hippocampus and subventricular zone","GGCTCGAAGGCACATG",2508,5685,96,0.0168865435356201,"Unknown"
"GGCTCGAAGGCGACAT","SRA526435","SRS1915196","Mus musculus","10x chromium","Cortex, hippocampus and subventricular zone","GGCTCGAAGGCGACAT",2906,7322,70,0.00956022944550669,"Unknown"
"GGCTCGAAGTCGTTTG","SRA526435","SRS1915196","Mus musculus","10x chromium","Cortex, hippocampus and subventricular zone","GGCTCGAAGTCGTTTG",2038,4155,44,0.010589651022864,"Unknown"
"GGCTCGAAGTGAACGC","SRA526435","SRS1915196","Mus musculus","10x chromium","Cortex, hippocampus and subventricular zone","GGCTCGAAGTGAACGC",1366,2621,71,0.027088897367417,"Unknown"
"GGCTCGAAGTTACCCA","SRA526435","SRS1915196","Mus musculus","10x chromium","Cortex, hippocampus and subventricular zone","GGCTCGAAGTTACCCA",446,5628,38,0.00675195451314854,"Erythroid-like and erythroid precursor cells"
"GGCTCGACATCCTAGA","SRA526435","SRS1915196","Mus musculus","10x chromium","Cortex, hippocampus and subventricular zone","GGCTCGACATCCTAGA",2230,5237,76,0.0145121252625549,"Unknown"
"GGCTCGAGTATCAGTC","SRA526435","SRS1915196","Mus musculus","10x chromium","Cortex, hippocampus and subventricular zone","GGCTCGAGTATCAGTC",1627,2858,19,0.0066480055983205,"Unknown"
"GGCTCGAGTCACTTCC","SRA526435","SRS1915196","Mus musculus","10x chromium","Cortex, hippocampus and subventricular zone","GGCTCGAGTCACTTCC",1525,2662,50,0.0187828700225394,"Unknown"
"GGCTCGATCACATGCA","SRA526435","SRS1915196","Mus musculus","10x chromium","Cortex, hippocampus and subventricular zone","GGCTCGATCACATGCA",2685,5975,44,0.00736401673640167,"Unknown"
"GGCTCGATCCATGAGT","SRA526435","SRS1915196","Mus musculus","10x chromium","Cortex, hippocampus and subventricular zone","GGCTCGATCCATGAGT",1374,2142,10,0.00466853408029879,"Unknown"
"GGCTCGATCCGCATAA","SRA526435","SRS1915196","Mus musculus","10x chromium","Cortex, hippocampus and subventricular zone","GGCTCGATCCGCATAA",187,6340,2,0.000315457413249211,"Erythroid-like and erythroid precursor cells"
"GGCTCGATCCTGCAGG","SRA526435","SRS1915196","Mus musculus","10x chromium","Cortex, hippocampus and subventricular zone","GGCTCGATCCTGCAGG",1747,3242,49,0.0151141270820481,"Unknown"
"GGCTCGATCGTCGTTC","SRA526435","SRS1915196","Mus musculus","10x chromium","Cortex, hippocampus and subventricular zone","GGCTCGATCGTCGTTC",639,1074,83,0.0772811918063315,"Unknown"
"GGCTCGATCGTGTAGT","SRA526435","SRS1915196","Mus musculus","10x chromium","Cortex, hippocampus and subventricular zone","GGCTCGATCGTGTAGT",1758,3757,21,0.00558956614319936,"Unknown"
"GGCTCGATCTCACATT","SRA526435","SRS1915196","Mus musculus","10x chromium","Cortex, hippocampus and subventricular zone","GGCTCGATCTCACATT",1487,2837,25,0.0088121254846669,"Unknown"
"GGCTCGATCTGCTTGC","SRA526435","SRS1915196","Mus musculus","10x chromium","Cortex, hippocampus and subventricular zone","GGCTCGATCTGCTTGC",3714,10358,95,0.0091716547596061,"Unknown"
"GGCTGGTAGGACTGGT","SRA526435","SRS1915196","Mus musculus","10x chromium","Cortex, hippocampus and subventricular zone","GGCTGGTAGGACTGGT",1181,2013,63,0.0312965722801788,"Cajal-Retzius cells"
"GGCTGGTAGGCCCTCA","SRA526435","SRS1915196","Mus musculus","10x chromium","Cortex, hippocampus and subventricular zone","GGCTGGTAGGCCCTCA",2724,6664,136,0.0204081632653061,"Unknown"
"GGCTGGTAGTACCGGA","SRA526435","SRS1915196","Mus musculus","10x chromium","Cortex, hippocampus and subventricular zone","GGCTGGTAGTACCGGA",3360,7434,93,0.0125100887812752,"Unknown"
"GGCTGGTAGTAGGCCA","SRA526435","SRS1915196","Mus musculus","10x chromium","Cortex, hippocampus and subventricular zone","GGCTGGTAGTAGGCCA",1968,3609,36,0.00997506234413965,"Unknown"
"GGCTGGTCAACACGCC","SRA526435","SRS1915196","Mus musculus","10x chromium","Cortex, hippocampus and subventricular zone","GGCTGGTCAACACGCC",1530,2825,41,0.0145132743362832,"Unknown"
"GGCTGGTCAATCGGTT","SRA526435","SRS1915196","Mus musculus","10x chromium","Cortex, hippocampus and subventricular zone","GGCTGGTCAATCGGTT",2448,4889,49,0.010022499488648,"Unknown"
"GGCTGGTCACACTGCG","SRA526435","SRS1915196","Mus musculus","10x chromium","Cortex, hippocampus and subventricular zone","GGCTGGTCACACTGCG",2900,6786,81,0.0119363395225464,"Unknown"
"GGCTGGTCACTGTGTA","SRA526435","SRS1915196","Mus musculus","10x chromium","Cortex, hippocampus and subventricular zone","GGCTGGTCACTGTGTA",1741,3243,36,0.0111008325624422,"Unknown"
"GGCTGGTCAGCTATTG","SRA526435","SRS1915196","Mus musculus","10x chromium","Cortex, hippocampus and subventricular zone","GGCTGGTCAGCTATTG",2391,4970,47,0.00945674044265594,"Unknown"
"GGCTGGTCAGTATGCT","SRA526435","SRS1915196","Mus musculus","10x chromium","Cortex, hippocampus and subventricular zone","GGCTGGTCAGTATGCT",2685,5429,105,0.0193405783753914,"Unknown"
"GGCTGGTGTACAGTTC","SRA526435","SRS1915196","Mus musculus","10x chromium","Cortex, hippocampus and subventricular zone","GGCTGGTGTACAGTTC",998,1491,59,0.039570757880617,"Unknown"
"GGCTGGTGTACCTACA","SRA526435","SRS1915196","Mus musculus","10x chromium","Cortex, hippocampus and subventricular zone","GGCTGGTGTACCTACA",2907,7000,97,0.0138571428571429,"Unknown"
"GGCTGGTGTACTCGCG","SRA526435","SRS1915196","Mus musculus","10x chromium","Cortex, hippocampus and subventricular zone","GGCTGGTGTACTCGCG",1675,3401,51,0.0149955895324904,"Unknown"
"GGCTGGTGTCCAAGTT","SRA526435","SRS1915196","Mus musculus","10x chromium","Cortex, hippocampus and subventricular zone","GGCTGGTGTCCAAGTT",2451,4972,67,0.0134754625905068,"Unknown"
"GGCTGGTGTGGTGTAG","SRA526435","SRS1915196","Mus musculus","10x chromium","Cortex, hippocampus and subventricular zone","GGCTGGTGTGGTGTAG",2054,4039,131,0.0324337707353305,"Unknown"
"GGCTGGTGTGTCTGAT","SRA526435","SRS1915196","Mus musculus","10x chromium","Cortex, hippocampus and subventricular zone","GGCTGGTGTGTCTGAT",2274,4911,87,0.0177153329260843,"Unknown"
"GGCTGGTGTTAAGGGC","SRA526435","SRS1915196","Mus musculus","10x chromium","Cortex, hippocampus and subventricular zone","GGCTGGTGTTAAGGGC",1994,3748,36,0.0096051227321238,"Unknown"
"GGCTGGTTCACATGCA","SRA526435","SRS1915196","Mus musculus","10x chromium","Cortex, hippocampus and subventricular zone","GGCTGGTTCACATGCA",2462,5418,93,0.0171650055370986,"Unknown"
"GGCTGGTTCCAGGGCT","SRA526435","SRS1915196","Mus musculus","10x chromium","Cortex, hippocampus and subventricular zone","GGCTGGTTCCAGGGCT",2527,5171,56,0.010829626764649,"Unknown"
"GGCTGGTTCGCCTGTT","SRA526435","SRS1915196","Mus musculus","10x chromium","Cortex, hippocampus and subventricular zone","GGCTGGTTCGCCTGTT",1991,3802,58,0.0152551288795371,"Unknown"
"GGGAATGAGAGCAATT","SRA526435","SRS1915196","Mus musculus","10x chromium","Cortex, hippocampus and subventricular zone","GGGAATGAGAGCAATT",2642,6136,73,0.011897001303781,"Unknown"
"GGGAATGAGAGGGATA","SRA526435","SRS1915196","Mus musculus","10x chromium","Cortex, hippocampus and subventricular zone","GGGAATGAGAGGGATA",1544,2910,44,0.0151202749140893,"Unknown"
"GGGAATGAGGCAAAGA","SRA526435","SRS1915196","Mus musculus","10x chromium","Cortex, hippocampus and subventricular zone","GGGAATGAGGCAAAGA",2537,5944,75,0.0126177658142665,"Unknown"
"GGGAATGAGGTGGGTT","SRA526435","SRS1915196","Mus musculus","10x chromium","Cortex, hippocampus and subventricular zone","GGGAATGAGGTGGGTT",1206,2058,27,0.0131195335276968,"Unknown"
"GGGAATGAGTGGAGAA","SRA526435","SRS1915196","Mus musculus","10x chromium","Cortex, hippocampus and subventricular zone","GGGAATGAGTGGAGAA",2490,5597,101,0.0180453814543505,"Unknown"
"GGGAATGCAATGGTCT","SRA526435","SRS1915196","Mus musculus","10x chromium","Cortex, hippocampus and subventricular zone","GGGAATGCAATGGTCT",2163,4634,49,0.0105740181268882,"Unknown"
"GGGAATGCACTGTTAG","SRA526435","SRS1915196","Mus musculus","10x chromium","Cortex, hippocampus and subventricular zone","GGGAATGCACTGTTAG",1613,2820,19,0.00673758865248227,"Unknown"
"GGGAATGCAGACAAAT","SRA526435","SRS1915196","Mus musculus","10x chromium","Cortex, hippocampus and subventricular zone","GGGAATGCAGACAAAT",3983,11852,98,0.00826864664191698,"Unknown"
"GGGAATGCAGTAAGAT","SRA526435","SRS1915196","Mus musculus","10x chromium","Cortex, hippocampus and subventricular zone","GGGAATGCAGTAAGAT",2213,4587,37,0.00806627425332461,"Unknown"
"GGGAATGCAGTGAGTG","SRA526435","SRS1915196","Mus musculus","10x chromium","Cortex, hippocampus and subventricular zone","GGGAATGCAGTGAGTG",850,1543,42,0.0272197018794556,"Unknown"
"GGGAATGCATTTCACT","SRA526435","SRS1915196","Mus musculus","10x chromium","Cortex, hippocampus and subventricular zone","GGGAATGCATTTCACT",2427,5099,61,0.0119631300254952,"Unknown"
"GGGAATGGTCAAGCGA","SRA526435","SRS1915196","Mus musculus","10x chromium","Cortex, hippocampus and subventricular zone","GGGAATGGTCAAGCGA",2261,5349,71,0.0132735090671153,"Unknown"
"GGGAATGGTCCGTCAG","SRA526435","SRS1915196","Mus musculus","10x chromium","Cortex, hippocampus and subventricular zone","GGGAATGGTCCGTCAG",1830,3661,52,0.0142037694618957,"Unknown"
"GGGAATGGTCCGTGAC","SRA526435","SRS1915196","Mus musculus","10x chromium","Cortex, hippocampus and subventricular zone","GGGAATGGTCCGTGAC",1580,2787,41,0.0147111589522784,"Unknown"
"GGGAATGGTCCTCCAT","SRA526435","SRS1915196","Mus musculus","10x chromium","Cortex, hippocampus and subventricular zone","GGGAATGGTCCTCCAT",2772,6753,52,0.00770028135643418,"Unknown"
"GGGAATGGTCGGCACT","SRA526435","SRS1915196","Mus musculus","10x chromium","Cortex, hippocampus and subventricular zone","GGGAATGGTCGGCACT",1577,2766,30,0.0108459869848156,"Unknown"
"GGGAATGTCAACACCA","SRA526435","SRS1915196","Mus musculus","10x chromium","Cortex, hippocampus and subventricular zone","GGGAATGTCAACACCA",2715,6004,94,0.0156562291805463,"Unknown"
"GGGAATGTCAAGGCTT","SRA526435","SRS1915196","Mus musculus","10x chromium","Cortex, hippocampus and subventricular zone","GGGAATGTCAAGGCTT",4339,11635,148,0.0127202406532015,"Unknown"
"GGGAATGTCACATGCA","SRA526435","SRS1915196","Mus musculus","10x chromium","Cortex, hippocampus and subventricular zone","GGGAATGTCACATGCA",1760,3199,17,0.005314160675211,"Unknown"
"GGGAATGTCAGCTCGG","SRA526435","SRS1915196","Mus musculus","10x chromium","Cortex, hippocampus and subventricular zone","GGGAATGTCAGCTCGG",2100,4696,33,0.00702725724020443,"Unknown"
"GGGAATGTCCTTGGTC","SRA526435","SRS1915196","Mus musculus","10x chromium","Cortex, hippocampus and subventricular zone","GGGAATGTCCTTGGTC",1448,2629,89,0.0338531761125903,"Unknown"
"GGGAATGTCGCAAGCC","SRA526435","SRS1915196","Mus musculus","10x chromium","Cortex, hippocampus and subventricular zone","GGGAATGTCGCAAGCC",2139,4196,41,0.00977121067683508,"Unknown"
"GGGAATGTCTCTTATG","SRA526435","SRS1915196","Mus musculus","10x chromium","Cortex, hippocampus and subventricular zone","GGGAATGTCTCTTATG",1343,2262,82,0.0362511052166225,"Unknown"
"GGGAATGTCTTGCCGT","SRA526435","SRS1915196","Mus musculus","10x chromium","Cortex, hippocampus and subventricular zone","GGGAATGTCTTGCCGT",2192,4693,41,0.008736415938632,"Unknown"
"GGGAATGTCTTGTCAT","SRA526435","SRS1915196","Mus musculus","10x chromium","Cortex, hippocampus and subventricular zone","GGGAATGTCTTGTCAT",2956,6877,39,0.0056710775047259,"Unknown"
"GGGACCTAGAGCTGCA","SRA526435","SRS1915196","Mus musculus","10x chromium","Cortex, hippocampus and subventricular zone","GGGACCTAGAGCTGCA",1385,2382,57,0.0239294710327456,"Unknown"
"GGGACCTAGATGTGTA","SRA526435","SRS1915196","Mus musculus","10x chromium","Cortex, hippocampus and subventricular zone","GGGACCTAGATGTGTA",1658,3013,39,0.012943909724527,"Unknown"
"GGGACCTAGCAGGCTA","SRA526435","SRS1915196","Mus musculus","10x chromium","Cortex, hippocampus and subventricular zone","GGGACCTAGCAGGCTA",754,1060,66,0.0622641509433962,"Unknown"
"GGGACCTAGCCACGCT","SRA526435","SRS1915196","Mus musculus","10x chromium","Cortex, hippocampus and subventricular zone","GGGACCTAGCCACGCT",699,1042,84,0.0806142034548944,"Unknown"
"GGGACCTAGCCCAACC","SRA526435","SRS1915196","Mus musculus","10x chromium","Cortex, hippocampus and subventricular zone","GGGACCTAGCCCAACC",1362,2219,26,0.0117169896349707,"Unknown"
"GGGACCTAGCGTGAAC","SRA526435","SRS1915196","Mus musculus","10x chromium","Cortex, hippocampus and subventricular zone","GGGACCTAGCGTGAAC",2568,5853,78,0.0133264992311635,"Unknown"
"GGGACCTAGGTGATTA","SRA526435","SRS1915196","Mus musculus","10x chromium","Cortex, hippocampus and subventricular zone","GGGACCTAGGTGATTA",1359,2106,11,0.00522317188983856,"Unknown"
"GGGACCTAGTCTCCTC","SRA526435","SRS1915196","Mus musculus","10x chromium","Cortex, hippocampus and subventricular zone","GGGACCTAGTCTCCTC",703,1176,5,0.00425170068027211,"Unknown"
"GGGACCTCAAGCGTAG","SRA526435","SRS1915196","Mus musculus","10x chromium","Cortex, hippocampus and subventricular zone","GGGACCTCAAGCGTAG",1815,3766,61,0.0161975570897504,"Unknown"
"GGGACCTCACACCGAC","SRA526435","SRS1915196","Mus musculus","10x chromium","Cortex, hippocampus and subventricular zone","GGGACCTCACACCGAC",2382,4705,64,0.0136025504782147,"Unknown"
"GGGACCTCACACTGCG","SRA526435","SRS1915196","Mus musculus","10x chromium","Cortex, hippocampus and subventricular zone","GGGACCTCACACTGCG",2759,6333,75,0.0118427285646613,"Unknown"
"GGGACCTCACCAACCG","SRA526435","SRS1915196","Mus musculus","10x chromium","Cortex, hippocampus and subventricular zone","GGGACCTCACCAACCG",1847,3438,31,0.00901687027341478,"Unknown"
"GGGACCTCAGGATCGA","SRA526435","SRS1915196","Mus musculus","10x chromium","Cortex, hippocampus and subventricular zone","GGGACCTCAGGATCGA",1523,2936,51,0.0173705722070845,"Unknown"
"GGGACCTCAGTATCTG","SRA526435","SRS1915196","Mus musculus","10x chromium","Cortex, hippocampus and subventricular zone","GGGACCTCAGTATCTG",2510,5086,123,0.0241840346047975,"Unknown"
"GGGACCTCATGCGCAC","SRA526435","SRS1915196","Mus musculus","10x chromium","Cortex, hippocampus and subventricular zone","GGGACCTCATGCGCAC",1984,3815,57,0.0149410222804718,"Unknown"
"GGGACCTCATTGAGCT","SRA526435","SRS1915196","Mus musculus","10x chromium","Cortex, hippocampus and subventricular zone","GGGACCTCATTGAGCT",2140,4326,98,0.0226537216828479,"Unknown"
"GGGACCTGTACACCGC","SRA526435","SRS1915196","Mus musculus","10x chromium","Cortex, hippocampus and subventricular zone","GGGACCTGTACACCGC",2299,5022,70,0.0139386698526483,"Unknown"
"GGGACCTGTAGCCTCG","SRA526435","SRS1915196","Mus musculus","10x chromium","Cortex, hippocampus and subventricular zone","GGGACCTGTAGCCTCG",1023,1536,28,0.0182291666666667,"Unknown"
"GGGACCTGTATCTGCA","SRA526435","SRS1915196","Mus musculus","10x chromium","Cortex, hippocampus and subventricular zone","GGGACCTGTATCTGCA",884,1361,69,0.0506980161645849,"Unknown"
"GGGACCTGTCAGAAGC","SRA526435","SRS1915196","Mus musculus","10x chromium","Cortex, hippocampus and subventricular zone","GGGACCTGTCAGAAGC",1828,3506,22,0.0062749572162008,"Unknown"
"GGGACCTGTCATATGC","SRA526435","SRS1915196","Mus musculus","10x chromium","Cortex, hippocampus and subventricular zone","GGGACCTGTCATATGC",3823,10520,144,0.0136882129277567,"Unknown"
"GGGACCTGTGACTCAT","SRA526435","SRS1915196","Mus musculus","10x chromium","Cortex, hippocampus and subventricular zone","GGGACCTGTGACTCAT",1184,1663,21,0.0126277811184606,"Unknown"
"GGGACCTGTGGGTATG","SRA526435","SRS1915196","Mus musculus","10x chromium","Cortex, hippocampus and subventricular zone","GGGACCTGTGGGTATG",1790,3143,36,0.0114540248170538,"Unknown"
"GGGACCTGTGGTCCGT","SRA526435","SRS1915196","Mus musculus","10x chromium","Cortex, hippocampus and subventricular zone","GGGACCTGTGGTCCGT",2335,4935,84,0.0170212765957447,"Unknown"
"GGGACCTGTGTCGCTG","SRA526435","SRS1915196","Mus musculus","10x chromium","Cortex, hippocampus and subventricular zone","GGGACCTGTGTCGCTG",2099,4188,56,0.0133715377268386,"Unknown"
"GGGACCTTCAACACGT","SRA526435","SRS1915196","Mus musculus","10x chromium","Cortex, hippocampus and subventricular zone","GGGACCTTCAACACGT",2103,4069,76,0.018677807815188,"Unknown"
"GGGACCTTCACTCTTA","SRA526435","SRS1915196","Mus musculus","10x chromium","Cortex, hippocampus and subventricular zone","GGGACCTTCACTCTTA",2932,7066,126,0.0178318709312199,"Unknown"
"GGGACCTTCGCAAGCC","SRA526435","SRS1915196","Mus musculus","10x chromium","Cortex, hippocampus and subventricular zone","GGGACCTTCGCAAGCC",960,1706,70,0.041031652989449,"Endothelial cells"
"GGGACCTTCTAACTTC","SRA526435","SRS1915196","Mus musculus","10x chromium","Cortex, hippocampus and subventricular zone","GGGACCTTCTAACTTC",2239,5263,72,0.0136804104123124,"Unknown"
"GGGACCTTCTCGGACG","SRA526435","SRS1915196","Mus musculus","10x chromium","Cortex, hippocampus and subventricular zone","GGGACCTTCTCGGACG",3043,6864,138,0.0201048951048951,"Unknown"
"GGGAGATAGAACTCGG","SRA526435","SRS1915196","Mus musculus","10x chromium","Cortex, hippocampus and subventricular zone","GGGAGATAGAACTCGG",1242,2108,10,0.0047438330170778,"Unknown"
"GGGAGATAGGGAGTAA","SRA526435","SRS1915196","Mus musculus","10x chromium","Cortex, hippocampus and subventricular zone","GGGAGATAGGGAGTAA",2038,4044,20,0.00494559841740851,"Unknown"
"GGGAGATAGGTGGGTT","SRA526435","SRS1915196","Mus musculus","10x chromium","Cortex, hippocampus and subventricular zone","GGGAGATAGGTGGGTT",3102,8250,96,0.0116363636363636,"Unknown"
"GGGAGATAGTACATGA","SRA526435","SRS1915196","Mus musculus","10x chromium","Cortex, hippocampus and subventricular zone","GGGAGATAGTACATGA",756,1003,51,0.0508474576271186,"Unknown"
"GGGAGATAGTAGGTGC","SRA526435","SRS1915196","Mus musculus","10x chromium","Cortex, hippocampus and subventricular zone","GGGAGATAGTAGGTGC",2503,5104,56,0.0109717868338558,"Unknown"
"GGGAGATCAAGCCTAT","SRA526435","SRS1915196","Mus musculus","10x chromium","Cortex, hippocampus and subventricular zone","GGGAGATCAAGCCTAT",2415,5317,62,0.0116607109272146,"Unknown"
"GGGAGATCAAGTACCT","SRA526435","SRS1915196","Mus musculus","10x chromium","Cortex, hippocampus and subventricular zone","GGGAGATCAAGTACCT",1593,3244,48,0.0147965474722565,"Unknown"
"GGGAGATCACCACGTG","SRA526435","SRS1915196","Mus musculus","10x chromium","Cortex, hippocampus and subventricular zone","GGGAGATCACCACGTG",2476,5485,85,0.0154968094804011,"Unknown"
"GGGAGATCACCTCGTT","SRA526435","SRS1915196","Mus musculus","10x chromium","Cortex, hippocampus and subventricular zone","GGGAGATCACCTCGTT",1452,2842,21,0.00738916256157635,"Unknown"
"GGGAGATCAGGAATGC","SRA526435","SRS1915196","Mus musculus","10x chromium","Cortex, hippocampus and subventricular zone","GGGAGATCAGGAATGC",2710,5950,34,0.00571428571428571,"Unknown"
"GGGAGATCAGTAACGG","SRA526435","SRS1915196","Mus musculus","10x chromium","Cortex, hippocampus and subventricular zone","GGGAGATCAGTAACGG",1353,2349,51,0.0217113665389527,"Unknown"
"GGGAGATCATCCGCGA","SRA526435","SRS1915196","Mus musculus","10x chromium","Cortex, hippocampus and subventricular zone","GGGAGATCATCCGCGA",2072,4215,39,0.00925266903914591,"Unknown"
"GGGAGATCATCGGAAG","SRA526435","SRS1915196","Mus musculus","10x chromium","Cortex, hippocampus and subventricular zone","GGGAGATCATCGGAAG",841,1213,46,0.0379225061830173,"Unknown"
"GGGAGATCATGCAATC","SRA526435","SRS1915196","Mus musculus","10x chromium","Cortex, hippocampus and subventricular zone","GGGAGATCATGCAATC",1823,3268,41,0.0125458996328029,"Unknown"
"GGGAGATCATTAGGCT","SRA526435","SRS1915196","Mus musculus","10x chromium","Cortex, hippocampus and subventricular zone","GGGAGATCATTAGGCT",940,1803,23,0.0127565169162507,"Unknown"
"GGGAGATGTAAGAGAG","SRA526435","SRS1915196","Mus musculus","10x chromium","Cortex, hippocampus and subventricular zone","GGGAGATGTAAGAGAG",1650,3309,93,0.028105167724388,"Unknown"
"GGGAGATGTCAGAATA","SRA526435","SRS1915196","Mus musculus","10x chromium","Cortex, hippocampus and subventricular zone","GGGAGATGTCAGAATA",1055,1518,7,0.00461133069828722,"Unknown"
"GGGAGATGTGTAACGG","SRA526435","SRS1915196","Mus musculus","10x chromium","Cortex, hippocampus and subventricular zone","GGGAGATGTGTAACGG",965,1359,39,0.0286975717439294,"Unknown"
"GGGAGATGTGTTTGTG","SRA526435","SRS1915196","Mus musculus","10x chromium","Cortex, hippocampus and subventricular zone","GGGAGATGTGTTTGTG",996,1650,34,0.0206060606060606,"Unknown"
"GGGAGATTCACGGTTA","SRA526435","SRS1915196","Mus musculus","10x chromium","Cortex, hippocampus and subventricular zone","GGGAGATTCACGGTTA",2879,7140,106,0.0148459383753501,"Unknown"
"GGGAGATTCAGTACGT","SRA526435","SRS1915196","Mus musculus","10x chromium","Cortex, hippocampus and subventricular zone","GGGAGATTCAGTACGT",1943,3668,45,0.01226826608506,"Unknown"
"GGGAGATTCGGATGGA","SRA526435","SRS1915196","Mus musculus","10x chromium","Cortex, hippocampus and subventricular zone","GGGAGATTCGGATGGA",2153,4033,56,0.0138854450781056,"Unknown"
"GGGAGATTCGGCTTGG","SRA526435","SRS1915196","Mus musculus","10x chromium","Cortex, hippocampus and subventricular zone","GGGAGATTCGGCTTGG",1951,3841,44,0.0114553501692268,"Unknown"
"GGGAGATTCGTATCAG","SRA526435","SRS1915196","Mus musculus","10x chromium","Cortex, hippocampus and subventricular zone","GGGAGATTCGTATCAG",2998,7440,55,0.00739247311827957,"Unknown"
"GGGAGATTCTGCAAGT","SRA526435","SRS1915196","Mus musculus","10x chromium","Cortex, hippocampus and subventricular zone","GGGAGATTCTGCAAGT",1825,3765,40,0.0106241699867198,"Unknown"
"GGGAGATTCTGCCCTA","SRA526435","SRS1915196","Mus musculus","10x chromium","Cortex, hippocampus and subventricular zone","GGGAGATTCTGCCCTA",1367,2393,38,0.0158796489761805,"Unknown"
"GGGAGATTCTTCTGGC","SRA526435","SRS1915196","Mus musculus","10x chromium","Cortex, hippocampus and subventricular zone","GGGAGATTCTTCTGGC",1918,3457,49,0.0141741394272491,"Unknown"
"GGGATGAAGCCCAACC","SRA526435","SRS1915196","Mus musculus","10x chromium","Cortex, hippocampus and subventricular zone","GGGATGAAGCCCAACC",2018,3905,60,0.0153649167733675,"Unknown"
"GGGATGAAGGTAGCCA","SRA526435","SRS1915196","Mus musculus","10x chromium","Cortex, hippocampus and subventricular zone","GGGATGAAGGTAGCCA",2333,5458,85,0.0155734701355808,"Endothelial cells"
"GGGATGAAGTCAAGCG","SRA526435","SRS1915196","Mus musculus","10x chromium","Cortex, hippocampus and subventricular zone","GGGATGAAGTCAAGCG",2047,4419,46,0.0104095949309799,"Unknown"
"GGGATGAAGTCAATAG","SRA526435","SRS1915196","Mus musculus","10x chromium","Cortex, hippocampus and subventricular zone","GGGATGAAGTCAATAG",1669,2848,71,0.0249297752808989,"Unknown"
"GGGATGAAGTCCATAC","SRA526435","SRS1915196","Mus musculus","10x chromium","Cortex, hippocampus and subventricular zone","GGGATGAAGTCCATAC",1484,2631,31,0.0117825921702775,"Unknown"
"GGGATGACACAGGAGT","SRA526435","SRS1915196","Mus musculus","10x chromium","Cortex, hippocampus and subventricular zone","GGGATGACACAGGAGT",1830,3650,45,0.0123287671232877,"Unknown"
"GGGATGACACTTCTGC","SRA526435","SRS1915196","Mus musculus","10x chromium","Cortex, hippocampus and subventricular zone","GGGATGACACTTCTGC",5815,25108,249,0.00991715787796718,"Endothelial cells"
"GGGATGACAGCTGGCT","SRA526435","SRS1915196","Mus musculus","10x chromium","Cortex, hippocampus and subventricular zone","GGGATGACAGCTGGCT",2820,6549,29,0.00442815697052985,"Unknown"
"GGGATGACATTGGTAC","SRA526435","SRS1915196","Mus musculus","10x chromium","Cortex, hippocampus and subventricular zone","GGGATGACATTGGTAC",4903,16955,196,0.0115600117959304,"Unknown"
"GGGATGAGTGTAACGG","SRA526435","SRS1915196","Mus musculus","10x chromium","Cortex, hippocampus and subventricular zone","GGGATGAGTGTAACGG",2381,5025,63,0.0125373134328358,"Unknown"
"GGGATGATCACAACGT","SRA526435","SRS1915196","Mus musculus","10x chromium","Cortex, hippocampus and subventricular zone","GGGATGATCACAACGT",2209,4648,39,0.00839070567986231,"Unknown"
"GGGATGATCAGCCTAA","SRA526435","SRS1915196","Mus musculus","10x chromium","Cortex, hippocampus and subventricular zone","GGGATGATCAGCCTAA",2523,5550,54,0.00972972972972973,"Unknown"
"GGGATGATCAGCGATT","SRA526435","SRS1915196","Mus musculus","10x chromium","Cortex, hippocampus and subventricular zone","GGGATGATCAGCGATT",1818,3500,42,0.012,"Unknown"
"GGGATGATCATCTGCC","SRA526435","SRS1915196","Mus musculus","10x chromium","Cortex, hippocampus and subventricular zone","GGGATGATCATCTGCC",2925,7482,141,0.0188452285485164,"Unknown"
"GGGCACTAGCTAGTGG","SRA526435","SRS1915196","Mus musculus","10x chromium","Cortex, hippocampus and subventricular zone","GGGCACTAGCTAGTGG",3270,8385,54,0.00644007155635063,"Unknown"
"GGGCACTAGCTCCCAG","SRA526435","SRS1915196","Mus musculus","10x chromium","Cortex, hippocampus and subventricular zone","GGGCACTAGCTCCCAG",1826,3793,70,0.0184550487740575,"Unknown"
"GGGCACTAGCTGCAAG","SRA526435","SRS1915196","Mus musculus","10x chromium","Cortex, hippocampus and subventricular zone","GGGCACTAGCTGCAAG",2716,6099,65,0.0106574848335793,"Unknown"
"GGGCACTAGGGAACGG","SRA526435","SRS1915196","Mus musculus","10x chromium","Cortex, hippocampus and subventricular zone","GGGCACTAGGGAACGG",2421,5356,68,0.0126960418222554,"Unknown"
"GGGCACTAGTACGACG","SRA526435","SRS1915196","Mus musculus","10x chromium","Cortex, hippocampus and subventricular zone","GGGCACTAGTACGACG",1519,3073,48,0.015619915392125,"Unknown"
"GGGCACTAGTACGCCC","SRA526435","SRS1915196","Mus musculus","10x chromium","Cortex, hippocampus and subventricular zone","GGGCACTAGTACGCCC",1829,3457,58,0.0167775527914377,"Unknown"
"GGGCACTAGTTTAGGA","SRA526435","SRS1915196","Mus musculus","10x chromium","Cortex, hippocampus and subventricular zone","GGGCACTAGTTTAGGA",1371,2610,91,0.0348659003831418,"Unknown"
"GGGCACTCAAACAACA","SRA526435","SRS1915196","Mus musculus","10x chromium","Cortex, hippocampus and subventricular zone","GGGCACTCAAACAACA",2309,5329,73,0.0136986301369863,"Unknown"
"GGGCACTCACAACTGT","SRA526435","SRS1915196","Mus musculus","10x chromium","Cortex, hippocampus and subventricular zone","GGGCACTCACAACTGT",3329,8408,82,0.00975261655566127,"Unknown"
"GGGCACTCACCTCGGA","SRA526435","SRS1915196","Mus musculus","10x chromium","Cortex, hippocampus and subventricular zone","GGGCACTCACCTCGGA",2151,4316,56,0.0129749768303985,"Unknown"
"GGGCACTCAGCTCCGA","SRA526435","SRS1915196","Mus musculus","10x chromium","Cortex, hippocampus and subventricular zone","GGGCACTCAGCTCCGA",976,1623,42,0.0258780036968577,"Unknown"
"GGGCACTCAGGTTTCA","SRA526435","SRS1915196","Mus musculus","10x chromium","Cortex, hippocampus and subventricular zone","GGGCACTCAGGTTTCA",1553,2655,42,0.015819209039548,"Unknown"
"GGGCACTCATGAGCGA","SRA526435","SRS1915196","Mus musculus","10x chromium","Cortex, hippocampus and subventricular zone","GGGCACTCATGAGCGA",1913,3622,54,0.014908890115958,"Unknown"
"GGGCACTGTAGAAGGA","SRA526435","SRS1915196","Mus musculus","10x chromium","Cortex, hippocampus and subventricular zone","GGGCACTGTAGAAGGA",1425,2477,40,0.0161485668146952,"Unknown"
"GGGCACTGTAGCGTAG","SRA526435","SRS1915196","Mus musculus","10x chromium","Cortex, hippocampus and subventricular zone","GGGCACTGTAGCGTAG",777,1048,80,0.0763358778625954,"Unknown"
"GGGCACTGTATGAATG","SRA526435","SRS1915196","Mus musculus","10x chromium","Cortex, hippocampus and subventricular zone","GGGCACTGTATGAATG",2879,6930,116,0.0167388167388167,"Unknown"
"GGGCACTGTCAGCTAT","SRA526435","SRS1915196","Mus musculus","10x chromium","Cortex, hippocampus and subventricular zone","GGGCACTGTCAGCTAT",2675,5804,52,0.00895933838731909,"Unknown"
"GGGCACTGTGCTAGCC","SRA526435","SRS1915196","Mus musculus","10x chromium","Cortex, hippocampus and subventricular zone","GGGCACTGTGCTAGCC",933,10585,22,0.00207841284837034,"Erythroid-like and erythroid precursor cells"
"GGGCACTTCAATCTCT","SRA526435","SRS1915196","Mus musculus","10x chromium","Cortex, hippocampus and subventricular zone","GGGCACTTCAATCTCT",1166,1708,44,0.0257611241217799,"Unknown"
"GGGCACTTCATCGGAT","SRA526435","SRS1915196","Mus musculus","10x chromium","Cortex, hippocampus and subventricular zone","GGGCACTTCATCGGAT",2009,3933,51,0.0129672006102212,"Unknown"
"GGGCACTTCCGATATG","SRA526435","SRS1915196","Mus musculus","10x chromium","Cortex, hippocampus and subventricular zone","GGGCACTTCCGATATG",2642,5659,46,0.00812864463686164,"Unknown"
"GGGCATCAGAACAACT","SRA526435","SRS1915196","Mus musculus","10x chromium","Cortex, hippocampus and subventricular zone","GGGCATCAGAACAACT",2050,3792,50,0.0131856540084388,"Unknown"
"GGGCATCAGAATTGTG","SRA526435","SRS1915196","Mus musculus","10x chromium","Cortex, hippocampus and subventricular zone","GGGCATCAGAATTGTG",2287,5388,99,0.0183741648106904,"Unknown"
"GGGCATCAGACCGGAT","SRA526435","SRS1915196","Mus musculus","10x chromium","Cortex, hippocampus and subventricular zone","GGGCATCAGACCGGAT",2345,5043,54,0.0107079119571684,"Unknown"
"GGGCATCAGACTTGAA","SRA526435","SRS1915196","Mus musculus","10x chromium","Cortex, hippocampus and subventricular zone","GGGCATCAGACTTGAA",1252,2086,34,0.0162991371045062,"Unknown"
"GGGCATCAGCGATTCT","SRA526435","SRS1915196","Mus musculus","10x chromium","Cortex, hippocampus and subventricular zone","GGGCATCAGCGATTCT",2493,5630,45,0.00799289520426288,"Unknown"
"GGGCATCAGCGGCTTC","SRA526435","SRS1915196","Mus musculus","10x chromium","Cortex, hippocampus and subventricular zone","GGGCATCAGCGGCTTC",1915,3913,53,0.0135445949399438,"Unknown"
"GGGCATCAGTCGATAA","SRA526435","SRS1915196","Mus musculus","10x chromium","Cortex, hippocampus and subventricular zone","GGGCATCAGTCGATAA",2396,5307,71,0.0133785566233277,"Unknown"
"GGGCATCAGTGTACCT","SRA526435","SRS1915196","Mus musculus","10x chromium","Cortex, hippocampus and subventricular zone","GGGCATCAGTGTACCT",1867,4348,69,0.015869365225391,"Unknown"
"GGGCATCCAAACGCGA","SRA526435","SRS1915196","Mus musculus","10x chromium","Cortex, hippocampus and subventricular zone","GGGCATCCAAACGCGA",2635,6327,52,0.00821874506085032,"Unknown"
"GGGCATCCAACACCCG","SRA526435","SRS1915196","Mus musculus","10x chromium","Cortex, hippocampus and subventricular zone","GGGCATCCAACACCCG",2374,5339,64,0.0119872635324967,"Unknown"
"GGGCATCCACAAGCCC","SRA526435","SRS1915196","Mus musculus","10x chromium","Cortex, hippocampus and subventricular zone","GGGCATCCACAAGCCC",2006,3832,48,0.0125260960334029,"Unknown"
"GGGCATCCACCGAATT","SRA526435","SRS1915196","Mus musculus","10x chromium","Cortex, hippocampus and subventricular zone","GGGCATCCACCGAATT",69,1998,5,0.0025025025025025,"Erythroid-like and erythroid precursor cells"
"GGGCATCCAGCTGCAC","SRA526435","SRS1915196","Mus musculus","10x chromium","Cortex, hippocampus and subventricular zone","GGGCATCCAGCTGCAC",2252,4804,47,0.00978351373855121,"Unknown"
"GGGCATCCAGGAACGT","SRA526435","SRS1915196","Mus musculus","10x chromium","Cortex, hippocampus and subventricular zone","GGGCATCCAGGAACGT",2638,5971,83,0.0139005191760174,"Unknown"
"GGGCATCCATCCTTGC","SRA526435","SRS1915196","Mus musculus","10x chromium","Cortex, hippocampus and subventricular zone","GGGCATCCATCCTTGC",2185,4406,52,0.011802088061734,"Unknown"
"GGGCATCGTAAGGGCT","SRA526435","SRS1915196","Mus musculus","10x chromium","Cortex, hippocampus and subventricular zone","GGGCATCGTAAGGGCT",2417,4746,48,0.0101137800252845,"Unknown"
"GGGCATCGTACATGTC","SRA526435","SRS1915196","Mus musculus","10x chromium","Cortex, hippocampus and subventricular zone","GGGCATCGTACATGTC",3248,7583,108,0.0142423842806277,"Unknown"
"GGGCATCGTACTTAGC","SRA526435","SRS1915196","Mus musculus","10x chromium","Cortex, hippocampus and subventricular zone","GGGCATCGTACTTAGC",3432,9215,121,0.0131307650569723,"Unknown"
"GGGCATCGTAGGGACT","SRA526435","SRS1915196","Mus musculus","10x chromium","Cortex, hippocampus and subventricular zone","GGGCATCGTAGGGACT",1910,4767,79,0.0165722676735893,"Unknown"
"GGGCATCGTCAAGCGA","SRA526435","SRS1915196","Mus musculus","10x chromium","Cortex, hippocampus and subventricular zone","GGGCATCGTCAAGCGA",1543,2740,36,0.0131386861313869,"Unknown"
"GGGCATCGTCACCTAA","SRA526435","SRS1915196","Mus musculus","10x chromium","Cortex, hippocampus and subventricular zone","GGGCATCGTCACCTAA",1683,3471,40,0.0115240564678767,"Unknown"
"GGGCATCGTTCCACAA","SRA526435","SRS1915196","Mus musculus","10x chromium","Cortex, hippocampus and subventricular zone","GGGCATCGTTCCACAA",893,1203,48,0.0399002493765586,"Unknown"
"GGGCATCTCACCACCT","SRA526435","SRS1915196","Mus musculus","10x chromium","Cortex, hippocampus and subventricular zone","GGGCATCTCACCACCT",1955,3617,51,0.0141000829416644,"Unknown"
"GGGCATCTCAGCGACC","SRA526435","SRS1915196","Mus musculus","10x chromium","Cortex, hippocampus and subventricular zone","GGGCATCTCAGCGACC",2130,4333,48,0.011077775213478,"Unknown"
"GGGCATCTCATATCGG","SRA526435","SRS1915196","Mus musculus","10x chromium","Cortex, hippocampus and subventricular zone","GGGCATCTCATATCGG",1211,2052,34,0.0165692007797271,"Unknown"
"GGGCATCTCCACTCCA","SRA526435","SRS1915196","Mus musculus","10x chromium","Cortex, hippocampus and subventricular zone","GGGCATCTCCACTCCA",2684,6409,36,0.00561710095178655,"Unknown"
"GGGCATCTCGGATGTT","SRA526435","SRS1915196","Mus musculus","10x chromium","Cortex, hippocampus and subventricular zone","GGGCATCTCGGATGTT",1205,2182,49,0.0224564619615032,"Unknown"
"GGGTCTGAGATGTTAG","SRA526435","SRS1915196","Mus musculus","10x chromium","Cortex, hippocampus and subventricular zone","GGGTCTGAGATGTTAG",1537,2797,34,0.0121558813013944,"Unknown"
"GGGTCTGAGCCGTCGT","SRA526435","SRS1915196","Mus musculus","10x chromium","Cortex, hippocampus and subventricular zone","GGGTCTGAGCCGTCGT",2611,5793,75,0.0129466597617815,"Unknown"
"GGGTCTGAGCTCCTCT","SRA526435","SRS1915196","Mus musculus","10x chromium","Cortex, hippocampus and subventricular zone","GGGTCTGAGCTCCTCT",2823,7179,68,0.00947207131912523,"Unknown"
"GGGTCTGAGCTGTCTA","SRA526435","SRS1915196","Mus musculus","10x chromium","Cortex, hippocampus and subventricular zone","GGGTCTGAGCTGTCTA",3104,7994,196,0.0245183887915937,"Pericytes"
"GGGTCTGCACTTACGA","SRA526435","SRS1915196","Mus musculus","10x chromium","Cortex, hippocampus and subventricular zone","GGGTCTGCACTTACGA",1321,2459,22,0.00894672631150874,"Unknown"
"GGGTCTGCAGATCGGA","SRA526435","SRS1915196","Mus musculus","10x chromium","Cortex, hippocampus and subventricular zone","GGGTCTGCAGATCGGA",1954,3794,54,0.0142329994728519,"Unknown"
"GGGTCTGCAGATGGCA","SRA526435","SRS1915196","Mus musculus","10x chromium","Cortex, hippocampus and subventricular zone","GGGTCTGCAGATGGCA",847,1154,6,0.00519930675909879,"Unknown"
"GGGTCTGCAGCCAATT","SRA526435","SRS1915196","Mus musculus","10x chromium","Cortex, hippocampus and subventricular zone","GGGTCTGCAGCCAATT",3696,9817,138,0.0140572476316594,"Unknown"
"GGGTCTGCAGGAATCG","SRA526435","SRS1915196","Mus musculus","10x chromium","Cortex, hippocampus and subventricular zone","GGGTCTGCAGGAATCG",1936,3692,67,0.0181473456121343,"Unknown"
"GGGTCTGCATGGGACA","SRA526435","SRS1915196","Mus musculus","10x chromium","Cortex, hippocampus and subventricular zone","GGGTCTGCATGGGACA",2462,5439,61,0.0112152969295826,"Unknown"
"GGGTCTGGTAATTGGA","SRA526435","SRS1915196","Mus musculus","10x chromium","Cortex, hippocampus and subventricular zone","GGGTCTGGTAATTGGA",2391,5318,74,0.0139150056412185,"Unknown"
"GGGTCTGGTACAAGTA","SRA526435","SRS1915196","Mus musculus","10x chromium","Cortex, hippocampus and subventricular zone","GGGTCTGGTACAAGTA",2131,4242,55,0.012965582272513,"Unknown"
"GGGTCTGGTAGAAAGG","SRA526435","SRS1915196","Mus musculus","10x chromium","Cortex, hippocampus and subventricular zone","GGGTCTGGTAGAAAGG",2887,6859,80,0.0116635077999708,"Unknown"
"GGGTCTGGTATAGGTA","SRA526435","SRS1915196","Mus musculus","10x chromium","Cortex, hippocampus and subventricular zone","GGGTCTGGTATAGGTA",3091,8176,86,0.0105185909980431,"Unknown"
"GGGTCTGGTATTACCG","SRA526435","SRS1915196","Mus musculus","10x chromium","Cortex, hippocampus and subventricular zone","GGGTCTGGTATTACCG",132,3316,4,0.00120627261761158,"Erythroid-like and erythroid precursor cells"
"GGGTCTGGTCAGGACA","SRA526435","SRS1915196","Mus musculus","10x chromium","Cortex, hippocampus and subventricular zone","GGGTCTGGTCAGGACA",1710,3181,37,0.0116315624017605,"Unknown"
"GGGTCTGGTGAGGGTT","SRA526435","SRS1915196","Mus musculus","10x chromium","Cortex, hippocampus and subventricular zone","GGGTCTGGTGAGGGTT",2614,6901,54,0.00782495290537603,"Unknown"
"GGGTCTGGTGATGTGG","SRA526435","SRS1915196","Mus musculus","10x chromium","Cortex, hippocampus and subventricular zone","GGGTCTGGTGATGTGG",2672,6179,27,0.00436963910017802,"Unknown"
"GGGTCTGGTGCACCAC","SRA526435","SRS1915196","Mus musculus","10x chromium","Cortex, hippocampus and subventricular zone","GGGTCTGGTGCACCAC",1455,2471,39,0.0157830837717523,"Unknown"
"GGGTCTGGTTAGGGTG","SRA526435","SRS1915196","Mus musculus","10x chromium","Cortex, hippocampus and subventricular zone","GGGTCTGGTTAGGGTG",2793,6565,68,0.0103579588728104,"Unknown"
"GGGTCTGTCCAAACTG","SRA526435","SRS1915196","Mus musculus","10x chromium","Cortex, hippocampus and subventricular zone","GGGTCTGTCCAAACTG",2165,4470,47,0.0105145413870246,"Unknown"
"GGGTCTGTCCAGATCA","SRA526435","SRS1915196","Mus musculus","10x chromium","Cortex, hippocampus and subventricular zone","GGGTCTGTCCAGATCA",1516,2908,32,0.0110041265474553,"Unknown"
"GGGTCTGTCGCAGGCT","SRA526435","SRS1915196","Mus musculus","10x chromium","Cortex, hippocampus and subventricular zone","GGGTCTGTCGCAGGCT",2143,4035,82,0.0203221809169765,"Unknown"
"GGGTCTGTCGGCGGTT","SRA526435","SRS1915196","Mus musculus","10x chromium","Cortex, hippocampus and subventricular zone","GGGTCTGTCGGCGGTT",1938,3564,53,0.0148709315375982,"Unknown"
"GGGTCTGTCTAACCGA","SRA526435","SRS1915196","Mus musculus","10x chromium","Cortex, hippocampus and subventricular zone","GGGTCTGTCTAACCGA",898,1604,1,0.000623441396508728,"Unknown"
"GGGTTGCAGCACACAG","SRA526435","SRS1915196","Mus musculus","10x chromium","Cortex, hippocampus and subventricular zone","GGGTTGCAGCACACAG",1369,2289,12,0.00524246395806029,"Unknown"
"GGGTTGCAGGATGGAA","SRA526435","SRS1915196","Mus musculus","10x chromium","Cortex, hippocampus and subventricular zone","GGGTTGCAGGATGGAA",2099,4098,70,0.0170815031722792,"Unknown"
"GGGTTGCAGGCGCTCT","SRA526435","SRS1915196","Mus musculus","10x chromium","Cortex, hippocampus and subventricular zone","GGGTTGCAGGCGCTCT",2266,5488,49,0.00892857142857143,"Unknown"
"GGGTTGCAGGTTACCT","SRA526435","SRS1915196","Mus musculus","10x chromium","Cortex, hippocampus and subventricular zone","GGGTTGCAGGTTACCT",1343,2170,37,0.0170506912442396,"Unknown"
"GGGTTGCAGTCAAGCG","SRA526435","SRS1915196","Mus musculus","10x chromium","Cortex, hippocampus and subventricular zone","GGGTTGCAGTCAAGCG",1496,4174,68,0.0162913272640153,"Microglia"
"GGGTTGCAGTGAACAT","SRA526435","SRS1915196","Mus musculus","10x chromium","Cortex, hippocampus and subventricular zone","GGGTTGCAGTGAACAT",1302,1935,19,0.00981912144702842,"Unknown"
"GGGTTGCAGTTGTAGA","SRA526435","SRS1915196","Mus musculus","10x chromium","Cortex, hippocampus and subventricular zone","GGGTTGCAGTTGTAGA",2347,4994,50,0.0100120144173008,"Unknown"
"GGGTTGCCAAGAAGAG","SRA526435","SRS1915196","Mus musculus","10x chromium","Cortex, hippocampus and subventricular zone","GGGTTGCCAAGAAGAG",1545,2662,60,0.0225394440270473,"Unknown"
"GGGTTGCCACGTGAGA","SRA526435","SRS1915196","Mus musculus","10x chromium","Cortex, hippocampus and subventricular zone","GGGTTGCCACGTGAGA",3192,8082,97,0.0120019797079931,"Unknown"
"GGGTTGCCAGGATTGG","SRA526435","SRS1915196","Mus musculus","10x chromium","Cortex, hippocampus and subventricular zone","GGGTTGCCAGGATTGG",2803,6593,80,0.0121340816016988,"Unknown"
"GGGTTGCCATCATCCC","SRA526435","SRS1915196","Mus musculus","10x chromium","Cortex, hippocampus and subventricular zone","GGGTTGCCATCATCCC",1342,2436,84,0.0344827586206897,"Unknown"
"GGGTTGCGTAGGACAC","SRA526435","SRS1915196","Mus musculus","10x chromium","Cortex, hippocampus and subventricular zone","GGGTTGCGTAGGACAC",3559,8764,64,0.00730260155180283,"Unknown"
"GGGTTGCGTAGGGTAC","SRA526435","SRS1915196","Mus musculus","10x chromium","Cortex, hippocampus and subventricular zone","GGGTTGCGTAGGGTAC",775,1170,73,0.0623931623931624,"Unknown"
"GGGTTGCGTATATCCG","SRA526435","SRS1915196","Mus musculus","10x chromium","Cortex, hippocampus and subventricular zone","GGGTTGCGTATATCCG",2496,5647,43,0.00761466265273597,"Unknown"
"GGGTTGCGTCCTCCAT","SRA526435","SRS1915196","Mus musculus","10x chromium","Cortex, hippocampus and subventricular zone","GGGTTGCGTCCTCCAT",1738,3300,60,0.0181818181818182,"Unknown"
"GGGTTGCGTGCAACGA","SRA526435","SRS1915196","Mus musculus","10x chromium","Cortex, hippocampus and subventricular zone","GGGTTGCGTGCAACGA",1315,2236,47,0.0210196779964222,"Unknown"
"GGGTTGCGTTCGCGAC","SRA526435","SRS1915196","Mus musculus","10x chromium","Cortex, hippocampus and subventricular zone","GGGTTGCGTTCGCGAC",2016,3768,101,0.0268046709129512,"Unknown"
"GGGTTGCTCAACCATG","SRA526435","SRS1915196","Mus musculus","10x chromium","Cortex, hippocampus and subventricular zone","GGGTTGCTCAACCATG",2599,5955,41,0.00688497061293031,"Unknown"
"GGGTTGCTCCATGAGT","SRA526435","SRS1915196","Mus musculus","10x chromium","Cortex, hippocampus and subventricular zone","GGGTTGCTCCATGAGT",2038,4203,49,0.0116583392814656,"Unknown"
"GGGTTGCTCCTATGTT","SRA526435","SRS1915196","Mus musculus","10x chromium","Cortex, hippocampus and subventricular zone","GGGTTGCTCCTATGTT",2037,4995,13,0.0026026026026026,"Unknown"
"GGGTTGCTCCTATTCA","SRA526435","SRS1915196","Mus musculus","10x chromium","Cortex, hippocampus and subventricular zone","GGGTTGCTCCTATTCA",2657,6042,73,0.0120820920225091,"Unknown"
"GGGTTGCTCCTCTAGC","SRA526435","SRS1915196","Mus musculus","10x chromium","Cortex, hippocampus and subventricular zone","GGGTTGCTCCTCTAGC",1408,2189,42,0.0191868433074463,"Unknown"
"GGGTTGCTCGTTACAG","SRA526435","SRS1915196","Mus musculus","10x chromium","Cortex, hippocampus and subventricular zone","GGGTTGCTCGTTACAG",1677,3036,69,0.0227272727272727,"Unknown"
"GGTATTGAGAGTCGGT","SRA526435","SRS1915196","Mus musculus","10x chromium","Cortex, hippocampus and subventricular zone","GGTATTGAGAGTCGGT",99,4113,1,0.000243131534159981,"Erythroid-like and erythroid precursor cells"
"GGTATTGAGATAGGAG","SRA526435","SRS1915196","Mus musculus","10x chromium","Cortex, hippocampus and subventricular zone","GGTATTGAGATAGGAG",1837,3776,76,0.0201271186440678,"Unknown"
"GGTATTGAGATGTTAG","SRA526435","SRS1915196","Mus musculus","10x chromium","Cortex, hippocampus and subventricular zone","GGTATTGAGATGTTAG",1630,3334,51,0.0152969406118776,"Unknown"
"GGTATTGAGCATCATC","SRA526435","SRS1915196","Mus musculus","10x chromium","Cortex, hippocampus and subventricular zone","GGTATTGAGCATCATC",1344,2074,19,0.00916104146576664,"Endothelial cells"
"GGTATTGAGGCCGAAT","SRA526435","SRS1915196","Mus musculus","10x chromium","Cortex, hippocampus and subventricular zone","GGTATTGAGGCCGAAT",2001,3718,45,0.0121032813340506,"Unknown"
"GGTATTGAGGGCTCTC","SRA526435","SRS1915196","Mus musculus","10x chromium","Cortex, hippocampus and subventricular zone","GGTATTGAGGGCTCTC",2084,4235,52,0.0122786304604486,"Unknown"
"GGTATTGAGGTGACCA","SRA526435","SRS1915196","Mus musculus","10x chromium","Cortex, hippocampus and subventricular zone","GGTATTGAGGTGACCA",1556,2806,43,0.0153243050605845,"Unknown"
"GGTATTGAGTGGAGTC","SRA526435","SRS1915196","Mus musculus","10x chromium","Cortex, hippocampus and subventricular zone","GGTATTGAGTGGAGTC",2248,5005,75,0.014985014985015,"Unknown"
"GGTATTGAGTGGTAGC","SRA526435","SRS1915196","Mus musculus","10x chromium","Cortex, hippocampus and subventricular zone","GGTATTGAGTGGTAGC",1720,2971,41,0.0138000673174015,"Unknown"
"GGTATTGCACAACGTT","SRA526435","SRS1915196","Mus musculus","10x chromium","Cortex, hippocampus and subventricular zone","GGTATTGCACAACGTT",2698,6623,68,0.0102672504907142,"Unknown"
"GGTATTGCACAGAGGT","SRA526435","SRS1915196","Mus musculus","10x chromium","Cortex, hippocampus and subventricular zone","GGTATTGCACAGAGGT",1375,2190,51,0.0232876712328767,"Unknown"
"GGTATTGCAGCCTATA","SRA526435","SRS1915196","Mus musculus","10x chromium","Cortex, hippocampus and subventricular zone","GGTATTGCAGCCTATA",2309,5569,111,0.0199317651283893,"Pericytes"
"GGTATTGCAGGCTGAA","SRA526435","SRS1915196","Mus musculus","10x chromium","Cortex, hippocampus and subventricular zone","GGTATTGCAGGCTGAA",3711,11841,112,0.00945866058609915,"Unknown"
"GGTATTGCAGGGTTAG","SRA526435","SRS1915196","Mus musculus","10x chromium","Cortex, hippocampus and subventricular zone","GGTATTGCAGGGTTAG",2352,4807,56,0.0116496775535677,"Unknown"
"GGTATTGCATTAGGCT","SRA526435","SRS1915196","Mus musculus","10x chromium","Cortex, hippocampus and subventricular zone","GGTATTGCATTAGGCT",1698,3137,38,0.0121134842205929,"Unknown"
"GGTATTGGTATGGTTC","SRA526435","SRS1915196","Mus musculus","10x chromium","Cortex, hippocampus and subventricular zone","GGTATTGGTATGGTTC",1887,3754,60,0.0159829515183804,"Unknown"
"GGTATTGGTTCACGGC","SRA526435","SRS1915196","Mus musculus","10x chromium","Cortex, hippocampus and subventricular zone","GGTATTGGTTCACGGC",2153,4098,39,0.00951683748169839,"Unknown"
"GGTATTGGTTCAGCGC","SRA526435","SRS1915196","Mus musculus","10x chromium","Cortex, hippocampus and subventricular zone","GGTATTGGTTCAGCGC",2403,5016,58,0.0115629984051037,"Unknown"
"GGTATTGGTTCCGTCT","SRA526435","SRS1915196","Mus musculus","10x chromium","Cortex, hippocampus and subventricular zone","GGTATTGGTTCCGTCT",1402,2387,29,0.0121491411813992,"Unknown"
"GGTATTGGTTTGTTTC","SRA526435","SRS1915196","Mus musculus","10x chromium","Cortex, hippocampus and subventricular zone","GGTATTGGTTTGTTTC",2039,4361,50,0.0114652602614079,"Unknown"
"GGTATTGTCCAACCAA","SRA526435","SRS1915196","Mus musculus","10x chromium","Cortex, hippocampus and subventricular zone","GGTATTGTCCAACCAA",2311,5304,70,0.0131975867269985,"Unknown"
"GGTATTGTCCGCTGTT","SRA526435","SRS1915196","Mus musculus","10x chromium","Cortex, hippocampus and subventricular zone","GGTATTGTCCGCTGTT",2767,6027,44,0.00730048116807699,"Unknown"
"GGTATTGTCCGGCACA","SRA526435","SRS1915196","Mus musculus","10x chromium","Cortex, hippocampus and subventricular zone","GGTATTGTCCGGCACA",2355,5002,77,0.0153938424630148,"Unknown"
"GGTATTGTCGGCGCTA","SRA526435","SRS1915196","Mus musculus","10x chromium","Cortex, hippocampus and subventricular zone","GGTATTGTCGGCGCTA",921,1597,36,0.0225422667501565,"Endothelial cells"
"GGTGAAGAGAATAGGG","SRA526435","SRS1915196","Mus musculus","10x chromium","Cortex, hippocampus and subventricular zone","GGTGAAGAGAATAGGG",3665,9943,127,0.0127728049884341,"Unknown"
"GGTGAAGAGCACACAG","SRA526435","SRS1915196","Mus musculus","10x chromium","Cortex, hippocampus and subventricular zone","GGTGAAGAGCACACAG",1287,2227,68,0.0305343511450382,"Unknown"
"GGTGAAGAGCTGCAAG","SRA526435","SRS1915196","Mus musculus","10x chromium","Cortex, hippocampus and subventricular zone","GGTGAAGAGCTGCAAG",1871,3446,78,0.0226349390597795,"Pericytes"
"GGTGAAGAGTCGTACT","SRA526435","SRS1915196","Mus musculus","10x chromium","Cortex, hippocampus and subventricular zone","GGTGAAGAGTCGTACT",1074,1487,27,0.0181573638197714,"Unknown"
"GGTGAAGAGTGTGAAT","SRA526435","SRS1915196","Mus musculus","10x chromium","Cortex, hippocampus and subventricular zone","GGTGAAGAGTGTGAAT",2619,6000,121,0.0201666666666667,"Unknown"
"GGTGAAGCAAGCGCTC","SRA526435","SRS1915196","Mus musculus","10x chromium","Cortex, hippocampus and subventricular zone","GGTGAAGCAAGCGCTC",1612,3073,76,0.0247315327041979,"Unknown"
"GGTGAAGCACGGATAG","SRA526435","SRS1915196","Mus musculus","10x chromium","Cortex, hippocampus and subventricular zone","GGTGAAGCACGGATAG",1169,1896,39,0.0205696202531646,"Unknown"
"GGTGAAGCACTGCCAG","SRA526435","SRS1915196","Mus musculus","10x chromium","Cortex, hippocampus and subventricular zone","GGTGAAGCACTGCCAG",804,1239,53,0.0427764326069411,"Unknown"
"GGTGAAGCAGCCAATT","SRA526435","SRS1915196","Mus musculus","10x chromium","Cortex, hippocampus and subventricular zone","GGTGAAGCAGCCAATT",803,1372,72,0.0524781341107872,"Unknown"
"GGTGAAGCATAAGACA","SRA526435","SRS1915196","Mus musculus","10x chromium","Cortex, hippocampus and subventricular zone","GGTGAAGCATAAGACA",1800,2928,34,0.0116120218579235,"Unknown"
"GGTGAAGCATCCAACA","SRA526435","SRS1915196","Mus musculus","10x chromium","Cortex, hippocampus and subventricular zone","GGTGAAGCATCCAACA",3371,8638,82,0.00949293818013429,"Unknown"
"GGTGAAGGTATATCCG","SRA526435","SRS1915196","Mus musculus","10x chromium","Cortex, hippocampus and subventricular zone","GGTGAAGGTATATCCG",1387,2406,80,0.0332502078137988,"Unknown"
"GGTGAAGGTCGCGAAA","SRA526435","SRS1915196","Mus musculus","10x chromium","Cortex, hippocampus and subventricular zone","GGTGAAGGTCGCGAAA",2089,4310,68,0.0157772621809745,"Unknown"
"GGTGAAGGTGAACCTT","SRA526435","SRS1915196","Mus musculus","10x chromium","Cortex, hippocampus and subventricular zone","GGTGAAGGTGAACCTT",2145,4375,56,0.0128,"Unknown"
"GGTGAAGTCACGGTTA","SRA526435","SRS1915196","Mus musculus","10x chromium","Cortex, hippocampus and subventricular zone","GGTGAAGTCACGGTTA",1783,3266,36,0.0110226576852419,"Unknown"
"GGTGAAGTCATTTGGG","SRA526435","SRS1915196","Mus musculus","10x chromium","Cortex, hippocampus and subventricular zone","GGTGAAGTCATTTGGG",1774,3160,29,0.00917721518987342,"Unknown"
"GGTGAAGTCCGTTGCT","SRA526435","SRS1915196","Mus musculus","10x chromium","Cortex, hippocampus and subventricular zone","GGTGAAGTCCGTTGCT",4177,12396,159,0.0128267182962246,"Unknown"
"GGTGCGTAGAAACCAT","SRA526435","SRS1915196","Mus musculus","10x chromium","Cortex, hippocampus and subventricular zone","GGTGCGTAGAAACCAT",2533,5888,123,0.0208899456521739,"Unknown"
"GGTGCGTAGAGATGAG","SRA526435","SRS1915196","Mus musculus","10x chromium","Cortex, hippocampus and subventricular zone","GGTGCGTAGAGATGAG",2217,4740,57,0.0120253164556962,"Unknown"
"GGTGCGTAGGCATGGT","SRA526435","SRS1915196","Mus musculus","10x chromium","Cortex, hippocampus and subventricular zone","GGTGCGTAGGCATGGT",2372,4785,64,0.0133751306165099,"Unknown"
"GGTGCGTAGTGTTTGC","SRA526435","SRS1915196","Mus musculus","10x chromium","Cortex, hippocampus and subventricular zone","GGTGCGTAGTGTTTGC",1813,3579,15,0.00419111483654652,"Unknown"
"GGTGCGTCAAAGGAAG","SRA526435","SRS1915196","Mus musculus","10x chromium","Cortex, hippocampus and subventricular zone","GGTGCGTCAAAGGAAG",1503,2460,38,0.0154471544715447,"Unknown"
"GGTGCGTCAAGTTAAG","SRA526435","SRS1915196","Mus musculus","10x chromium","Cortex, hippocampus and subventricular zone","GGTGCGTCAAGTTAAG",1584,2999,35,0.0116705568522841,"Unknown"
"GGTGCGTCACAACTGT","SRA526435","SRS1915196","Mus musculus","10x chromium","Cortex, hippocampus and subventricular zone","GGTGCGTCACAACTGT",2040,4151,89,0.0214406167188629,"Unknown"
"GGTGCGTCACGAAAGC","SRA526435","SRS1915196","Mus musculus","10x chromium","Cortex, hippocampus and subventricular zone","GGTGCGTCACGAAAGC",2676,6386,171,0.026777325399311,"Unknown"
"GGTGCGTCACTAAGTC","SRA526435","SRS1915196","Mus musculus","10x chromium","Cortex, hippocampus and subventricular zone","GGTGCGTCACTAAGTC",2493,5651,126,0.0222969385949389,"Unknown"
"GGTGCGTCACTTAAGC","SRA526435","SRS1915196","Mus musculus","10x chromium","Cortex, hippocampus and subventricular zone","GGTGCGTCACTTAAGC",4339,13258,133,0.0100316789862724,"Unknown"
"GGTGCGTCAGGCGATA","SRA526435","SRS1915196","Mus musculus","10x chromium","Cortex, hippocampus and subventricular zone","GGTGCGTCAGGCGATA",3052,7885,32,0.00405833861762841,"Unknown"
"GGTGCGTCATGCCTTC","SRA526435","SRS1915196","Mus musculus","10x chromium","Cortex, hippocampus and subventricular zone","GGTGCGTCATGCCTTC",1883,3535,61,0.0172560113154173,"Unknown"
"GGTGCGTCATTTGCTT","SRA526435","SRS1915196","Mus musculus","10x chromium","Cortex, hippocampus and subventricular zone","GGTGCGTCATTTGCTT",800,1049,25,0.0238322211630124,"Unknown"
"GGTGCGTGTAAGGATT","SRA526435","SRS1915196","Mus musculus","10x chromium","Cortex, hippocampus and subventricular zone","GGTGCGTGTAAGGATT",2322,4771,61,0.0127855795430727,"Unknown"
"GGTGCGTGTAGCACGA","SRA526435","SRS1915196","Mus musculus","10x chromium","Cortex, hippocampus and subventricular zone","GGTGCGTGTAGCACGA",1801,3184,24,0.00753768844221105,"Unknown"
"GGTGCGTGTAGCGATG","SRA526435","SRS1915196","Mus musculus","10x chromium","Cortex, hippocampus and subventricular zone","GGTGCGTGTAGCGATG",2185,4792,58,0.0121035058430718,"Unknown"
"GGTGCGTGTTCCACAA","SRA526435","SRS1915196","Mus musculus","10x chromium","Cortex, hippocampus and subventricular zone","GGTGCGTGTTCCACAA",1495,2600,40,0.0153846153846154,"Unknown"
"GGTGCGTTCACAGTAC","SRA526435","SRS1915196","Mus musculus","10x chromium","Cortex, hippocampus and subventricular zone","GGTGCGTTCACAGTAC",3549,9296,90,0.0096815834767642,"Unknown"
"GGTGCGTTCCGAGCCA","SRA526435","SRS1915196","Mus musculus","10x chromium","Cortex, hippocampus and subventricular zone","GGTGCGTTCCGAGCCA",2394,5309,60,0.0113015633829346,"Unknown"
"GGTGCGTTCGGATGGA","SRA526435","SRS1915196","Mus musculus","10x chromium","Cortex, hippocampus and subventricular zone","GGTGCGTTCGGATGGA",2234,4539,70,0.0154218990967173,"Unknown"
"GGTGTTAAGAACTGTA","SRA526435","SRS1915196","Mus musculus","10x chromium","Cortex, hippocampus and subventricular zone","GGTGTTAAGAACTGTA",1521,3024,38,0.0125661375661376,"Unknown"
"GGTGTTAAGCTGGAAC","SRA526435","SRS1915196","Mus musculus","10x chromium","Cortex, hippocampus and subventricular zone","GGTGTTAAGCTGGAAC",1415,2543,47,0.0184821077467558,"Unknown"
"GGTGTTACATGGATGG","SRA526435","SRS1915196","Mus musculus","10x chromium","Cortex, hippocampus and subventricular zone","GGTGTTACATGGATGG",3065,7954,92,0.0115665074176515,"Unknown"
"GGTGTTAGTCAACTGT","SRA526435","SRS1915196","Mus musculus","10x chromium","Cortex, hippocampus and subventricular zone","GGTGTTAGTCAACTGT",2540,5949,50,0.00840477391158178,"Unknown"
"GGTGTTAGTCATTAGC","SRA526435","SRS1915196","Mus musculus","10x chromium","Cortex, hippocampus and subventricular zone","GGTGTTAGTCATTAGC",2282,4708,171,0.036321155480034,"Unknown"
"GGTGTTAGTGAGTATA","SRA526435","SRS1915196","Mus musculus","10x chromium","Cortex, hippocampus and subventricular zone","GGTGTTAGTGAGTATA",2297,4941,76,0.0153815017202995,"Unknown"
"GGTGTTAGTGTTGGGA","SRA526435","SRS1915196","Mus musculus","10x chromium","Cortex, hippocampus and subventricular zone","GGTGTTAGTGTTGGGA",1449,2491,53,0.0212765957446809,"Unknown"
"GGTGTTAGTTCGCTAA","SRA526435","SRS1915196","Mus musculus","10x chromium","Cortex, hippocampus and subventricular zone","GGTGTTAGTTCGCTAA",2691,6230,74,0.0118780096308186,"Unknown"
"GGTGTTAGTTCGGCAC","SRA526435","SRS1915196","Mus musculus","10x chromium","Cortex, hippocampus and subventricular zone","GGTGTTAGTTCGGCAC",2289,5270,65,0.0123339658444023,"Unknown"
"GGTGTTATCCAAAGTC","SRA526435","SRS1915196","Mus musculus","10x chromium","Cortex, hippocampus and subventricular zone","GGTGTTATCCAAAGTC",2000,4096,59,0.014404296875,"Unknown"
"GTAACGTAGAGGTAGA","SRA526435","SRS1915196","Mus musculus","10x chromium","Cortex, hippocampus and subventricular zone","GTAACGTAGAGGTAGA",3705,10212,97,0.00949862906384646,"Unknown"
"GTAACGTAGATAGTCA","SRA526435","SRS1915196","Mus musculus","10x chromium","Cortex, hippocampus and subventricular zone","GTAACGTAGATAGTCA",1009,1450,71,0.0489655172413793,"Unknown"
"GTAACGTAGCTAAACA","SRA526435","SRS1915196","Mus musculus","10x chromium","Cortex, hippocampus and subventricular zone","GTAACGTAGCTAAACA",3136,8699,135,0.0155190251753075,"Unknown"
"GTAACGTAGGGTTTCT","SRA526435","SRS1915196","Mus musculus","10x chromium","Cortex, hippocampus and subventricular zone","GTAACGTAGGGTTTCT",2506,5532,55,0.00994215473608098,"Unknown"
"GTAACGTCAAGACGTG","SRA526435","SRS1915196","Mus musculus","10x chromium","Cortex, hippocampus and subventricular zone","GTAACGTCAAGACGTG",1624,3244,35,0.0107891491985203,"Unknown"
"GTAACGTCAAGTTCTG","SRA526435","SRS1915196","Mus musculus","10x chromium","Cortex, hippocampus and subventricular zone","GTAACGTCAAGTTCTG",2141,4404,58,0.0131698455949137,"Unknown"
"GTAACGTCACGGACAA","SRA526435","SRS1915196","Mus musculus","10x chromium","Cortex, hippocampus and subventricular zone","GTAACGTCACGGACAA",2961,6650,105,0.0157894736842105,"Unknown"
"GTAACGTCACGGCCAT","SRA526435","SRS1915196","Mus musculus","10x chromium","Cortex, hippocampus and subventricular zone","GTAACGTCACGGCCAT",1738,2998,57,0.0190126751167445,"Unknown"
"GTAACGTCAGCTGTTA","SRA526435","SRS1915196","Mus musculus","10x chromium","Cortex, hippocampus and subventricular zone","GTAACGTCAGCTGTTA",2110,3986,49,0.0122930255895635,"Unknown"
"GTAACGTCAGGTGCCT","SRA526435","SRS1915196","Mus musculus","10x chromium","Cortex, hippocampus and subventricular zone","GTAACGTCAGGTGCCT",1924,3550,44,0.0123943661971831,"Unknown"
"GTAACGTCATTTCACT","SRA526435","SRS1915196","Mus musculus","10x chromium","Cortex, hippocampus and subventricular zone","GTAACGTCATTTCACT",1386,2320,15,0.00646551724137931,"Unknown"
"GTAACGTGTCCGTTAA","SRA526435","SRS1915196","Mus musculus","10x chromium","Cortex, hippocampus and subventricular zone","GTAACGTGTCCGTTAA",1870,3609,46,0.0127459129952896,"Unknown"
"GTAACGTGTCCTGCTT","SRA526435","SRS1915196","Mus musculus","10x chromium","Cortex, hippocampus and subventricular zone","GTAACGTGTCCTGCTT",3175,7819,127,0.0162424862514388,"Unknown"
"GTAACGTGTGAGCGAT","SRA526435","SRS1915196","Mus musculus","10x chromium","Cortex, hippocampus and subventricular zone","GTAACGTGTGAGCGAT",1565,2990,59,0.0197324414715719,"Unknown"
"GTAACGTGTGCTGTAT","SRA526435","SRS1915196","Mus musculus","10x chromium","Cortex, hippocampus and subventricular zone","GTAACGTGTGCTGTAT",770,1037,42,0.0405014464802314,"Unknown"
"GTAACGTGTGGCTCCA","SRA526435","SRS1915196","Mus musculus","10x chromium","Cortex, hippocampus and subventricular zone","GTAACGTGTGGCTCCA",2055,3975,61,0.0153459119496855,"Unknown"
"GTAACGTGTTCACGGC","SRA526435","SRS1915196","Mus musculus","10x chromium","Cortex, hippocampus and subventricular zone","GTAACGTGTTCACGGC",1723,3160,44,0.0139240506329114,"Unknown"
"GTAACGTGTTGGACCC","SRA526435","SRS1915196","Mus musculus","10x chromium","Cortex, hippocampus and subventricular zone","GTAACGTGTTGGACCC",2298,4807,59,0.0122737674225088,"Unknown"
"GTAACGTGTTGGTGGA","SRA526435","SRS1915196","Mus musculus","10x chromium","Cortex, hippocampus and subventricular zone","GTAACGTGTTGGTGGA",1727,3302,80,0.0242277407631738,"Unknown"
"GTAACGTTCAGAGCTT","SRA526435","SRS1915196","Mus musculus","10x chromium","Cortex, hippocampus and subventricular zone","GTAACGTTCAGAGCTT",812,1210,54,0.0446280991735537,"Unknown"
"GTAACGTTCATCACCC","SRA526435","SRS1915196","Mus musculus","10x chromium","Cortex, hippocampus and subventricular zone","GTAACGTTCATCACCC",3042,7619,69,0.00905630660191626,"Unknown"
"GTAACGTTCGGATGGA","SRA526435","SRS1915196","Mus musculus","10x chromium","Cortex, hippocampus and subventricular zone","GTAACGTTCGGATGGA",1317,2241,35,0.0156180276662204,"Unknown"
"GTAACTGAGAAAGTGG","SRA526435","SRS1915196","Mus musculus","10x chromium","Cortex, hippocampus and subventricular zone","GTAACTGAGAAAGTGG",2593,5711,96,0.0168096655576957,"Unknown"
"GTAACTGAGACCACGA","SRA526435","SRS1915196","Mus musculus","10x chromium","Cortex, hippocampus and subventricular zone","GTAACTGAGACCACGA",2004,3925,47,0.0119745222929936,"Unknown"
"GTAACTGAGACTTGAA","SRA526435","SRS1915196","Mus musculus","10x chromium","Cortex, hippocampus and subventricular zone","GTAACTGAGACTTGAA",2021,3857,54,0.0140005185377236,"Unknown"
"GTAACTGAGAGACGAA","SRA526435","SRS1915196","Mus musculus","10x chromium","Cortex, hippocampus and subventricular zone","GTAACTGAGAGACGAA",2224,4730,110,0.0232558139534884,"Cajal-Retzius cells"
"GTAACTGAGAGCTGCA","SRA526435","SRS1915196","Mus musculus","10x chromium","Cortex, hippocampus and subventricular zone","GTAACTGAGAGCTGCA",3445,7975,92,0.0115360501567398,"Unknown"
"GTAACTGCAATGGACG","SRA526435","SRS1915196","Mus musculus","10x chromium","Cortex, hippocampus and subventricular zone","GTAACTGCAATGGACG",1719,3217,38,0.0118122474354989,"Unknown"
"GTAACTGCAGGTTTCA","SRA526435","SRS1915196","Mus musculus","10x chromium","Cortex, hippocampus and subventricular zone","GTAACTGCAGGTTTCA",2690,6531,81,0.0124023886081764,"Unknown"
"GTAACTGCAGTCGATT","SRA526435","SRS1915196","Mus musculus","10x chromium","Cortex, hippocampus and subventricular zone","GTAACTGCAGTCGATT",1725,3496,77,0.022025171624714,"Unknown"
"GTAACTGGTCAATACC","SRA526435","SRS1915196","Mus musculus","10x chromium","Cortex, hippocampus and subventricular zone","GTAACTGGTCAATACC",2524,6014,64,0.0106418357166611,"Unknown"
"GTAACTGGTCATATGC","SRA526435","SRS1915196","Mus musculus","10x chromium","Cortex, hippocampus and subventricular zone","GTAACTGGTCATATGC",2436,5401,40,0.00740603591927421,"Unknown"
"GTAACTGGTCCGTCAG","SRA526435","SRS1915196","Mus musculus","10x chromium","Cortex, hippocampus and subventricular zone","GTAACTGGTCCGTCAG",2373,4772,70,0.0146689019279128,"Unknown"
"GTAACTGGTGTGAAAT","SRA526435","SRS1915196","Mus musculus","10x chromium","Cortex, hippocampus and subventricular zone","GTAACTGGTGTGAAAT",1487,2732,65,0.023792093704246,"Unknown"
"GTAACTGGTGTGACGA","SRA526435","SRS1915196","Mus musculus","10x chromium","Cortex, hippocampus and subventricular zone","GTAACTGGTGTGACGA",2647,5819,89,0.0152947241794123,"Unknown"
"GTAACTGGTTCCGGCA","SRA526435","SRS1915196","Mus musculus","10x chromium","Cortex, hippocampus and subventricular zone","GTAACTGGTTCCGGCA",2092,4070,45,0.0110565110565111,"Unknown"
"GTAACTGTCAAGCCTA","SRA526435","SRS1915196","Mus musculus","10x chromium","Cortex, hippocampus and subventricular zone","GTAACTGTCAAGCCTA",1194,2407,48,0.0199418363107603,"Unknown"
"GTAACTGTCAGTTCGA","SRA526435","SRS1915196","Mus musculus","10x chromium","Cortex, hippocampus and subventricular zone","GTAACTGTCAGTTCGA",2160,4428,77,0.0173893405600723,"Unknown"
"GTAACTGTCGAATGGG","SRA526435","SRS1915196","Mus musculus","10x chromium","Cortex, hippocampus and subventricular zone","GTAACTGTCGAATGGG",1619,2999,65,0.021673891297099,"Unknown"
"GTAACTGTCGACAGCC","SRA526435","SRS1915196","Mus musculus","10x chromium","Cortex, hippocampus and subventricular zone","GTAACTGTCGACAGCC",2093,4496,33,0.00733985765124555,"Unknown"
"GTAACTGTCGCCATAA","SRA526435","SRS1915196","Mus musculus","10x chromium","Cortex, hippocampus and subventricular zone","GTAACTGTCGCCATAA",1303,2266,36,0.0158870255957635,"Unknown"
"GTAACTGTCGCGCCAA","SRA526435","SRS1915196","Mus musculus","10x chromium","Cortex, hippocampus and subventricular zone","GTAACTGTCGCGCCAA",2067,4055,58,0.0143033292231813,"Unknown"
"GTAACTGTCGGTCTAA","SRA526435","SRS1915196","Mus musculus","10x chromium","Cortex, hippocampus and subventricular zone","GTAACTGTCGGTCTAA",2859,6875,93,0.0135272727272727,"Unknown"
"GTAACTGTCTGGGCCA","SRA526435","SRS1915196","Mus musculus","10x chromium","Cortex, hippocampus and subventricular zone","GTAACTGTCTGGGCCA",106,4855,7,0.00144181256436663,"Erythroid-like and erythroid precursor cells"
"GTACGTAAGAAGGCCT","SRA526435","SRS1915196","Mus musculus","10x chromium","Cortex, hippocampus and subventricular zone","GTACGTAAGAAGGCCT",2091,4618,31,0.00671286271113036,"Unknown"
"GTACGTAAGAGGTACC","SRA526435","SRS1915196","Mus musculus","10x chromium","Cortex, hippocampus and subventricular zone","GTACGTAAGAGGTACC",3777,11130,128,0.0115004492362983,"Unknown"
"GTACGTAAGATGTGGC","SRA526435","SRS1915196","Mus musculus","10x chromium","Cortex, hippocampus and subventricular zone","GTACGTAAGATGTGGC",3204,9800,133,0.0135714285714286,"Endothelial cells"
"GTACGTAAGCAGACTG","SRA526435","SRS1915196","Mus musculus","10x chromium","Cortex, hippocampus and subventricular zone","GTACGTAAGCAGACTG",3225,7728,102,0.0131987577639752,"Unknown"
"GTACGTAAGCTAGTTC","SRA526435","SRS1915196","Mus musculus","10x chromium","Cortex, hippocampus and subventricular zone","GTACGTAAGCTAGTTC",2643,5704,63,0.0110448807854137,"Unknown"
"GTACGTAAGCTCCTTC","SRA526435","SRS1915196","Mus musculus","10x chromium","Cortex, hippocampus and subventricular zone","GTACGTAAGCTCCTTC",2003,4084,43,0.0105288932419197,"Unknown"
"GTACGTAAGTAGGCCA","SRA526435","SRS1915196","Mus musculus","10x chromium","Cortex, hippocampus and subventricular zone","GTACGTAAGTAGGCCA",1381,2205,18,0.00816326530612245,"Unknown"
"GTACGTAAGTGAATTG","SRA526435","SRS1915196","Mus musculus","10x chromium","Cortex, hippocampus and subventricular zone","GTACGTAAGTGAATTG",1623,2945,74,0.0251273344651952,"Unknown"
"GTACGTAAGTGCGTGA","SRA526435","SRS1915196","Mus musculus","10x chromium","Cortex, hippocampus and subventricular zone","GTACGTAAGTGCGTGA",2450,5547,50,0.00901388137732108,"Unknown"
"GTACGTACACCTCGGA","SRA526435","SRS1915196","Mus musculus","10x chromium","Cortex, hippocampus and subventricular zone","GTACGTACACCTCGGA",3614,10777,97,0.00900064953140948,"Unknown"
"GTACGTACACGAAACG","SRA526435","SRS1915196","Mus musculus","10x chromium","Cortex, hippocampus and subventricular zone","GTACGTACACGAAACG",1821,4031,119,0.0295212106177127,"Endothelial cells"
"GTACGTACACGGTGTC","SRA526435","SRS1915196","Mus musculus","10x chromium","Cortex, hippocampus and subventricular zone","GTACGTACACGGTGTC",1133,1840,65,0.0353260869565217,"Unknown"
"GTACGTACATGGGAAC","SRA526435","SRS1915196","Mus musculus","10x chromium","Cortex, hippocampus and subventricular zone","GTACGTACATGGGAAC",4438,14762,133,0.00900961929277876,"Unknown"
"GTACGTACATTAGCCA","SRA526435","SRS1915196","Mus musculus","10x chromium","Cortex, hippocampus and subventricular zone","GTACGTACATTAGCCA",2721,6238,84,0.0134658544405258,"Unknown"
"GTACGTAGTCGGGTCT","SRA526435","SRS1915196","Mus musculus","10x chromium","Cortex, hippocampus and subventricular zone","GTACGTAGTCGGGTCT",91,3140,3,0.000955414012738854,"Erythroid-like and erythroid precursor cells"
"GTACGTAGTCTAGCGC","SRA526435","SRS1915196","Mus musculus","10x chromium","Cortex, hippocampus and subventricular zone","GTACGTAGTCTAGCGC",2347,4632,55,0.011873920552677,"Unknown"
"GTACGTAGTGAAGGCT","SRA526435","SRS1915196","Mus musculus","10x chromium","Cortex, hippocampus and subventricular zone","GTACGTAGTGAAGGCT",1508,2726,84,0.0308143800440205,"Unknown"
"GTACGTAGTGCAACGA","SRA526435","SRS1915196","Mus musculus","10x chromium","Cortex, hippocampus and subventricular zone","GTACGTAGTGCAACGA",2277,4582,45,0.00982103884766478,"Unknown"
"GTACGTATCAACGCTA","SRA526435","SRS1915196","Mus musculus","10x chromium","Cortex, hippocampus and subventricular zone","GTACGTATCAACGCTA",2753,6902,68,0.00985221674876847,"Unknown"
"GTACGTATCGTGTAGT","SRA526435","SRS1915196","Mus musculus","10x chromium","Cortex, hippocampus and subventricular zone","GTACGTATCGTGTAGT",1193,1978,24,0.0121334681496461,"Unknown"
"GTACTCCAGGGTCGAT","SRA526435","SRS1915196","Mus musculus","10x chromium","Cortex, hippocampus and subventricular zone","GTACTCCAGGGTCGAT",1060,1657,42,0.0253470126735063,"Unknown"
"GTACTCCAGTTGTCGT","SRA526435","SRS1915196","Mus musculus","10x chromium","Cortex, hippocampus and subventricular zone","GTACTCCAGTTGTCGT",2807,6976,70,0.0100344036697248,"Unknown"
"GTACTCCCAACGATGG","SRA526435","SRS1915196","Mus musculus","10x chromium","Cortex, hippocampus and subventricular zone","GTACTCCCAACGATGG",1323,2279,68,0.0298376480912681,"Unknown"
"GTACTCCCAGCCTTGG","SRA526435","SRS1915196","Mus musculus","10x chromium","Cortex, hippocampus and subventricular zone","GTACTCCCAGCCTTGG",1506,2398,69,0.0287739783152627,"Unknown"
"GTACTCCCAGTATAAG","SRA526435","SRS1915196","Mus musculus","10x chromium","Cortex, hippocampus and subventricular zone","GTACTCCCAGTATAAG",3581,10339,50,0.00483605764580714,"Unknown"
"GTACTCCCAGTCGATT","SRA526435","SRS1915196","Mus musculus","10x chromium","Cortex, hippocampus and subventricular zone","GTACTCCCAGTCGATT",3158,7975,85,0.0106583072100313,"Unknown"
"GTACTCCCATTGCGGC","SRA526435","SRS1915196","Mus musculus","10x chromium","Cortex, hippocampus and subventricular zone","GTACTCCCATTGCGGC",3248,8410,78,0.00927467300832342,"Unknown"
"GTACTCCGTACTTCTT","SRA526435","SRS1915196","Mus musculus","10x chromium","Cortex, hippocampus and subventricular zone","GTACTCCGTACTTCTT",1166,1860,49,0.0263440860215054,"Unknown"
"GTACTCCGTGTATGGG","SRA526435","SRS1915196","Mus musculus","10x chromium","Cortex, hippocampus and subventricular zone","GTACTCCGTGTATGGG",1065,1631,26,0.0159411404046597,"Unknown"
"GTACTCCGTTAAAGTG","SRA526435","SRS1915196","Mus musculus","10x chromium","Cortex, hippocampus and subventricular zone","GTACTCCGTTAAAGTG",1561,3160,51,0.0161392405063291,"Unknown"
"GTACTCCGTTCCACTC","SRA526435","SRS1915196","Mus musculus","10x chromium","Cortex, hippocampus and subventricular zone","GTACTCCGTTCCACTC",1983,3774,33,0.00874403815580286,"Unknown"
"GTACTCCTCACTGGGC","SRA526435","SRS1915196","Mus musculus","10x chromium","Cortex, hippocampus and subventricular zone","GTACTCCTCACTGGGC",2286,4475,85,0.0189944134078212,"Oligodendrocyte progenitor cells"
"GTACTCCTCTGGCGAC","SRA526435","SRS1915196","Mus musculus","10x chromium","Cortex, hippocampus and subventricular zone","GTACTCCTCTGGCGAC",2104,4539,58,0.0127781449658515,"Unknown"
"GTACTCCTCTGTACGA","SRA526435","SRS1915196","Mus musculus","10x chromium","Cortex, hippocampus and subventricular zone","GTACTCCTCTGTACGA",1980,3943,89,0.0225716459548567,"Unknown"
"GTACTTTAGGACCACA","SRA526435","SRS1915196","Mus musculus","10x chromium","Cortex, hippocampus and subventricular zone","GTACTTTAGGACCACA",1940,3929,75,0.0190888266734538,"Unknown"
"GTACTTTAGGGAACGG","SRA526435","SRS1915196","Mus musculus","10x chromium","Cortex, hippocampus and subventricular zone","GTACTTTAGGGAACGG",918,1316,13,0.00987841945288754,"Unknown"
"GTACTTTAGTTTGCGT","SRA526435","SRS1915196","Mus musculus","10x chromium","Cortex, hippocampus and subventricular zone","GTACTTTAGTTTGCGT",2161,4360,82,0.0188073394495413,"Unknown"
"GTACTTTCAAAGGAAG","SRA526435","SRS1915196","Mus musculus","10x chromium","Cortex, hippocampus and subventricular zone","GTACTTTCAAAGGAAG",2097,4157,67,0.0161173923502526,"Unknown"
"GTACTTTCAAGAAGAG","SRA526435","SRS1915196","Mus musculus","10x chromium","Cortex, hippocampus and subventricular zone","GTACTTTCAAGAAGAG",4352,14602,95,0.00650595808793316,"Unknown"
"GTACTTTCAAGGACAC","SRA526435","SRS1915196","Mus musculus","10x chromium","Cortex, hippocampus and subventricular zone","GTACTTTCAAGGACAC",1964,3806,57,0.0149763531266421,"Unknown"
"GTACTTTCACACCGAC","SRA526435","SRS1915196","Mus musculus","10x chromium","Cortex, hippocampus and subventricular zone","GTACTTTCACACCGAC",3606,9437,97,0.0102786902617357,"Unknown"
"GTACTTTCACAGACAG","SRA526435","SRS1915196","Mus musculus","10x chromium","Cortex, hippocampus and subventricular zone","GTACTTTCACAGACAG",1642,3139,49,0.0156100669002867,"Unknown"
"GTACTTTCAGATAATG","SRA526435","SRS1915196","Mus musculus","10x chromium","Cortex, hippocampus and subventricular zone","GTACTTTCAGATAATG",2198,4395,37,0.00841865756541525,"Unknown"
"GTACTTTCATTACGAC","SRA526435","SRS1915196","Mus musculus","10x chromium","Cortex, hippocampus and subventricular zone","GTACTTTCATTACGAC",2392,5691,43,0.00755578984361272,"Unknown"
"GTACTTTGTACGACCC","SRA526435","SRS1915196","Mus musculus","10x chromium","Cortex, hippocampus and subventricular zone","GTACTTTGTACGACCC",1208,1839,22,0.011963023382273,"Unknown"
"GTACTTTGTCCAGTGC","SRA526435","SRS1915196","Mus musculus","10x chromium","Cortex, hippocampus and subventricular zone","GTACTTTGTCCAGTGC",1958,3626,42,0.0115830115830116,"Unknown"
"GTACTTTGTCTTCAAG","SRA526435","SRS1915196","Mus musculus","10x chromium","Cortex, hippocampus and subventricular zone","GTACTTTGTCTTCAAG",2469,5656,68,0.012022630834512,"Unknown"
"GTACTTTGTGTGGTTT","SRA526435","SRS1915196","Mus musculus","10x chromium","Cortex, hippocampus and subventricular zone","GTACTTTGTGTGGTTT",2154,4104,45,0.0109649122807018,"Unknown"
"GTACTTTGTTCCACAA","SRA526435","SRS1915196","Mus musculus","10x chromium","Cortex, hippocampus and subventricular zone","GTACTTTGTTCCACAA",1627,2767,23,0.00831225153595952,"Unknown"
"GTACTTTTCACGATGT","SRA526435","SRS1915196","Mus musculus","10x chromium","Cortex, hippocampus and subventricular zone","GTACTTTTCACGATGT",1300,2194,48,0.0218778486782133,"Unknown"
"GTACTTTTCAGAGACG","SRA526435","SRS1915196","Mus musculus","10x chromium","Cortex, hippocampus and subventricular zone","GTACTTTTCAGAGACG",2328,5154,52,0.0100892510671323,"Unknown"
"GTACTTTTCCGAGCCA","SRA526435","SRS1915196","Mus musculus","10x chromium","Cortex, hippocampus and subventricular zone","GTACTTTTCCGAGCCA",2256,4552,58,0.0127416520210896,"Unknown"
"GTACTTTTCTCGCATC","SRA526435","SRS1915196","Mus musculus","10x chromium","Cortex, hippocampus and subventricular zone","GTACTTTTCTCGCATC",2366,4802,54,0.0112453144523115,"Unknown"
"GTAGGCCAGAAGGGTA","SRA526435","SRS1915196","Mus musculus","10x chromium","Cortex, hippocampus and subventricular zone","GTAGGCCAGAAGGGTA",1331,2619,53,0.0202367315769378,"Unknown"
"GTAGGCCAGATGGGTC","SRA526435","SRS1915196","Mus musculus","10x chromium","Cortex, hippocampus and subventricular zone","GTAGGCCAGATGGGTC",2393,5156,83,0.0160977501939488,"Unknown"
"GTAGGCCAGCTACCGC","SRA526435","SRS1915196","Mus musculus","10x chromium","Cortex, hippocampus and subventricular zone","GTAGGCCAGCTACCGC",2263,4842,55,0.0113589425857084,"Unknown"
"GTAGGCCAGGACCACA","SRA526435","SRS1915196","Mus musculus","10x chromium","Cortex, hippocampus and subventricular zone","GTAGGCCAGGACCACA",2881,7145,116,0.0162351294611617,"Unknown"
"GTAGGCCAGTGTTGAA","SRA526435","SRS1915196","Mus musculus","10x chromium","Cortex, hippocampus and subventricular zone","GTAGGCCAGTGTTGAA",1767,3421,45,0.0131540485238234,"Unknown"
"GTAGGCCCACGGTTTA","SRA526435","SRS1915196","Mus musculus","10x chromium","Cortex, hippocampus and subventricular zone","GTAGGCCCACGGTTTA",568,1037,29,0.0279652844744455,"Unknown"
"GTAGGCCCATCGGGTC","SRA526435","SRS1915196","Mus musculus","10x chromium","Cortex, hippocampus and subventricular zone","GTAGGCCCATCGGGTC",2679,6124,33,0.00538863487916395,"Unknown"
"GTAGGCCCATTAGGCT","SRA526435","SRS1915196","Mus musculus","10x chromium","Cortex, hippocampus and subventricular zone","GTAGGCCCATTAGGCT",1604,3483,28,0.00803904679873672,"Unknown"
"GTAGGCCGTATAATGG","SRA526435","SRS1915196","Mus musculus","10x chromium","Cortex, hippocampus and subventricular zone","GTAGGCCGTATAATGG",2556,5480,5,0.000912408759124088,"Unknown"
"GTAGGCCGTCCAAGTT","SRA526435","SRS1915196","Mus musculus","10x chromium","Cortex, hippocampus and subventricular zone","GTAGGCCGTCCAAGTT",3474,8592,160,0.0186219739292365,"Unknown"
"GTAGGCCGTCGTGGCT","SRA526435","SRS1915196","Mus musculus","10x chromium","Cortex, hippocampus and subventricular zone","GTAGGCCGTCGTGGCT",1824,3383,37,0.0109370381318356,"Unknown"
"GTAGGCCGTGCAGACA","SRA526435","SRS1915196","Mus musculus","10x chromium","Cortex, hippocampus and subventricular zone","GTAGGCCGTGCAGACA",2241,4732,37,0.00781910397295013,"Unknown"
"GTAGGCCGTTACTGAC","SRA526435","SRS1915196","Mus musculus","10x chromium","Cortex, hippocampus and subventricular zone","GTAGGCCGTTACTGAC",3793,10256,63,0.00614274570982839,"Unknown"
"GTAGGCCTCAACACCA","SRA526435","SRS1915196","Mus musculus","10x chromium","Cortex, hippocampus and subventricular zone","GTAGGCCTCAACACCA",1501,2809,37,0.0131719473122108,"Unknown"
"GTAGGCCTCACTATTC","SRA526435","SRS1915196","Mus musculus","10x chromium","Cortex, hippocampus and subventricular zone","GTAGGCCTCACTATTC",2337,4854,65,0.0133910177173465,"Unknown"
"GTAGGCCTCAGCGATT","SRA526435","SRS1915196","Mus musculus","10x chromium","Cortex, hippocampus and subventricular zone","GTAGGCCTCAGCGATT",1409,2575,28,0.010873786407767,"Unknown"
"GTAGGCCTCCCAACGG","SRA526435","SRS1915196","Mus musculus","10x chromium","Cortex, hippocampus and subventricular zone","GTAGGCCTCCCAACGG",2277,5003,51,0.0101938836697981,"Unknown"
"GTAGGCCTCGAGAACG","SRA526435","SRS1915196","Mus musculus","10x chromium","Cortex, hippocampus and subventricular zone","GTAGGCCTCGAGAACG",2042,4342,77,0.0177337632427453,"Unknown"
"GTAGGCCTCGTGGACC","SRA526435","SRS1915196","Mus musculus","10x chromium","Cortex, hippocampus and subventricular zone","GTAGGCCTCGTGGACC",2499,5766,45,0.00780437044745057,"Unknown"
"GTAGGCCTCTATCGCC","SRA526435","SRS1915196","Mus musculus","10x chromium","Cortex, hippocampus and subventricular zone","GTAGGCCTCTATCGCC",2151,12017,38,0.00316218690188899,"Erythroid-like and erythroid precursor cells"
"GTAGGCCTCTGCAAGT","SRA526435","SRS1915196","Mus musculus","10x chromium","Cortex, hippocampus and subventricular zone","GTAGGCCTCTGCAAGT",2671,5811,60,0.0103252452245741,"Unknown"
"GTAGGCCTCTGCGTAA","SRA526435","SRS1915196","Mus musculus","10x chromium","Cortex, hippocampus and subventricular zone","GTAGGCCTCTGCGTAA",2241,4676,78,0.0166809238665526,"Pericytes"
"GTAGGCCTCTTGACGA","SRA526435","SRS1915196","Mus musculus","10x chromium","Cortex, hippocampus and subventricular zone","GTAGGCCTCTTGACGA",2168,4290,46,0.0107226107226107,"Unknown"
"GTAGTCAAGATGAGAG","SRA526435","SRS1915196","Mus musculus","10x chromium","Cortex, hippocampus and subventricular zone","GTAGTCAAGATGAGAG",1942,3420,21,0.00614035087719298,"Unknown"
"GTAGTCAAGCAGGCTA","SRA526435","SRS1915196","Mus musculus","10x chromium","Cortex, hippocampus and subventricular zone","GTAGTCAAGCAGGCTA",2567,5724,48,0.00838574423480084,"Unknown"
"GTAGTCAAGCGACGTA","SRA526435","SRS1915196","Mus musculus","10x chromium","Cortex, hippocampus and subventricular zone","GTAGTCAAGCGACGTA",2331,5208,77,0.0147849462365591,"Unknown"
"GTAGTCAAGCTACCTA","SRA526435","SRS1915196","Mus musculus","10x chromium","Cortex, hippocampus and subventricular zone","GTAGTCAAGCTACCTA",1868,3365,34,0.0101040118870728,"Unknown"
"GTAGTCAAGCTAGTTC","SRA526435","SRS1915196","Mus musculus","10x chromium","Cortex, hippocampus and subventricular zone","GTAGTCAAGCTAGTTC",2458,5282,43,0.00814085573646346,"Unknown"
"GTAGTCAAGGATGGTC","SRA526435","SRS1915196","Mus musculus","10x chromium","Cortex, hippocampus and subventricular zone","GTAGTCAAGGATGGTC",1982,3543,37,0.0104431272932543,"Unknown"
"GTAGTCAAGGCTCAGA","SRA526435","SRS1915196","Mus musculus","10x chromium","Cortex, hippocampus and subventricular zone","GTAGTCAAGGCTCAGA",1732,3258,7,0.00214855739717618,"Unknown"
"GTAGTCAAGGGATACC","SRA526435","SRS1915196","Mus musculus","10x chromium","Cortex, hippocampus and subventricular zone","GTAGTCAAGGGATACC",1485,2682,33,0.0123042505592841,"Unknown"
"GTAGTCAAGGTGTGGT","SRA526435","SRS1915196","Mus musculus","10x chromium","Cortex, hippocampus and subventricular zone","GTAGTCAAGGTGTGGT",3505,10031,118,0.0117635330475526,"Unknown"
"GTAGTCAAGTACCGGA","SRA526435","SRS1915196","Mus musculus","10x chromium","Cortex, hippocampus and subventricular zone","GTAGTCAAGTACCGGA",2478,5491,42,0.0076488799854307,"Unknown"
"GTAGTCAAGTACGCCC","SRA526435","SRS1915196","Mus musculus","10x chromium","Cortex, hippocampus and subventricular zone","GTAGTCAAGTACGCCC",3550,9572,72,0.00752193898871709,"Unknown"
"GTAGTCAAGTGTTGAA","SRA526435","SRS1915196","Mus musculus","10x chromium","Cortex, hippocampus and subventricular zone","GTAGTCAAGTGTTGAA",1628,3455,55,0.0159189580318379,"Unknown"
"GTAGTCACACGTTGGC","SRA526435","SRS1915196","Mus musculus","10x chromium","Cortex, hippocampus and subventricular zone","GTAGTCACACGTTGGC",2018,3867,61,0.0157745021980864,"Unknown"
"GTAGTCACAGGTGCCT","SRA526435","SRS1915196","Mus musculus","10x chromium","Cortex, hippocampus and subventricular zone","GTAGTCACAGGTGCCT",1536,2892,60,0.020746887966805,"Unknown"
"GTAGTCACATAGAAAC","SRA526435","SRS1915196","Mus musculus","10x chromium","Cortex, hippocampus and subventricular zone","GTAGTCACATAGAAAC",2028,4329,67,0.0154770154770155,"Unknown"
"GTAGTCAGTACTTCTT","SRA526435","SRS1915196","Mus musculus","10x chromium","Cortex, hippocampus and subventricular zone","GTAGTCAGTACTTCTT",889,1522,54,0.0354796320630749,"Unknown"
"GTAGTCAGTCGACTGC","SRA526435","SRS1915196","Mus musculus","10x chromium","Cortex, hippocampus and subventricular zone","GTAGTCAGTCGACTGC",390,14427,6,0.000415886878768975,"Erythroid-like and erythroid precursor cells"
"GTAGTCAGTCTAGCCG","SRA526435","SRS1915196","Mus musculus","10x chromium","Cortex, hippocampus and subventricular zone","GTAGTCAGTCTAGCCG",1443,2422,16,0.00660611065235343,"Unknown"
"GTAGTCATCAAACAAG","SRA526435","SRS1915196","Mus musculus","10x chromium","Cortex, hippocampus and subventricular zone","GTAGTCATCAAACAAG",2109,4086,51,0.0124816446402349,"Unknown"
"GTAGTCATCCGGCACA","SRA526435","SRS1915196","Mus musculus","10x chromium","Cortex, hippocampus and subventricular zone","GTAGTCATCCGGCACA",2225,4691,43,0.00916648902153059,"Unknown"
"GTAGTCATCCTCCTAG","SRA526435","SRS1915196","Mus musculus","10x chromium","Cortex, hippocampus and subventricular zone","GTAGTCATCCTCCTAG",1353,2316,62,0.0267702936096718,"Unknown"
"GTAGTCATCGACGGAA","SRA526435","SRS1915196","Mus musculus","10x chromium","Cortex, hippocampus and subventricular zone","GTAGTCATCGACGGAA",3804,9738,130,0.013349763811871,"Unknown"
"GTAGTCATCGGTGTCG","SRA526435","SRS1915196","Mus musculus","10x chromium","Cortex, hippocampus and subventricular zone","GTAGTCATCGGTGTCG",2467,5636,58,0.010290986515259,"Unknown"
"GTAGTCATCTAACGGT","SRA526435","SRS1915196","Mus musculus","10x chromium","Cortex, hippocampus and subventricular zone","GTAGTCATCTAACGGT",786,1026,42,0.0409356725146199,"Unknown"
"GTATCTTAGCCTTGAT","SRA526435","SRS1915196","Mus musculus","10x chromium","Cortex, hippocampus and subventricular zone","GTATCTTAGCCTTGAT",3402,8679,117,0.0134808157621846,"Unknown"
"GTATCTTAGGAGCGAG","SRA526435","SRS1915196","Mus musculus","10x chromium","Cortex, hippocampus and subventricular zone","GTATCTTAGGAGCGAG",1153,1804,39,0.0216186252771619,"Unknown"
"GTATCTTAGTCCTCCT","SRA526435","SRS1915196","Mus musculus","10x chromium","Cortex, hippocampus and subventricular zone","GTATCTTAGTCCTCCT",2356,4675,43,0.00919786096256684,"Unknown"
"GTATCTTAGTGAAGTT","SRA526435","SRS1915196","Mus musculus","10x chromium","Cortex, hippocampus and subventricular zone","GTATCTTAGTGAAGTT",95,1571,2,0.00127307447485678,"Erythroid-like and erythroid precursor cells"
"GTATCTTAGTTGAGAT","SRA526435","SRS1915196","Mus musculus","10x chromium","Cortex, hippocampus and subventricular zone","GTATCTTAGTTGAGAT",3245,8946,155,0.0173261792980103,"Unknown"
"GTATCTTCAAACGCGA","SRA526435","SRS1915196","Mus musculus","10x chromium","Cortex, hippocampus and subventricular zone","GTATCTTCAAACGCGA",1634,3067,50,0.0163025758069775,"Unknown"
"GTATCTTCACAGACTT","SRA526435","SRS1915196","Mus musculus","10x chromium","Cortex, hippocampus and subventricular zone","GTATCTTCACAGACTT",1257,2420,32,0.0132231404958678,"Unknown"
"GTATCTTCACCAGGTC","SRA526435","SRS1915196","Mus musculus","10x chromium","Cortex, hippocampus and subventricular zone","GTATCTTCACCAGGTC",1387,2632,66,0.0250759878419453,"Unknown"
"GTATCTTCATACTACG","SRA526435","SRS1915196","Mus musculus","10x chromium","Cortex, hippocampus and subventricular zone","GTATCTTCATACTACG",2591,5625,75,0.0133333333333333,"Unknown"
"GTATCTTCATACTCTT","SRA526435","SRS1915196","Mus musculus","10x chromium","Cortex, hippocampus and subventricular zone","GTATCTTCATACTCTT",1142,1902,36,0.0189274447949527,"Unknown"
"GTATCTTGTAGGACAC","SRA526435","SRS1915196","Mus musculus","10x chromium","Cortex, hippocampus and subventricular zone","GTATCTTGTAGGACAC",2979,7356,53,0.00720500271886895,"Unknown"
"GTATCTTGTCGACTGC","SRA526435","SRS1915196","Mus musculus","10x chromium","Cortex, hippocampus and subventricular zone","GTATCTTGTCGACTGC",2262,4718,51,0.0108096651123357,"Unknown"
"GTATCTTGTCTGGAGA","SRA526435","SRS1915196","Mus musculus","10x chromium","Cortex, hippocampus and subventricular zone","GTATCTTGTCTGGAGA",2442,6129,71,0.0115842714961658,"Unknown"
"GTATCTTGTGTTGAGG","SRA526435","SRS1915196","Mus musculus","10x chromium","Cortex, hippocampus and subventricular zone","GTATCTTGTGTTGAGG",943,1373,69,0.0502549162418063,"Unknown"
"GTATCTTGTTTGCATG","SRA526435","SRS1915196","Mus musculus","10x chromium","Cortex, hippocampus and subventricular zone","GTATCTTGTTTGCATG",2207,4354,34,0.00780891134588884,"Unknown"
"GTATCTTTCCCTGACT","SRA526435","SRS1915196","Mus musculus","10x chromium","Cortex, hippocampus and subventricular zone","GTATCTTTCCCTGACT",866,1259,14,0.011119936457506,"Unknown"
"GTATCTTTCCGCATCT","SRA526435","SRS1915196","Mus musculus","10x chromium","Cortex, hippocampus and subventricular zone","GTATCTTTCCGCATCT",1137,1887,34,0.018018018018018,"Unknown"
"GTATCTTTCGCCATAA","SRA526435","SRS1915196","Mus musculus","10x chromium","Cortex, hippocampus and subventricular zone","GTATCTTTCGCCATAA",2397,4844,93,0.0191990090834021,"Cajal-Retzius cells"
"GTATCTTTCGGAAATA","SRA526435","SRS1915196","Mus musculus","10x chromium","Cortex, hippocampus and subventricular zone","GTATCTTTCGGAAATA",2270,4466,60,0.0134348410210479,"Unknown"
"GTATCTTTCTGGTGTA","SRA526435","SRS1915196","Mus musculus","10x chromium","Cortex, hippocampus and subventricular zone","GTATCTTTCTGGTGTA",1844,3437,51,0.0148385219668315,"Unknown"
"GTATTCTAGAAACCAT","SRA526435","SRS1915196","Mus musculus","10x chromium","Cortex, hippocampus and subventricular zone","GTATTCTAGAAACCAT",1354,2484,35,0.0140901771336554,"Unknown"
"GTATTCTAGAATGTGT","SRA526435","SRS1915196","Mus musculus","10x chromium","Cortex, hippocampus and subventricular zone","GTATTCTAGAATGTGT",2698,6696,69,0.0103046594982079,"Unknown"
"GTATTCTAGACACTAA","SRA526435","SRS1915196","Mus musculus","10x chromium","Cortex, hippocampus and subventricular zone","GTATTCTAGACACTAA",1930,3875,61,0.015741935483871,"Unknown"
"GTATTCTAGCACCGTC","SRA526435","SRS1915196","Mus musculus","10x chromium","Cortex, hippocampus and subventricular zone","GTATTCTAGCACCGTC",3062,7183,129,0.0179590700264513,"Unknown"
"GTATTCTAGCCGCCTA","SRA526435","SRS1915196","Mus musculus","10x chromium","Cortex, hippocampus and subventricular zone","GTATTCTAGCCGCCTA",1407,2453,58,0.0236445169180595,"Unknown"
"GTATTCTAGGGCACTA","SRA526435","SRS1915196","Mus musculus","10x chromium","Cortex, hippocampus and subventricular zone","GTATTCTAGGGCACTA",2419,5459,120,0.0219820479941381,"Unknown"
"GTATTCTAGGGTTCCC","SRA526435","SRS1915196","Mus musculus","10x chromium","Cortex, hippocampus and subventricular zone","GTATTCTAGGGTTCCC",2134,4159,53,0.0127434479442174,"Unknown"
"GTATTCTAGGTGGGTT","SRA526435","SRS1915196","Mus musculus","10x chromium","Cortex, hippocampus and subventricular zone","GTATTCTAGGTGGGTT",1804,3264,34,0.0104166666666667,"Unknown"
"GTATTCTAGTCCAGGA","SRA526435","SRS1915196","Mus musculus","10x chromium","Cortex, hippocampus and subventricular zone","GTATTCTAGTCCAGGA",1395,2393,47,0.0196406184705391,"Unknown"
"GTATTCTAGTGTCCCG","SRA526435","SRS1915196","Mus musculus","10x chromium","Cortex, hippocampus and subventricular zone","GTATTCTAGTGTCCCG",1731,3079,46,0.014939915556999,"Unknown"
"GTATTCTCAAAGGAAG","SRA526435","SRS1915196","Mus musculus","10x chromium","Cortex, hippocampus and subventricular zone","GTATTCTCAAAGGAAG",994,1732,82,0.0473441108545035,"Unknown"
"GTATTCTCAAGTTCTG","SRA526435","SRS1915196","Mus musculus","10x chromium","Cortex, hippocampus and subventricular zone","GTATTCTCAAGTTCTG",2192,4464,47,0.0105286738351254,"Unknown"
"GTATTCTCAATAAGCA","SRA526435","SRS1915196","Mus musculus","10x chromium","Cortex, hippocampus and subventricular zone","GTATTCTCAATAAGCA",1755,3480,43,0.0123563218390805,"Unknown"
"GTATTCTCACCTCGTT","SRA526435","SRS1915196","Mus musculus","10x chromium","Cortex, hippocampus and subventricular zone","GTATTCTCACCTCGTT",776,1351,17,0.0125832716506292,"Unknown"
"GTATTCTCATGGGACA","SRA526435","SRS1915196","Mus musculus","10x chromium","Cortex, hippocampus and subventricular zone","GTATTCTCATGGGACA",867,1327,73,0.0550113036925396,"Unknown"
"GTATTCTGTAAGGATT","SRA526435","SRS1915196","Mus musculus","10x chromium","Cortex, hippocampus and subventricular zone","GTATTCTGTAAGGATT",1894,3782,43,0.0113696456901111,"Unknown"
"GTATTCTGTCAAAGAT","SRA526435","SRS1915196","Mus musculus","10x chromium","Cortex, hippocampus and subventricular zone","GTATTCTGTCAAAGAT",691,1234,20,0.0162074554294976,"Unknown"
"GTATTCTGTCGTGGCT","SRA526435","SRS1915196","Mus musculus","10x chromium","Cortex, hippocampus and subventricular zone","GTATTCTGTCGTGGCT",2693,6730,55,0.00817236255572065,"Unknown"
"GTATTCTGTCTACCTC","SRA526435","SRS1915196","Mus musculus","10x chromium","Cortex, hippocampus and subventricular zone","GTATTCTGTCTACCTC",3032,9192,75,0.00815926892950392,"Unknown"
"GTATTCTGTGCAGGTA","SRA526435","SRS1915196","Mus musculus","10x chromium","Cortex, hippocampus and subventricular zone","GTATTCTGTGCAGGTA",2177,4602,50,0.0108648413733159,"Unknown"
"GTATTCTTCAACACGT","SRA526435","SRS1915196","Mus musculus","10x chromium","Cortex, hippocampus and subventricular zone","GTATTCTTCAACACGT",2509,5505,26,0.00472297910990009,"Unknown"
"GTATTCTTCACGACTA","SRA526435","SRS1915196","Mus musculus","10x chromium","Cortex, hippocampus and subventricular zone","GTATTCTTCACGACTA",945,1282,14,0.0109204368174727,"Unknown"
"GTATTCTTCAGGATCT","SRA526435","SRS1915196","Mus musculus","10x chromium","Cortex, hippocampus and subventricular zone","GTATTCTTCAGGATCT",2638,5848,69,0.0117989056087551,"Unknown"
"GTATTCTTCAGGCAAG","SRA526435","SRS1915196","Mus musculus","10x chromium","Cortex, hippocampus and subventricular zone","GTATTCTTCAGGCAAG",1061,1761,40,0.0227143668370244,"Unknown"
"GTATTCTTCAGTGCAT","SRA526435","SRS1915196","Mus musculus","10x chromium","Cortex, hippocampus and subventricular zone","GTATTCTTCAGTGCAT",1607,2943,46,0.0156303092082909,"Unknown"
"GTATTCTTCCAACCAA","SRA526435","SRS1915196","Mus musculus","10x chromium","Cortex, hippocampus and subventricular zone","GTATTCTTCCAACCAA",3590,9084,96,0.0105680317040951,"Unknown"
"GTCAAGTAGGAATTAC","SRA526435","SRS1915196","Mus musculus","10x chromium","Cortex, hippocampus and subventricular zone","GTCAAGTAGGAATTAC",925,1277,10,0.00783085356303837,"Unknown"
"GTCAAGTAGGGCACTA","SRA526435","SRS1915196","Mus musculus","10x chromium","Cortex, hippocampus and subventricular zone","GTCAAGTAGGGCACTA",2140,4176,37,0.00886015325670498,"Unknown"
"GTCAAGTAGTCCATAC","SRA526435","SRS1915196","Mus musculus","10x chromium","Cortex, hippocampus and subventricular zone","GTCAAGTAGTCCATAC",1765,2968,32,0.0107816711590297,"Unknown"
"GTCAAGTCAACACCCG","SRA526435","SRS1915196","Mus musculus","10x chromium","Cortex, hippocampus and subventricular zone","GTCAAGTCAACACCCG",4657,14654,165,0.0112597243073564,"Unknown"
"GTCAAGTCACACAGAG","SRA526435","SRS1915196","Mus musculus","10x chromium","Cortex, hippocampus and subventricular zone","GTCAAGTCACACAGAG",2472,5157,82,0.0159007174713981,"Unknown"
"GTCAAGTCACAGACTT","SRA526435","SRS1915196","Mus musculus","10x chromium","Cortex, hippocampus and subventricular zone","GTCAAGTCACAGACTT",2174,5398,48,0.00889218228973694,"Unknown"
"GTCAAGTCACCGTTGG","SRA526435","SRS1915196","Mus musculus","10x chromium","Cortex, hippocampus and subventricular zone","GTCAAGTCACCGTTGG",2123,4460,65,0.0145739910313901,"Unknown"
"GTCAAGTCACTTAACG","SRA526435","SRS1915196","Mus musculus","10x chromium","Cortex, hippocampus and subventricular zone","GTCAAGTCACTTAACG",1965,3831,39,0.0101801096319499,"Unknown"
"GTCAAGTCAGTGAGTG","SRA526435","SRS1915196","Mus musculus","10x chromium","Cortex, hippocampus and subventricular zone","GTCAAGTCAGTGAGTG",3128,7694,153,0.0198856251624643,"Pericytes"
"GTCAAGTCATCCCATC","SRA526435","SRS1915196","Mus musculus","10x chromium","Cortex, hippocampus and subventricular zone","GTCAAGTCATCCCATC",1259,2172,54,0.0248618784530387,"Unknown"
"GTCAAGTCATTCCTCG","SRA526435","SRS1915196","Mus musculus","10x chromium","Cortex, hippocampus and subventricular zone","GTCAAGTCATTCCTCG",2574,5455,59,0.0108157653528873,"Unknown"
"GTCAAGTGTACTTGAC","SRA526435","SRS1915196","Mus musculus","10x chromium","Cortex, hippocampus and subventricular zone","GTCAAGTGTACTTGAC",1742,3212,79,0.0245952677459527,"Unknown"
"GTCAAGTGTAGTAGTA","SRA526435","SRS1915196","Mus musculus","10x chromium","Cortex, hippocampus and subventricular zone","GTCAAGTGTAGTAGTA",1706,3084,51,0.0165369649805447,"Unknown"
"GTCAAGTGTCCCGACA","SRA526435","SRS1915196","Mus musculus","10x chromium","Cortex, hippocampus and subventricular zone","GTCAAGTGTCCCGACA",1880,3570,50,0.0140056022408964,"Unknown"
"GTCAAGTGTCCCTTGT","SRA526435","SRS1915196","Mus musculus","10x chromium","Cortex, hippocampus and subventricular zone","GTCAAGTGTCCCTTGT",1896,3812,59,0.0154774396642183,"Unknown"
"GTCAAGTGTGTTTGGT","SRA526435","SRS1915196","Mus musculus","10x chromium","Cortex, hippocampus and subventricular zone","GTCAAGTGTGTTTGGT",2323,4756,58,0.0121951219512195,"Unknown"
"GTCAAGTGTTGTGGCC","SRA526435","SRS1915196","Mus musculus","10x chromium","Cortex, hippocampus and subventricular zone","GTCAAGTGTTGTGGCC",2028,4099,66,0.0161014881678458,"Unknown"
"GTCAAGTTCAATCACG","SRA526435","SRS1915196","Mus musculus","10x chromium","Cortex, hippocampus and subventricular zone","GTCAAGTTCAATCACG",2046,3852,52,0.0134994807892004,"Unknown"
"GTCAAGTTCCCATTAT","SRA526435","SRS1915196","Mus musculus","10x chromium","Cortex, hippocampus and subventricular zone","GTCAAGTTCCCATTAT",1851,3431,33,0.00961818711745847,"Unknown"
"GTCAAGTTCCGTAGGC","SRA526435","SRS1915196","Mus musculus","10x chromium","Cortex, hippocampus and subventricular zone","GTCAAGTTCCGTAGGC",825,1198,31,0.0258764607679466,"Unknown"
"GTCAAGTTCCTTTACA","SRA526435","SRS1915196","Mus musculus","10x chromium","Cortex, hippocampus and subventricular zone","GTCAAGTTCCTTTACA",2248,4784,63,0.0131688963210702,"Unknown"
"GTCAAGTTCTCAAGTG","SRA526435","SRS1915196","Mus musculus","10x chromium","Cortex, hippocampus and subventricular zone","GTCAAGTTCTCAAGTG",2497,5609,47,0.0083793902656445,"Unknown"
"GTCAAGTTCTGACCTC","SRA526435","SRS1915196","Mus musculus","10x chromium","Cortex, hippocampus and subventricular zone","GTCAAGTTCTGACCTC",1468,2624,40,0.0152439024390244,"Unknown"
"GTCACAAAGACTAAGT","SRA526435","SRS1915196","Mus musculus","10x chromium","Cortex, hippocampus and subventricular zone","GTCACAAAGACTAAGT",1397,2702,25,0.00925240562546262,"Unknown"
"GTCACAAAGCCAGTTT","SRA526435","SRS1915196","Mus musculus","10x chromium","Cortex, hippocampus and subventricular zone","GTCACAAAGCCAGTTT",1695,3409,23,0.00674684658257554,"Unknown"
"GTCACAAAGCGAAGGG","SRA526435","SRS1915196","Mus musculus","10x chromium","Cortex, hippocampus and subventricular zone","GTCACAAAGCGAAGGG",3215,8287,94,0.0113430674550501,"Unknown"
"GTCACAAAGGAGCGAG","SRA526435","SRS1915196","Mus musculus","10x chromium","Cortex, hippocampus and subventricular zone","GTCACAAAGGAGCGAG",2196,4565,49,0.0107338444687842,"Unknown"
"GTCACAAAGGCTCAGA","SRA526435","SRS1915196","Mus musculus","10x chromium","Cortex, hippocampus and subventricular zone","GTCACAAAGGCTCAGA",1527,2945,85,0.0288624787775891,"Unknown"
"GTCACAAAGGTGCAAC","SRA526435","SRS1915196","Mus musculus","10x chromium","Cortex, hippocampus and subventricular zone","GTCACAAAGGTGCAAC",1186,2018,36,0.0178394449950446,"Unknown"
"GTCACAAAGTGTTTGC","SRA526435","SRS1915196","Mus musculus","10x chromium","Cortex, hippocampus and subventricular zone","GTCACAAAGTGTTTGC",1000,1450,29,0.02,"Unknown"
"GTCACAACAACGATGG","SRA526435","SRS1915196","Mus musculus","10x chromium","Cortex, hippocampus and subventricular zone","GTCACAACAACGATGG",2094,4216,45,0.010673624288425,"Unknown"
"GTCACAACAGCCTTGG","SRA526435","SRS1915196","Mus musculus","10x chromium","Cortex, hippocampus and subventricular zone","GTCACAACAGCCTTGG",2192,4675,51,0.0109090909090909,"Unknown"
"GTCACAACAGTGAGTG","SRA526435","SRS1915196","Mus musculus","10x chromium","Cortex, hippocampus and subventricular zone","GTCACAACAGTGAGTG",2179,4341,35,0.00806265837364662,"Unknown"
"GTCACAACATAACCTG","SRA526435","SRS1915196","Mus musculus","10x chromium","Cortex, hippocampus and subventricular zone","GTCACAACATAACCTG",1031,1600,73,0.045625,"Unknown"
"GTCACAAGTCAGAGGT","SRA526435","SRS1915196","Mus musculus","10x chromium","Cortex, hippocampus and subventricular zone","GTCACAAGTCAGAGGT",1148,1818,43,0.0236523652365237,"Unknown"
"GTCACAAGTCGGATCC","SRA526435","SRS1915196","Mus musculus","10x chromium","Cortex, hippocampus and subventricular zone","GTCACAAGTCGGATCC",1982,4042,53,0.0131123206333498,"Unknown"
"GTCACAAGTGTGTGCC","SRA526435","SRS1915196","Mus musculus","10x chromium","Cortex, hippocampus and subventricular zone","GTCACAAGTGTGTGCC",2102,4570,71,0.0155361050328228,"Unknown"
"GTCACAAGTTAAGTAG","SRA526435","SRS1915196","Mus musculus","10x chromium","Cortex, hippocampus and subventricular zone","GTCACAAGTTAAGTAG",1186,2138,33,0.0154349859681946,"Unknown"
"GTCACAAGTTATGCGT","SRA526435","SRS1915196","Mus musculus","10x chromium","Cortex, hippocampus and subventricular zone","GTCACAAGTTATGCGT",2420,5937,86,0.0144854303520296,"Unknown"
"GTCACAAGTTGATTGC","SRA526435","SRS1915196","Mus musculus","10x chromium","Cortex, hippocampus and subventricular zone","GTCACAAGTTGATTGC",1042,1443,5,0.00346500346500346,"Unknown"
"GTCACAATCATGTAGC","SRA526435","SRS1915196","Mus musculus","10x chromium","Cortex, hippocampus and subventricular zone","GTCACAATCATGTAGC",3114,7098,103,0.0145111298957453,"Unknown"
"GTCACAATCCAAAGTC","SRA526435","SRS1915196","Mus musculus","10x chromium","Cortex, hippocampus and subventricular zone","GTCACAATCCAAAGTC",3173,8453,120,0.0141961433810481,"Unknown"
"GTCACAATCGCGTAGC","SRA526435","SRS1915196","Mus musculus","10x chromium","Cortex, hippocampus and subventricular zone","GTCACAATCGCGTAGC",2425,5383,49,0.00910273081924577,"Unknown"
"GTCACAATCTGAGTGT","SRA526435","SRS1915196","Mus musculus","10x chromium","Cortex, hippocampus and subventricular zone","GTCACAATCTGAGTGT",2055,4095,56,0.0136752136752137,"Unknown"
"GTCACGGAGACCGGAT","SRA526435","SRS1915196","Mus musculus","10x chromium","Cortex, hippocampus and subventricular zone","GTCACGGAGACCGGAT",3229,8682,104,0.0119788067265607,"Unknown"
"GTCACGGAGCAGGCTA","SRA526435","SRS1915196","Mus musculus","10x chromium","Cortex, hippocampus and subventricular zone","GTCACGGAGCAGGCTA",826,1042,31,0.0297504798464491,"Unknown"
"GTCACGGAGCGTGAAC","SRA526435","SRS1915196","Mus musculus","10x chromium","Cortex, hippocampus and subventricular zone","GTCACGGAGCGTGAAC",2075,4227,44,0.0104092737165839,"Unknown"
"GTCACGGAGTCGTTTG","SRA526435","SRS1915196","Mus musculus","10x chromium","Cortex, hippocampus and subventricular zone","GTCACGGAGTCGTTTG",791,1269,68,0.053585500394011,"Unknown"
"GTCACGGCACTGTGTA","SRA526435","SRS1915196","Mus musculus","10x chromium","Cortex, hippocampus and subventricular zone","GTCACGGCACTGTGTA",984,1325,23,0.0173584905660377,"Unknown"
"GTCACGGCAGCTGTGC","SRA526435","SRS1915196","Mus musculus","10x chromium","Cortex, hippocampus and subventricular zone","GTCACGGCAGCTGTGC",2413,5385,69,0.0128133704735376,"Unknown"
"GTCACGGCAGTAAGCG","SRA526435","SRS1915196","Mus musculus","10x chromium","Cortex, hippocampus and subventricular zone","GTCACGGCAGTAAGCG",1997,4014,60,0.0149476831091181,"Unknown"
"GTCACGGCATATGCTG","SRA526435","SRS1915196","Mus musculus","10x chromium","Cortex, hippocampus and subventricular zone","GTCACGGCATATGCTG",906,1506,8,0.00531208499335989,"Unknown"
"GTCACGGGTAATTGGA","SRA526435","SRS1915196","Mus musculus","10x chromium","Cortex, hippocampus and subventricular zone","GTCACGGGTAATTGGA",2455,5763,372,0.064549713690786,"Unknown"
"GTCACGGGTACTTAGC","SRA526435","SRS1915196","Mus musculus","10x chromium","Cortex, hippocampus and subventricular zone","GTCACGGGTACTTAGC",3752,11117,111,0.00998470810470451,"Unknown"
"GTCACGGGTAGCGATG","SRA526435","SRS1915196","Mus musculus","10x chromium","Cortex, hippocampus and subventricular zone","GTCACGGGTAGCGATG",2637,5573,112,0.0200968957473533,"Unknown"
"GTCACGGGTATCACCA","SRA526435","SRS1915196","Mus musculus","10x chromium","Cortex, hippocampus and subventricular zone","GTCACGGGTATCACCA",866,1197,44,0.0367585630743525,"Unknown"
"GTCACGGGTCGAATCT","SRA526435","SRS1915196","Mus musculus","10x chromium","Cortex, hippocampus and subventricular zone","GTCACGGGTCGAATCT",2264,4837,54,0.0111639445937565,"Unknown"
"GTCACGGGTGTTGAGG","SRA526435","SRS1915196","Mus musculus","10x chromium","Cortex, hippocampus and subventricular zone","GTCACGGGTGTTGAGG",2110,4372,51,0.0116651418115279,"Unknown"
"GTCACGGGTTAAGGGC","SRA526435","SRS1915196","Mus musculus","10x chromium","Cortex, hippocampus and subventricular zone","GTCACGGGTTAAGGGC",185,8741,11,0.00125843724974259,"Erythroid-like and erythroid precursor cells"
"GTCACGGGTTACTGAC","SRA526435","SRS1915196","Mus musculus","10x chromium","Cortex, hippocampus and subventricular zone","GTCACGGGTTACTGAC",1511,2523,53,0.0210067380103052,"Unknown"
"GTCACGGGTTCTGTTT","SRA526435","SRS1915196","Mus musculus","10x chromium","Cortex, hippocampus and subventricular zone","GTCACGGGTTCTGTTT",2888,6418,76,0.0118416952321596,"Unknown"
"GTCACGGGTTGTGGCC","SRA526435","SRS1915196","Mus musculus","10x chromium","Cortex, hippocampus and subventricular zone","GTCACGGGTTGTGGCC",3454,9496,142,0.0149536647009267,"Unknown"
"GTCACGGTCAAACCGT","SRA526435","SRS1915196","Mus musculus","10x chromium","Cortex, hippocampus and subventricular zone","GTCACGGTCAAACCGT",2130,4278,46,0.010752688172043,"Unknown"
"GTCACGGTCTGGCGTG","SRA526435","SRS1915196","Mus musculus","10x chromium","Cortex, hippocampus and subventricular zone","GTCACGGTCTGGCGTG",2382,5284,72,0.0136260408781226,"Unknown"
"GTCATTTAGAAGGGTA","SRA526435","SRS1915196","Mus musculus","10x chromium","Cortex, hippocampus and subventricular zone","GTCATTTAGAAGGGTA",1635,3359,41,0.012206013694552,"Unknown"
"GTCATTTAGATATACG","SRA526435","SRS1915196","Mus musculus","10x chromium","Cortex, hippocampus and subventricular zone","GTCATTTAGATATACG",2693,6388,65,0.0101753287413901,"Unknown"
"GTCATTTAGCAGCGTA","SRA526435","SRS1915196","Mus musculus","10x chromium","Cortex, hippocampus and subventricular zone","GTCATTTAGCAGCGTA",1330,2231,35,0.0156880322725235,"Unknown"
"GTCATTTAGGAGTACC","SRA526435","SRS1915196","Mus musculus","10x chromium","Cortex, hippocampus and subventricular zone","GTCATTTAGGAGTACC",2530,5988,63,0.0105210420841683,"Unknown"
"GTCATTTAGTACGTAA","SRA526435","SRS1915196","Mus musculus","10x chromium","Cortex, hippocampus and subventricular zone","GTCATTTAGTACGTAA",3218,8373,82,0.00979338349456587,"Endothelial cells"
"GTCATTTCAACAACCT","SRA526435","SRS1915196","Mus musculus","10x chromium","Cortex, hippocampus and subventricular zone","GTCATTTCAACAACCT",2384,5109,85,0.0166373067136426,"Unknown"
"GTCATTTCAAGGTTTC","SRA526435","SRS1915196","Mus musculus","10x chromium","Cortex, hippocampus and subventricular zone","GTCATTTCAAGGTTTC",1638,3516,45,0.0127986348122867,"Unknown"
"GTCATTTCACACCGAC","SRA526435","SRS1915196","Mus musculus","10x chromium","Cortex, hippocampus and subventricular zone","GTCATTTCACACCGAC",2591,5829,92,0.0157831531995196,"Unknown"
"GTCATTTCACCATCCT","SRA526435","SRS1915196","Mus musculus","10x chromium","Cortex, hippocampus and subventricular zone","GTCATTTCACCATCCT",2897,6151,48,0.00780360916924077,"Unknown"
"GTCATTTCAGCTCCGA","SRA526435","SRS1915196","Mus musculus","10x chromium","Cortex, hippocampus and subventricular zone","GTCATTTCAGCTCCGA",81,2467,2,0.000810701256586948,"Erythroid-like and erythroid precursor cells"
"GTCATTTCATAGGATA","SRA526435","SRS1915196","Mus musculus","10x chromium","Cortex, hippocampus and subventricular zone","GTCATTTCATAGGATA",2359,5288,48,0.00907715582450832,"Unknown"
"GTCATTTCATCGATTG","SRA526435","SRS1915196","Mus musculus","10x chromium","Cortex, hippocampus and subventricular zone","GTCATTTCATCGATTG",2064,4109,39,0.00949136042832806,"Unknown"
"GTCATTTCATTTGCCC","SRA526435","SRS1915196","Mus musculus","10x chromium","Cortex, hippocampus and subventricular zone","GTCATTTCATTTGCCC",1678,3096,87,0.0281007751937985,"Unknown"
"GTCATTTGTAGCGCAA","SRA526435","SRS1915196","Mus musculus","10x chromium","Cortex, hippocampus and subventricular zone","GTCATTTGTAGCGCAA",2566,6405,114,0.0177985948477752,"Unknown"
"GTCATTTGTCCTCTTG","SRA526435","SRS1915196","Mus musculus","10x chromium","Cortex, hippocampus and subventricular zone","GTCATTTGTCCTCTTG",1673,2981,32,0.0107346528010735,"Unknown"
"GTCATTTGTGCAGGTA","SRA526435","SRS1915196","Mus musculus","10x chromium","Cortex, hippocampus and subventricular zone","GTCATTTGTGCAGGTA",2256,4394,79,0.0179790623577606,"Unknown"
"GTCATTTGTTGTCGCG","SRA526435","SRS1915196","Mus musculus","10x chromium","Cortex, hippocampus and subventricular zone","GTCATTTGTTGTCGCG",2980,6254,43,0.0068755996162456,"Unknown"
"GTCATTTTCAGAGACG","SRA526435","SRS1915196","Mus musculus","10x chromium","Cortex, hippocampus and subventricular zone","GTCATTTTCAGAGACG",2254,4720,63,0.0133474576271186,"Unknown"
"GTCATTTTCTAACTTC","SRA526435","SRS1915196","Mus musculus","10x chromium","Cortex, hippocampus and subventricular zone","GTCATTTTCTAACTTC",1890,4136,22,0.00531914893617021,"Unknown"
"GTCATTTTCTCCAACC","SRA526435","SRS1915196","Mus musculus","10x chromium","Cortex, hippocampus and subventricular zone","GTCATTTTCTCCAACC",1339,2236,41,0.0183363148479428,"Unknown"
"GTCATTTTCTGCTTGC","SRA526435","SRS1915196","Mus musculus","10x chromium","Cortex, hippocampus and subventricular zone","GTCATTTTCTGCTTGC",2031,4084,47,0.0115083251714006,"Unknown"
"GTCATTTTCTTACCGC","SRA526435","SRS1915196","Mus musculus","10x chromium","Cortex, hippocampus and subventricular zone","GTCATTTTCTTACCGC",2024,4853,84,0.0173088811044715,"Endothelial cells"
"GTCATTTTCTTGAGGT","SRA526435","SRS1915196","Mus musculus","10x chromium","Cortex, hippocampus and subventricular zone","GTCATTTTCTTGAGGT",820,1154,49,0.0424610051993068,"Unknown"
"GTCCTCAAGACTAGGC","SRA526435","SRS1915196","Mus musculus","10x chromium","Cortex, hippocampus and subventricular zone","GTCCTCAAGACTAGGC",168,2505,0,0,"Erythroid-like and erythroid precursor cells"
"GTCCTCAAGCCAGTTT","SRA526435","SRS1915196","Mus musculus","10x chromium","Cortex, hippocampus and subventricular zone","GTCCTCAAGCCAGTTT",3392,9204,144,0.015645371577575,"Unknown"
"GTCCTCAAGCGATCCC","SRA526435","SRS1915196","Mus musculus","10x chromium","Cortex, hippocampus and subventricular zone","GTCCTCAAGCGATCCC",1253,2155,47,0.0218097447795824,"Unknown"
"GTCCTCAAGGAATCGC","SRA526435","SRS1915196","Mus musculus","10x chromium","Cortex, hippocampus and subventricular zone","GTCCTCAAGGAATCGC",2548,7098,164,0.023105100028177,"Unknown"
"GTCCTCAAGTGACTCT","SRA526435","SRS1915196","Mus musculus","10x chromium","Cortex, hippocampus and subventricular zone","GTCCTCAAGTGACTCT",1571,3080,24,0.00779220779220779,"Unknown"
"GTCCTCAAGTGCGATG","SRA526435","SRS1915196","Mus musculus","10x chromium","Cortex, hippocampus and subventricular zone","GTCCTCAAGTGCGATG",1751,3409,36,0.0105602816075095,"Unknown"
"GTCCTCACAACCGCCA","SRA526435","SRS1915196","Mus musculus","10x chromium","Cortex, hippocampus and subventricular zone","GTCCTCACAACCGCCA",2972,6481,65,0.0100293164635087,"Cajal-Retzius cells"
"GTCCTCACAAGAAAGG","SRA526435","SRS1915196","Mus musculus","10x chromium","Cortex, hippocampus and subventricular zone","GTCCTCACAAGAAAGG",2671,6301,79,0.0125376924297731,"Unknown"
"GTCCTCACAATGTAAG","SRA526435","SRS1915196","Mus musculus","10x chromium","Cortex, hippocampus and subventricular zone","GTCCTCACAATGTAAG",2098,4026,53,0.0131644311972181,"Unknown"
"GTCCTCACACCAGATT","SRA526435","SRS1915196","Mus musculus","10x chromium","Cortex, hippocampus and subventricular zone","GTCCTCACACCAGATT",2665,6453,75,0.0116225011622501,"Unknown"
"GTCCTCACACCATGTA","SRA526435","SRS1915196","Mus musculus","10x chromium","Cortex, hippocampus and subventricular zone","GTCCTCACACCATGTA",2060,4206,50,0.011887779362815,"Unknown"
"GTCCTCACATGGGAAC","SRA526435","SRS1915196","Mus musculus","10x chromium","Cortex, hippocampus and subventricular zone","GTCCTCACATGGGAAC",1261,1957,43,0.0219724067450179,"Unknown"
"GTCCTCAGTACTCGCG","SRA526435","SRS1915196","Mus musculus","10x chromium","Cortex, hippocampus and subventricular zone","GTCCTCAGTACTCGCG",4182,11349,177,0.0155960877610362,"Endothelial cells"
"GTCCTCAGTGCTCTTC","SRA526435","SRS1915196","Mus musculus","10x chromium","Cortex, hippocampus and subventricular zone","GTCCTCAGTGCTCTTC",2731,6375,40,0.00627450980392157,"Unknown"
"GTCCTCAGTGTTTGGT","SRA526435","SRS1915196","Mus musculus","10x chromium","Cortex, hippocampus and subventricular zone","GTCCTCAGTGTTTGGT",691,1166,5,0.00428816466552316,"Unknown"
"GTCCTCAGTTACGGAG","SRA526435","SRS1915196","Mus musculus","10x chromium","Cortex, hippocampus and subventricular zone","GTCCTCAGTTACGGAG",3800,11157,122,0.0109348391144573,"Unknown"
"GTCCTCAGTTAGGGTG","SRA526435","SRS1915196","Mus musculus","10x chromium","Cortex, hippocampus and subventricular zone","GTCCTCAGTTAGGGTG",1678,3111,61,0.0196078431372549,"Unknown"
"GTCCTCAGTTGCCTCT","SRA526435","SRS1915196","Mus musculus","10x chromium","Cortex, hippocampus and subventricular zone","GTCCTCAGTTGCCTCT",3421,9275,81,0.00873315363881402,"Unknown"
"GTCCTCATCACCCGAG","SRA526435","SRS1915196","Mus musculus","10x chromium","Cortex, hippocampus and subventricular zone","GTCCTCATCACCCGAG",1849,3628,39,0.0107497243660419,"Unknown"
"GTCCTCATCCACGAAT","SRA526435","SRS1915196","Mus musculus","10x chromium","Cortex, hippocampus and subventricular zone","GTCCTCATCCACGAAT",1716,5569,89,0.0159813251930329,"Microglia"
"GTCCTCATCCTAGTGA","SRA526435","SRS1915196","Mus musculus","10x chromium","Cortex, hippocampus and subventricular zone","GTCCTCATCCTAGTGA",1437,2598,23,0.00885296381832179,"Unknown"
"GTCCTCATCGGATGGA","SRA526435","SRS1915196","Mus musculus","10x chromium","Cortex, hippocampus and subventricular zone","GTCCTCATCGGATGGA",2141,4303,80,0.0185916802231002,"Unknown"
"GTCCTCATCTCACATT","SRA526435","SRS1915196","Mus musculus","10x chromium","Cortex, hippocampus and subventricular zone","GTCCTCATCTCACATT",2219,4363,54,0.012376804950722,"Unknown"
"GTCCTCATCTTACCTA","SRA526435","SRS1915196","Mus musculus","10x chromium","Cortex, hippocampus and subventricular zone","GTCCTCATCTTACCTA",2326,4767,55,0.0115376547094609,"Unknown"
"GTCGGGTAGATGTTAG","SRA526435","SRS1915196","Mus musculus","10x chromium","Cortex, hippocampus and subventricular zone","GTCGGGTAGATGTTAG",2686,6233,90,0.0144392748275309,"Unknown"
"GTCGGGTAGCACAGGT","SRA526435","SRS1915196","Mus musculus","10x chromium","Cortex, hippocampus and subventricular zone","GTCGGGTAGCACAGGT",1230,2038,29,0.0142296368989205,"Unknown"
"GTCGGGTAGGATGTAT","SRA526435","SRS1915196","Mus musculus","10x chromium","Cortex, hippocampus and subventricular zone","GTCGGGTAGGATGTAT",2136,4569,93,0.0203545633617859,"Unknown"
"GTCGGGTAGGTGCACA","SRA526435","SRS1915196","Mus musculus","10x chromium","Cortex, hippocampus and subventricular zone","GTCGGGTAGGTGCACA",894,1521,28,0.0184089414858646,"Unknown"
"GTCGGGTCAGACGCAA","SRA526435","SRS1915196","Mus musculus","10x chromium","Cortex, hippocampus and subventricular zone","GTCGGGTCAGACGCAA",1710,3114,38,0.0122029543994862,"Unknown"
"GTCGGGTCAGAGCCAA","SRA526435","SRS1915196","Mus musculus","10x chromium","Cortex, hippocampus and subventricular zone","GTCGGGTCAGAGCCAA",1425,2617,50,0.019105846388995,"Unknown"
"GTCGGGTCATCCGCGA","SRA526435","SRS1915196","Mus musculus","10x chromium","Cortex, hippocampus and subventricular zone","GTCGGGTCATCCGCGA",4097,12277,94,0.00765659363036572,"Unknown"
"GTCGGGTGTAATCACC","SRA526435","SRS1915196","Mus musculus","10x chromium","Cortex, hippocampus and subventricular zone","GTCGGGTGTAATCACC",1504,2580,27,0.0104651162790698,"Unknown"
"GTCGGGTGTAGAAAGG","SRA526435","SRS1915196","Mus musculus","10x chromium","Cortex, hippocampus and subventricular zone","GTCGGGTGTAGAAAGG",2085,4043,49,0.0121197130843433,"Unknown"
"GTCGGGTGTCAACTGT","SRA526435","SRS1915196","Mus musculus","10x chromium","Cortex, hippocampus and subventricular zone","GTCGGGTGTCAACTGT",1940,3685,56,0.0151967435549525,"Unknown"
"GTCGGGTGTCTTTCAT","SRA526435","SRS1915196","Mus musculus","10x chromium","Cortex, hippocampus and subventricular zone","GTCGGGTGTCTTTCAT",2194,4975,74,0.0148743718592965,"Unknown"
"GTCGGGTGTGTTAAGA","SRA526435","SRS1915196","Mus musculus","10x chromium","Cortex, hippocampus and subventricular zone","GTCGGGTGTGTTAAGA",1797,3550,37,0.0104225352112676,"Unknown"
"GTCGGGTGTTACGACT","SRA526435","SRS1915196","Mus musculus","10x chromium","Cortex, hippocampus and subventricular zone","GTCGGGTGTTACGACT",1977,3800,34,0.00894736842105263,"Unknown"
"GTCGGGTTCGATGAGG","SRA526435","SRS1915196","Mus musculus","10x chromium","Cortex, hippocampus and subventricular zone","GTCGGGTTCGATGAGG",1606,2984,57,0.0191018766756032,"Unknown"
"GTCGGGTTCGCGCCAA","SRA526435","SRS1915196","Mus musculus","10x chromium","Cortex, hippocampus and subventricular zone","GTCGGGTTCGCGCCAA",977,1538,82,0.0533159947984395,"Unknown"
"GTCGGGTTCTCCTATA","SRA526435","SRS1915196","Mus musculus","10x chromium","Cortex, hippocampus and subventricular zone","GTCGGGTTCTCCTATA",1485,2593,49,0.018897030466641,"Unknown"
"GTCGTAAAGAAACCGC","SRA526435","SRS1915196","Mus musculus","10x chromium","Cortex, hippocampus and subventricular zone","GTCGTAAAGAAACCGC",96,3936,2,0.000508130081300813,"Erythroid-like and erythroid precursor cells"
"GTCGTAAAGCCACCTG","SRA526435","SRS1915196","Mus musculus","10x chromium","Cortex, hippocampus and subventricular zone","GTCGTAAAGCCACCTG",2853,6085,52,0.0085456039441249,"Cajal-Retzius cells"
"GTCGTAAAGGACAGAA","SRA526435","SRS1915196","Mus musculus","10x chromium","Cortex, hippocampus and subventricular zone","GTCGTAAAGGACAGAA",2145,4461,48,0.0107599193006052,"Unknown"
"GTCGTAAAGTAACCCT","SRA526435","SRS1915196","Mus musculus","10x chromium","Cortex, hippocampus and subventricular zone","GTCGTAAAGTAACCCT",1947,3724,27,0.00725026852846402,"Unknown"
"GTCGTAAAGTAGGCCA","SRA526435","SRS1915196","Mus musculus","10x chromium","Cortex, hippocampus and subventricular zone","GTCGTAAAGTAGGCCA",2032,4056,60,0.014792899408284,"Unknown"
"GTCGTAAAGTCTCGGC","SRA526435","SRS1915196","Mus musculus","10x chromium","Cortex, hippocampus and subventricular zone","GTCGTAAAGTCTCGGC",1620,3094,49,0.0158371040723982,"Unknown"
"GTCGTAAAGTTCGCAT","SRA526435","SRS1915196","Mus musculus","10x chromium","Cortex, hippocampus and subventricular zone","GTCGTAAAGTTCGCAT",1590,2867,41,0.0143006627136379,"Unknown"
"GTCGTAACAAAGGAAG","SRA526435","SRS1915196","Mus musculus","10x chromium","Cortex, hippocampus and subventricular zone","GTCGTAACAAAGGAAG",1624,3075,29,0.00943089430894309,"Unknown"
"GTCGTAACAAGCCATT","SRA526435","SRS1915196","Mus musculus","10x chromium","Cortex, hippocampus and subventricular zone","GTCGTAACAAGCCATT",3460,8103,96,0.0118474639022584,"Endothelial cells"
"GTCGTAACAATAGCGG","SRA526435","SRS1915196","Mus musculus","10x chromium","Cortex, hippocampus and subventricular zone","GTCGTAACAATAGCGG",1794,3095,40,0.012924071082391,"Unknown"
"GTCGTAACAGAAGCAC","SRA526435","SRS1915196","Mus musculus","10x chromium","Cortex, hippocampus and subventricular zone","GTCGTAACAGAAGCAC",1720,3234,96,0.0296846011131725,"Unknown"
"GTCGTAACAGATGAGC","SRA526435","SRS1915196","Mus musculus","10x chromium","Cortex, hippocampus and subventricular zone","GTCGTAACAGATGAGC",861,1325,4,0.0030188679245283,"Unknown"
"GTCGTAACAGCTCGCA","SRA526435","SRS1915196","Mus musculus","10x chromium","Cortex, hippocampus and subventricular zone","GTCGTAACAGCTCGCA",1325,2216,23,0.0103790613718412,"Unknown"
"GTCGTAACATCGACGC","SRA526435","SRS1915196","Mus musculus","10x chromium","Cortex, hippocampus and subventricular zone","GTCGTAACATCGACGC",960,1466,80,0.0545702592087312,"Unknown"
"GTCGTAACATTAGGCT","SRA526435","SRS1915196","Mus musculus","10x chromium","Cortex, hippocampus and subventricular zone","GTCGTAACATTAGGCT",2385,5147,87,0.0169030503205751,"Unknown"
"GTCGTAACATTGTGCA","SRA526435","SRS1915196","Mus musculus","10x chromium","Cortex, hippocampus and subventricular zone","GTCGTAACATTGTGCA",1437,2645,44,0.0166351606805293,"Unknown"
"GTCGTAAGTTACGTCA","SRA526435","SRS1915196","Mus musculus","10x chromium","Cortex, hippocampus and subventricular zone","GTCGTAAGTTACGTCA",1888,3643,33,0.00905846829536097,"Unknown"
"GTCGTAAGTTATCCGA","SRA526435","SRS1915196","Mus musculus","10x chromium","Cortex, hippocampus and subventricular zone","GTCGTAAGTTATCCGA",1823,3672,47,0.0127995642701525,"Unknown"
"GTCGTAAGTTCCCGAG","SRA526435","SRS1915196","Mus musculus","10x chromium","Cortex, hippocampus and subventricular zone","GTCGTAAGTTCCCGAG",1240,2303,14,0.0060790273556231,"Unknown"
"GTCGTAATCACATACG","SRA526435","SRS1915196","Mus musculus","10x chromium","Cortex, hippocampus and subventricular zone","GTCGTAATCACATACG",66,1101,8,0.0072661217075386,"Erythroid-like and erythroid precursor cells"
"GTCGTAATCATGCTCC","SRA526435","SRS1915196","Mus musculus","10x chromium","Cortex, hippocampus and subventricular zone","GTCGTAATCATGCTCC",1836,4120,61,0.0148058252427184,"Unknown"
"GTCGTAATCCCTGACT","SRA526435","SRS1915196","Mus musculus","10x chromium","Cortex, hippocampus and subventricular zone","GTCGTAATCCCTGACT",3870,10997,187,0.0170046376284441,"Endothelial cells"
"GTCGTAATCCCTTGTG","SRA526435","SRS1915196","Mus musculus","10x chromium","Cortex, hippocampus and subventricular zone","GTCGTAATCCCTTGTG",1763,3418,51,0.0149210064365126,"Unknown"
"GTCGTAATCCTCTAGC","SRA526435","SRS1915196","Mus musculus","10x chromium","Cortex, hippocampus and subventricular zone","GTCGTAATCCTCTAGC",1219,2017,25,0.0123946455131383,"Unknown"
"GTCGTAATCGCCCTTA","SRA526435","SRS1915196","Mus musculus","10x chromium","Cortex, hippocampus and subventricular zone","GTCGTAATCGCCCTTA",1748,3058,66,0.0215827338129496,"Unknown"
"GTCGTAATCTCAAGTG","SRA526435","SRS1915196","Mus musculus","10x chromium","Cortex, hippocampus and subventricular zone","GTCGTAATCTCAAGTG",1796,3807,56,0.0147097452061991,"Unknown"
"GTCTCGTAGAGTTGGC","SRA526435","SRS1915196","Mus musculus","10x chromium","Cortex, hippocampus and subventricular zone","GTCTCGTAGAGTTGGC",2647,5894,81,0.0137427892772311,"Unknown"
"GTCTCGTAGCACAGGT","SRA526435","SRS1915196","Mus musculus","10x chromium","Cortex, hippocampus and subventricular zone","GTCTCGTAGCACAGGT",1809,3691,67,0.0181522622595503,"Unknown"
"GTCTCGTAGCAGGTCA","SRA526435","SRS1915196","Mus musculus","10x chromium","Cortex, hippocampus and subventricular zone","GTCTCGTAGCAGGTCA",1159,1688,18,0.0106635071090047,"Unknown"
"GTCTCGTAGCTGCGAA","SRA526435","SRS1915196","Mus musculus","10x chromium","Cortex, hippocampus and subventricular zone","GTCTCGTAGCTGCGAA",1313,2116,22,0.0103969754253308,"Unknown"
"GTCTCGTAGGCTCAGA","SRA526435","SRS1915196","Mus musculus","10x chromium","Cortex, hippocampus and subventricular zone","GTCTCGTAGGCTCAGA",1774,3274,60,0.0183262064752596,"Unknown"
"GTCTCGTAGTAATCCC","SRA526435","SRS1915196","Mus musculus","10x chromium","Cortex, hippocampus and subventricular zone","GTCTCGTAGTAATCCC",2602,5928,55,0.00927800269905533,"Unknown"
"GTCTCGTAGTACACCT","SRA526435","SRS1915196","Mus musculus","10x chromium","Cortex, hippocampus and subventricular zone","GTCTCGTAGTACACCT",1884,4323,78,0.0180430256766135,"Endothelial cells"
"GTCTCGTAGTCTCCTC","SRA526435","SRS1915196","Mus musculus","10x chromium","Cortex, hippocampus and subventricular zone","GTCTCGTAGTCTCCTC",2261,4945,47,0.00950455005055612,"Unknown"
"GTCTCGTAGTGTCCCG","SRA526435","SRS1915196","Mus musculus","10x chromium","Cortex, hippocampus and subventricular zone","GTCTCGTAGTGTCCCG",1548,2862,49,0.017120894479385,"Unknown"
"GTCTCGTCAAGAGTCG","SRA526435","SRS1915196","Mus musculus","10x chromium","Cortex, hippocampus and subventricular zone","GTCTCGTCAAGAGTCG",2289,5136,56,0.0109034267912773,"Unknown"
"GTCTCGTCAATAGCAA","SRA526435","SRS1915196","Mus musculus","10x chromium","Cortex, hippocampus and subventricular zone","GTCTCGTCAATAGCAA",5890,25956,320,0.0123285560178764,"Endothelial cells"
"GTCTCGTCAATGGATA","SRA526435","SRS1915196","Mus musculus","10x chromium","Cortex, hippocampus and subventricular zone","GTCTCGTCAATGGATA",2388,4862,48,0.00987248046071575,"Unknown"
"GTCTCGTCACACCGAC","SRA526435","SRS1915196","Mus musculus","10x chromium","Cortex, hippocampus and subventricular zone","GTCTCGTCACACCGAC",2479,5242,62,0.0118275467378863,"Unknown"
"GTCTCGTCACCATGTA","SRA526435","SRS1915196","Mus musculus","10x chromium","Cortex, hippocampus and subventricular zone","GTCTCGTCACCATGTA",2459,5336,57,0.0106821589205397,"Unknown"
"GTCTCGTCATGCAACT","SRA526435","SRS1915196","Mus musculus","10x chromium","Cortex, hippocampus and subventricular zone","GTCTCGTCATGCAACT",1560,2705,49,0.0181146025878004,"Unknown"
"GTCTCGTGTCACTGGC","SRA526435","SRS1915196","Mus musculus","10x chromium","Cortex, hippocampus and subventricular zone","GTCTCGTGTCACTGGC",2186,4310,54,0.0125290023201856,"Unknown"
"GTCTCGTGTCAGCTAT","SRA526435","SRS1915196","Mus musculus","10x chromium","Cortex, hippocampus and subventricular zone","GTCTCGTGTCAGCTAT",1896,3440,22,0.0063953488372093,"Unknown"
"GTCTCGTGTCCGAACC","SRA526435","SRS1915196","Mus musculus","10x chromium","Cortex, hippocampus and subventricular zone","GTCTCGTGTCCGAACC",1403,2648,44,0.0166163141993958,"Unknown"
"GTCTCGTGTGATAAAC","SRA526435","SRS1915196","Mus musculus","10x chromium","Cortex, hippocampus and subventricular zone","GTCTCGTGTGATAAAC",2141,4313,56,0.0129840018548574,"Unknown"
"GTCTCGTGTGCTCTTC","SRA526435","SRS1915196","Mus musculus","10x chromium","Cortex, hippocampus and subventricular zone","GTCTCGTGTGCTCTTC",2021,4216,69,0.0163662239089184,"Unknown"
"GTCTCGTGTGTCGCTG","SRA526435","SRS1915196","Mus musculus","10x chromium","Cortex, hippocampus and subventricular zone","GTCTCGTGTGTCGCTG",2962,7414,81,0.0109252765039115,"Unknown"
"GTCTCGTGTGTTTGTG","SRA526435","SRS1915196","Mus musculus","10x chromium","Cortex, hippocampus and subventricular zone","GTCTCGTGTGTTTGTG",2285,5000,65,0.013,"Unknown"
"GTCTCGTGTTACAGAA","SRA526435","SRS1915196","Mus musculus","10x chromium","Cortex, hippocampus and subventricular zone","GTCTCGTGTTACAGAA",1415,2456,38,0.0154723127035831,"Unknown"
"GTCTCGTTCAAACCAC","SRA526435","SRS1915196","Mus musculus","10x chromium","Cortex, hippocampus and subventricular zone","GTCTCGTTCAAACCAC",2409,5362,88,0.0164117866467736,"Unknown"
"GTCTCGTTCTAGCACA","SRA526435","SRS1915196","Mus musculus","10x chromium","Cortex, hippocampus and subventricular zone","GTCTCGTTCTAGCACA",1248,1725,38,0.0220289855072464,"Unknown"
"GTCTCGTTCTCCTATA","SRA526435","SRS1915196","Mus musculus","10x chromium","Cortex, hippocampus and subventricular zone","GTCTCGTTCTCCTATA",2033,4104,50,0.0121832358674464,"Unknown"
"GTCTTCGAGAAACCTA","SRA526435","SRS1915196","Mus musculus","10x chromium","Cortex, hippocampus and subventricular zone","GTCTTCGAGAAACCTA",4110,12291,151,0.0122854120901473,"Unknown"
"GTCTTCGAGAACAACT","SRA526435","SRS1915196","Mus musculus","10x chromium","Cortex, hippocampus and subventricular zone","GTCTTCGAGAACAACT",1541,2752,4,0.00145348837209302,"Unknown"
"GTCTTCGAGATCCCGC","SRA526435","SRS1915196","Mus musculus","10x chromium","Cortex, hippocampus and subventricular zone","GTCTTCGAGATCCCGC",895,1397,30,0.0214745884037223,"Unknown"
"GTCTTCGAGATGCCTT","SRA526435","SRS1915196","Mus musculus","10x chromium","Cortex, hippocampus and subventricular zone","GTCTTCGAGATGCCTT",1667,3283,55,0.0167529698446543,"Unknown"
"GTCTTCGAGATTACCC","SRA526435","SRS1915196","Mus musculus","10x chromium","Cortex, hippocampus and subventricular zone","GTCTTCGAGATTACCC",3788,10300,128,0.0124271844660194,"Unknown"
"GTCTTCGAGCTAGGCA","SRA526435","SRS1915196","Mus musculus","10x chromium","Cortex, hippocampus and subventricular zone","GTCTTCGAGCTAGGCA",3389,12394,102,0.00822978860739067,"Unknown"
"GTCTTCGAGGACAGCT","SRA526435","SRS1915196","Mus musculus","10x chromium","Cortex, hippocampus and subventricular zone","GTCTTCGAGGACAGCT",2609,6214,86,0.0138397167685871,"Unknown"
"GTCTTCGAGTGAACGC","SRA526435","SRS1915196","Mus musculus","10x chromium","Cortex, hippocampus and subventricular zone","GTCTTCGAGTGAACGC",141,2478,11,0.00443906376109766,"Erythroid-like and erythroid precursor cells"
"GTCTTCGAGTGTCCCG","SRA526435","SRS1915196","Mus musculus","10x chromium","Cortex, hippocampus and subventricular zone","GTCTTCGAGTGTCCCG",1703,3135,47,0.0149920255183413,"Unknown"
"GTCTTCGCAGCATACT","SRA526435","SRS1915196","Mus musculus","10x chromium","Cortex, hippocampus and subventricular zone","GTCTTCGCAGCATACT",2630,5935,106,0.017860151642797,"Unknown"
"GTCTTCGCAGCCACCA","SRA526435","SRS1915196","Mus musculus","10x chromium","Cortex, hippocampus and subventricular zone","GTCTTCGCAGCCACCA",3237,8729,121,0.0138618398441975,"Unknown"
"GTCTTCGCATCACCCT","SRA526435","SRS1915196","Mus musculus","10x chromium","Cortex, hippocampus and subventricular zone","GTCTTCGCATCACCCT",1912,3429,43,0.0125400991542724,"Unknown"
"GTCTTCGCATCCAACA","SRA526435","SRS1915196","Mus musculus","10x chromium","Cortex, hippocampus and subventricular zone","GTCTTCGCATCCAACA",2725,6326,79,0.0124881441669301,"Unknown"
"GTCTTCGCATGGGAAC","SRA526435","SRS1915196","Mus musculus","10x chromium","Cortex, hippocampus and subventricular zone","GTCTTCGCATGGGAAC",1577,2918,6,0.00205620287868403,"Unknown"
"GTCTTCGGTAAGGGCT","SRA526435","SRS1915196","Mus musculus","10x chromium","Cortex, hippocampus and subventricular zone","GTCTTCGGTAAGGGCT",1491,2773,45,0.0162279120086549,"Unknown"
"GTCTTCGGTGCACGAA","SRA526435","SRS1915196","Mus musculus","10x chromium","Cortex, hippocampus and subventricular zone","GTCTTCGGTGCACGAA",1557,2887,47,0.0162798753030828,"Unknown"
"GTCTTCGGTGTGCCTG","SRA526435","SRS1915196","Mus musculus","10x chromium","Cortex, hippocampus and subventricular zone","GTCTTCGGTGTGCCTG",2539,6056,63,0.0104029062087186,"Unknown"
"GTCTTCGTCGGTGTCG","SRA526435","SRS1915196","Mus musculus","10x chromium","Cortex, hippocampus and subventricular zone","GTCTTCGTCGGTGTCG",2036,3912,19,0.00485685071574642,"Unknown"
"GTCTTCGTCGGTTAAC","SRA526435","SRS1915196","Mus musculus","10x chromium","Cortex, hippocampus and subventricular zone","GTCTTCGTCGGTTAAC",4417,16893,159,0.00941218256082401,"Unknown"
"GTCTTCGTCTGCTTGC","SRA526435","SRS1915196","Mus musculus","10x chromium","Cortex, hippocampus and subventricular zone","GTCTTCGTCTGCTTGC",3332,8721,114,0.0130718954248366,"Unknown"
"GTGAAGGAGAGCCTAG","SRA526435","SRS1915196","Mus musculus","10x chromium","Cortex, hippocampus and subventricular zone","GTGAAGGAGAGCCTAG",2063,4130,63,0.0152542372881356,"Unknown"
"GTGAAGGAGGTGTTAA","SRA526435","SRS1915196","Mus musculus","10x chromium","Cortex, hippocampus and subventricular zone","GTGAAGGAGGTGTTAA",3804,10929,137,0.0125354561259036,"Unknown"
"GTGAAGGAGTATTGGA","SRA526435","SRS1915196","Mus musculus","10x chromium","Cortex, hippocampus and subventricular zone","GTGAAGGAGTATTGGA",1322,2263,59,0.0260715863897481,"Unknown"
"GTGAAGGCACAAGCCC","SRA526435","SRS1915196","Mus musculus","10x chromium","Cortex, hippocampus and subventricular zone","GTGAAGGCACAAGCCC",801,1340,24,0.017910447761194,"Unknown"
"GTGAAGGCACCAACCG","SRA526435","SRS1915196","Mus musculus","10x chromium","Cortex, hippocampus and subventricular zone","GTGAAGGCACCAACCG",2275,4656,56,0.0120274914089347,"Unknown"
"GTGAAGGCAGCTGCTG","SRA526435","SRS1915196","Mus musculus","10x chromium","Cortex, hippocampus and subventricular zone","GTGAAGGCAGCTGCTG",2467,5309,74,0.0139385948389527,"Unknown"
"GTGAAGGGTAGCGCTC","SRA526435","SRS1915196","Mus musculus","10x chromium","Cortex, hippocampus and subventricular zone","GTGAAGGGTAGCGCTC",2092,4123,47,0.0113994664079554,"Unknown"
"GTGAAGGGTCAAGCGA","SRA526435","SRS1915196","Mus musculus","10x chromium","Cortex, hippocampus and subventricular zone","GTGAAGGGTCAAGCGA",1559,2621,53,0.0202212895841282,"Pericytes"
"GTGAAGGGTCATATGC","SRA526435","SRS1915196","Mus musculus","10x chromium","Cortex, hippocampus and subventricular zone","GTGAAGGGTCATATGC",2197,4292,56,0.0130475302889096,"Unknown"
"GTGAAGGGTCCGAAGA","SRA526435","SRS1915196","Mus musculus","10x chromium","Cortex, hippocampus and subventricular zone","GTGAAGGGTCCGAAGA",2023,3955,44,0.0111251580278129,"Unknown"
"GTGAAGGGTCTGCGGT","SRA526435","SRS1915196","Mus musculus","10x chromium","Cortex, hippocampus and subventricular zone","GTGAAGGGTCTGCGGT",2572,5711,74,0.0129574505340571,"Unknown"
"GTGAAGGGTGGTGTAG","SRA526435","SRS1915196","Mus musculus","10x chromium","Cortex, hippocampus and subventricular zone","GTGAAGGGTGGTGTAG",1800,3206,156,0.0486587648159701,"Cajal-Retzius cells"
"GTGAAGGGTGTTGGGA","SRA526435","SRS1915196","Mus musculus","10x chromium","Cortex, hippocampus and subventricular zone","GTGAAGGGTGTTGGGA",1973,3955,89,0.0225031605562579,"Unknown"
"GTGAAGGTCAACCATG","SRA526435","SRS1915196","Mus musculus","10x chromium","Cortex, hippocampus and subventricular zone","GTGAAGGTCAACCATG",1442,2572,42,0.0163297045101089,"Unknown"
"GTGAAGGTCATGGTCA","SRA526435","SRS1915196","Mus musculus","10x chromium","Cortex, hippocampus and subventricular zone","GTGAAGGTCATGGTCA",1236,2056,93,0.0452334630350195,"Unknown"
"GTGAAGGTCGTTACAG","SRA526435","SRS1915196","Mus musculus","10x chromium","Cortex, hippocampus and subventricular zone","GTGAAGGTCGTTACAG",871,1538,76,0.0494148244473342,"Unknown"
"GTGCAGCAGCGTGTCC","SRA526435","SRS1915196","Mus musculus","10x chromium","Cortex, hippocampus and subventricular zone","GTGCAGCAGCGTGTCC",1665,2857,72,0.0252012600630032,"Pericytes"
"GTGCAGCAGGTGCAAC","SRA526435","SRS1915196","Mus musculus","10x chromium","Cortex, hippocampus and subventricular zone","GTGCAGCAGGTGCAAC",1908,3479,59,0.0169588962345502,"Unknown"
"GTGCAGCAGTGGTCCC","SRA526435","SRS1915196","Mus musculus","10x chromium","Cortex, hippocampus and subventricular zone","GTGCAGCAGTGGTCCC",1529,2666,30,0.0112528132033008,"Unknown"
"GTGCAGCCAAATCCGT","SRA526435","SRS1915196","Mus musculus","10x chromium","Cortex, hippocampus and subventricular zone","GTGCAGCCAAATCCGT",2565,5662,13,0.00229600847756976,"Unknown"
"GTGCAGCGTATATCCG","SRA526435","SRS1915196","Mus musculus","10x chromium","Cortex, hippocampus and subventricular zone","GTGCAGCGTATATCCG",2558,5854,81,0.0138366928595832,"Unknown"
"GTGCAGCGTATCACCA","SRA526435","SRS1915196","Mus musculus","10x chromium","Cortex, hippocampus and subventricular zone","GTGCAGCGTATCACCA",2083,4217,57,0.0135167180460043,"Unknown"
"GTGCAGCTCCACGCAG","SRA526435","SRS1915196","Mus musculus","10x chromium","Cortex, hippocampus and subventricular zone","GTGCAGCTCCACGCAG",3226,8381,87,0.0103806228373702,"Unknown"
"GTGCAGCTCCTAAGTG","SRA526435","SRS1915196","Mus musculus","10x chromium","Cortex, hippocampus and subventricular zone","GTGCAGCTCCTAAGTG",2006,4037,55,0.0136239782016349,"Unknown"
"GTGCAGCTCCTAGTGA","SRA526435","SRS1915196","Mus musculus","10x chromium","Cortex, hippocampus and subventricular zone","GTGCAGCTCCTAGTGA",1982,3697,87,0.0235325939951312,"Unknown"
"GTGCAGCTCTGGCGAC","SRA526435","SRS1915196","Mus musculus","10x chromium","Cortex, hippocampus and subventricular zone","GTGCAGCTCTGGCGAC",2214,5129,81,0.0157925521544161,"Endothelial cells"
"GTGCATAAGAAGATTC","SRA526435","SRS1915196","Mus musculus","10x chromium","Cortex, hippocampus and subventricular zone","GTGCATAAGAAGATTC",2686,6549,96,0.0146587265231333,"Unknown"
"GTGCATAAGACTAAGT","SRA526435","SRS1915196","Mus musculus","10x chromium","Cortex, hippocampus and subventricular zone","GTGCATAAGACTAAGT",1233,2124,42,0.019774011299435,"Unknown"
"GTGCATAAGAGGTAGA","SRA526435","SRS1915196","Mus musculus","10x chromium","Cortex, hippocampus and subventricular zone","GTGCATAAGAGGTAGA",2696,6708,153,0.0228085867620751,"Unknown"
"GTGCATAAGGATATAC","SRA526435","SRS1915196","Mus musculus","10x chromium","Cortex, hippocampus and subventricular zone","GTGCATAAGGATATAC",2287,4950,52,0.0105050505050505,"Unknown"
"GTGCATAAGTGTACCT","SRA526435","SRS1915196","Mus musculus","10x chromium","Cortex, hippocampus and subventricular zone","GTGCATAAGTGTACCT",1786,3603,88,0.0244240910352484,"Unknown"
"GTGCATAAGTTTAGGA","SRA526435","SRS1915196","Mus musculus","10x chromium","Cortex, hippocampus and subventricular zone","GTGCATAAGTTTAGGA",1812,3405,19,0.00558002936857562,"Unknown"
"GTGCATACAAGAAGAG","SRA526435","SRS1915196","Mus musculus","10x chromium","Cortex, hippocampus and subventricular zone","GTGCATACAAGAAGAG",830,1237,95,0.0767987065481002,"Unknown"
"GTGCATACACCTCGGA","SRA526435","SRS1915196","Mus musculus","10x chromium","Cortex, hippocampus and subventricular zone","GTGCATACACCTCGGA",1828,3749,35,0.00933582288610296,"Unknown"
"GTGCATACACGAAGCA","SRA526435","SRS1915196","Mus musculus","10x chromium","Cortex, hippocampus and subventricular zone","GTGCATACACGAAGCA",1576,2816,19,0.00674715909090909,"Unknown"
"GTGCATACAGTATAAG","SRA526435","SRS1915196","Mus musculus","10x chromium","Cortex, hippocampus and subventricular zone","GTGCATACAGTATAAG",2264,5128,54,0.0105304212168487,"Unknown"
"GTGCATAGTACCCAAT","SRA526435","SRS1915196","Mus musculus","10x chromium","Cortex, hippocampus and subventricular zone","GTGCATAGTACCCAAT",1410,2500,42,0.0168,"Unknown"
"GTGCATAGTACTTCTT","SRA526435","SRS1915196","Mus musculus","10x chromium","Cortex, hippocampus and subventricular zone","GTGCATAGTACTTCTT",2916,7622,79,0.0103647336657045,"Unknown"
"GTGCATAGTCACTGGC","SRA526435","SRS1915196","Mus musculus","10x chromium","Cortex, hippocampus and subventricular zone","GTGCATAGTCACTGGC",1146,1727,34,0.0196873190503764,"Unknown"
"GTGCATAGTCGCGGTT","SRA526435","SRS1915196","Mus musculus","10x chromium","Cortex, hippocampus and subventricular zone","GTGCATAGTCGCGGTT",2974,6751,33,0.00488816471633832,"Unknown"
"GTGCATAGTGGACGAT","SRA526435","SRS1915196","Mus musculus","10x chromium","Cortex, hippocampus and subventricular zone","GTGCATAGTGGACGAT",1874,3484,34,0.00975889781859931,"Unknown"
"GTGCATAGTGTGAAAT","SRA526435","SRS1915196","Mus musculus","10x chromium","Cortex, hippocampus and subventricular zone","GTGCATAGTGTGAAAT",1831,3286,70,0.0213024954351795,"Unknown"
"GTGCATATCAACTCTT","SRA526435","SRS1915196","Mus musculus","10x chromium","Cortex, hippocampus and subventricular zone","GTGCATATCAACTCTT",2771,6922,42,0.00606761051719156,"Unknown"
"GTGCATATCCTCAATT","SRA526435","SRS1915196","Mus musculus","10x chromium","Cortex, hippocampus and subventricular zone","GTGCATATCCTCAATT",2743,6624,66,0.00996376811594203,"Unknown"
"GTGCATATCGAGGTAG","SRA526435","SRS1915196","Mus musculus","10x chromium","Cortex, hippocampus and subventricular zone","GTGCATATCGAGGTAG",1691,3310,39,0.0117824773413897,"Unknown"
"GTGCGGTAGAAGCCCA","SRA526435","SRS1915196","Mus musculus","10x chromium","Cortex, hippocampus and subventricular zone","GTGCGGTAGAAGCCCA",2065,4189,59,0.0140845070422535,"Unknown"
"GTGCGGTAGACACGAC","SRA526435","SRS1915196","Mus musculus","10x chromium","Cortex, hippocampus and subventricular zone","GTGCGGTAGACACGAC",1938,3675,58,0.0157823129251701,"Unknown"
"GTGCGGTAGACACTAA","SRA526435","SRS1915196","Mus musculus","10x chromium","Cortex, hippocampus and subventricular zone","GTGCGGTAGACACTAA",1656,3083,44,0.0142718131689912,"Unknown"
"GTGCGGTAGGCGTACA","SRA526435","SRS1915196","Mus musculus","10x chromium","Cortex, hippocampus and subventricular zone","GTGCGGTAGGCGTACA",1244,1950,22,0.0112820512820513,"Unknown"
"GTGCGGTAGGTAAACT","SRA526435","SRS1915196","Mus musculus","10x chromium","Cortex, hippocampus and subventricular zone","GTGCGGTAGGTAAACT",2386,6050,69,0.011404958677686,"Unknown"
"GTGCGGTAGTAAGTAC","SRA526435","SRS1915196","Mus musculus","10x chromium","Cortex, hippocampus and subventricular zone","GTGCGGTAGTAAGTAC",1930,4201,56,0.0133301594858367,"Unknown"
"GTGCGGTAGTCACGCC","SRA526435","SRS1915196","Mus musculus","10x chromium","Cortex, hippocampus and subventricular zone","GTGCGGTAGTCACGCC",1588,2792,46,0.0164756446991404,"Unknown"
"GTGCGGTCAAGTCATC","SRA526435","SRS1915196","Mus musculus","10x chromium","Cortex, hippocampus and subventricular zone","GTGCGGTCAAGTCATC",1449,2789,54,0.0193617784152026,"Unknown"
"GTGCGGTCAGCGTTCG","SRA526435","SRS1915196","Mus musculus","10x chromium","Cortex, hippocampus and subventricular zone","GTGCGGTCAGCGTTCG",1300,2151,66,0.0306834030683403,"Unknown"
"GTGCGGTCAGGAATCG","SRA526435","SRS1915196","Mus musculus","10x chromium","Cortex, hippocampus and subventricular zone","GTGCGGTCAGGAATCG",1803,3462,58,0.0167533217793183,"Unknown"
"GTGCGGTCAGTACACT","SRA526435","SRS1915196","Mus musculus","10x chromium","Cortex, hippocampus and subventricular zone","GTGCGGTCAGTACACT",1899,3865,63,0.0163001293661061,"Unknown"
"GTGCGGTGTAGAAGGA","SRA526435","SRS1915196","Mus musculus","10x chromium","Cortex, hippocampus and subventricular zone","GTGCGGTGTAGAAGGA",1151,1897,27,0.0142329994728519,"Unknown"
"GTGCGGTGTAGTGAAT","SRA526435","SRS1915196","Mus musculus","10x chromium","Cortex, hippocampus and subventricular zone","GTGCGGTGTAGTGAAT",2222,4727,45,0.00951977998730696,"Endothelial cells"
"GTGCGGTGTCTCCCTA","SRA526435","SRS1915196","Mus musculus","10x chromium","Cortex, hippocampus and subventricular zone","GTGCGGTGTCTCCCTA",1758,3438,30,0.0087260034904014,"Unknown"
"GTGCGGTGTGATGTGG","SRA526435","SRS1915196","Mus musculus","10x chromium","Cortex, hippocampus and subventricular zone","GTGCGGTGTGATGTGG",3012,7642,67,0.00876733839309081,"Unknown"
"GTGCGGTGTGCACGAA","SRA526435","SRS1915196","Mus musculus","10x chromium","Cortex, hippocampus and subventricular zone","GTGCGGTGTGCACGAA",2583,5846,49,0.00838179952104003,"Unknown"
"GTGCGGTGTGCCTGTG","SRA526435","SRS1915196","Mus musculus","10x chromium","Cortex, hippocampus and subventricular zone","GTGCGGTGTGCCTGTG",714,1154,49,0.0424610051993068,"Endothelial cells"
"GTGCGGTGTTGCGTTA","SRA526435","SRS1915196","Mus musculus","10x chromium","Cortex, hippocampus and subventricular zone","GTGCGGTGTTGCGTTA",2210,4367,52,0.0119074879780169,"Unknown"
"GTGCGGTGTTGGTGGA","SRA526435","SRS1915196","Mus musculus","10x chromium","Cortex, hippocampus and subventricular zone","GTGCGGTGTTGGTGGA",1807,3129,28,0.00894854586129754,"Unknown"
"GTGCGGTGTTTGACTG","SRA526435","SRS1915196","Mus musculus","10x chromium","Cortex, hippocampus and subventricular zone","GTGCGGTGTTTGACTG",3137,8600,96,0.0111627906976744,"Unknown"
"GTGCGGTTCAAAGTAG","SRA526435","SRS1915196","Mus musculus","10x chromium","Cortex, hippocampus and subventricular zone","GTGCGGTTCAAAGTAG",1265,2088,29,0.0138888888888889,"Unknown"
"GTGCGGTTCCTCGCAT","SRA526435","SRS1915196","Mus musculus","10x chromium","Cortex, hippocampus and subventricular zone","GTGCGGTTCCTCGCAT",1951,3867,54,0.0139643134212568,"Unknown"
"GTGCGGTTCGCGTAGC","SRA526435","SRS1915196","Mus musculus","10x chromium","Cortex, hippocampus and subventricular zone","GTGCGGTTCGCGTAGC",1961,3120,24,0.00769230769230769,"Unknown"
"GTGCTTCAGACTGGGT","SRA526435","SRS1915196","Mus musculus","10x chromium","Cortex, hippocampus and subventricular zone","GTGCTTCAGACTGGGT",1534,2389,47,0.019673503557974,"Unknown"
"GTGCTTCAGCCCAATT","SRA526435","SRS1915196","Mus musculus","10x chromium","Cortex, hippocampus and subventricular zone","GTGCTTCAGCCCAATT",1172,1973,69,0.0349721236695388,"Unknown"
"GTGCTTCAGGCTAGCA","SRA526435","SRS1915196","Mus musculus","10x chromium","Cortex, hippocampus and subventricular zone","GTGCTTCAGGCTAGCA",1720,3001,28,0.00933022325891369,"Unknown"
"GTGCTTCAGGCTAGGT","SRA526435","SRS1915196","Mus musculus","10x chromium","Cortex, hippocampus and subventricular zone","GTGCTTCAGGCTAGGT",865,1291,86,0.0666150271107668,"Unknown"
"GTGCTTCAGGTGCTAG","SRA526435","SRS1915196","Mus musculus","10x chromium","Cortex, hippocampus and subventricular zone","GTGCTTCAGGTGCTAG",2762,6008,95,0.0158122503328895,"Microglia"
"GTGCTTCCACCACGTG","SRA526435","SRS1915196","Mus musculus","10x chromium","Cortex, hippocampus and subventricular zone","GTGCTTCCACCACGTG",1982,3577,81,0.0226446743080794,"Unknown"
"GTGCTTCGTACACCGC","SRA526435","SRS1915196","Mus musculus","10x chromium","Cortex, hippocampus and subventricular zone","GTGCTTCGTACACCGC",2299,4741,48,0.0101244463193419,"Unknown"
"GTGCTTCGTCGAACAG","SRA526435","SRS1915196","Mus musculus","10x chromium","Cortex, hippocampus and subventricular zone","GTGCTTCGTCGAACAG",1410,2751,49,0.0178117048346056,"Unknown"
"GTGCTTCGTCTTCAAG","SRA526435","SRS1915196","Mus musculus","10x chromium","Cortex, hippocampus and subventricular zone","GTGCTTCGTCTTCAAG",1836,3453,117,0.0338835794960904,"Unknown"
"GTGCTTCGTGTTAAGA","SRA526435","SRS1915196","Mus musculus","10x chromium","Cortex, hippocampus and subventricular zone","GTGCTTCGTGTTAAGA",1416,2490,25,0.0100401606425703,"Unknown"
"GTGCTTCGTTCGCGAC","SRA526435","SRS1915196","Mus musculus","10x chromium","Cortex, hippocampus and subventricular zone","GTGCTTCGTTCGCGAC",1655,3019,50,0.0165617754223253,"Unknown"
"GTGCTTCTCACAATGC","SRA526435","SRS1915196","Mus musculus","10x chromium","Cortex, hippocampus and subventricular zone","GTGCTTCTCACAATGC",1247,2098,27,0.0128693994280267,"Unknown"
"GTGCTTCTCACGCATA","SRA526435","SRS1915196","Mus musculus","10x chromium","Cortex, hippocampus and subventricular zone","GTGCTTCTCACGCATA",2457,5676,95,0.0167371388301621,"Unknown"
"GTGCTTCTCCGAACGC","SRA526435","SRS1915196","Mus musculus","10x chromium","Cortex, hippocampus and subventricular zone","GTGCTTCTCCGAACGC",1395,2275,49,0.0215384615384615,"Unknown"
"GTGCTTCTCTTCCTTC","SRA526435","SRS1915196","Mus musculus","10x chromium","Cortex, hippocampus and subventricular zone","GTGCTTCTCTTCCTTC",1867,3505,57,0.016262482168331,"Unknown"
"GTGGGTCAGAAGATTC","SRA526435","SRS1915196","Mus musculus","10x chromium","Cortex, hippocampus and subventricular zone","GTGGGTCAGAAGATTC",4023,12962,78,0.00601758987810523,"Unknown"
"GTGGGTCAGGGAGTAA","SRA526435","SRS1915196","Mus musculus","10x chromium","Cortex, hippocampus and subventricular zone","GTGGGTCAGGGAGTAA",2376,5070,88,0.0173570019723866,"Unknown"
"GTGGGTCAGTGGGCTA","SRA526435","SRS1915196","Mus musculus","10x chromium","Cortex, hippocampus and subventricular zone","GTGGGTCAGTGGGCTA",3385,8437,130,0.0154083204930663,"Unknown"
"GTGGGTCCACTGTCGG","SRA526435","SRS1915196","Mus musculus","10x chromium","Cortex, hippocampus and subventricular zone","GTGGGTCCACTGTCGG",2990,6771,36,0.0053167922020381,"Unknown"
"GTGGGTCCAGGAATCG","SRA526435","SRS1915196","Mus musculus","10x chromium","Cortex, hippocampus and subventricular zone","GTGGGTCCAGGAATCG",2819,6436,34,0.0052827843380982,"Unknown"
"GTGGGTCCATGTCCTC","SRA526435","SRS1915196","Mus musculus","10x chromium","Cortex, hippocampus and subventricular zone","GTGGGTCCATGTCCTC",2151,4024,137,0.0340457256461233,"Unknown"
"GTGGGTCCATGTTGAC","SRA526435","SRS1915196","Mus musculus","10x chromium","Cortex, hippocampus and subventricular zone","GTGGGTCCATGTTGAC",1053,1678,63,0.0375446960667461,"Unknown"
"GTGGGTCGTAGCACGA","SRA526435","SRS1915196","Mus musculus","10x chromium","Cortex, hippocampus and subventricular zone","GTGGGTCGTAGCACGA",2352,5354,86,0.0160627568173328,"Unknown"
"GTGGGTCGTCTCTCGT","SRA526435","SRS1915196","Mus musculus","10x chromium","Cortex, hippocampus and subventricular zone","GTGGGTCGTCTCTCGT",2831,6941,83,0.0119579311338424,"Unknown"
"GTGGGTCGTCTGATTG","SRA526435","SRS1915196","Mus musculus","10x chromium","Cortex, hippocampus and subventricular zone","GTGGGTCGTCTGATTG",2150,4397,42,0.009551967250398,"Unknown"
"GTGGGTCGTGCGAAAC","SRA526435","SRS1915196","Mus musculus","10x chromium","Cortex, hippocampus and subventricular zone","GTGGGTCGTGCGAAAC",2232,4379,57,0.0130166704727107,"Unknown"
"GTGGGTCGTTACGTCA","SRA526435","SRS1915196","Mus musculus","10x chromium","Cortex, hippocampus and subventricular zone","GTGGGTCGTTACGTCA",1081,1777,35,0.0196961170512099,"Unknown"
"GTGGGTCGTTAGATGA","SRA526435","SRS1915196","Mus musculus","10x chromium","Cortex, hippocampus and subventricular zone","GTGGGTCGTTAGATGA",1511,2937,60,0.0204290091930541,"Unknown"
"GTGGGTCTCAAGATCC","SRA526435","SRS1915196","Mus musculus","10x chromium","Cortex, hippocampus and subventricular zone","GTGGGTCTCAAGATCC",1609,2720,27,0.00992647058823529,"Unknown"
"GTGGGTCTCCGCAAGC","SRA526435","SRS1915196","Mus musculus","10x chromium","Cortex, hippocampus and subventricular zone","GTGGGTCTCCGCAAGC",2628,5675,57,0.0100440528634361,"Unknown"
"GTGGGTCTCCGCATCT","SRA526435","SRS1915196","Mus musculus","10x chromium","Cortex, hippocampus and subventricular zone","GTGGGTCTCCGCATCT",1075,1513,11,0.00727032385988103,"Unknown"
"GTGGGTCTCGCACTCT","SRA526435","SRS1915196","Mus musculus","10x chromium","Cortex, hippocampus and subventricular zone","GTGGGTCTCGCACTCT",2816,7008,126,0.0179794520547945,"Unknown"
"GTGGGTCTCTTAGAGC","SRA526435","SRS1915196","Mus musculus","10x chromium","Cortex, hippocampus and subventricular zone","GTGGGTCTCTTAGAGC",1064,1737,52,0.0299366724237191,"Unknown"
"GTGTGCGAGCACAGGT","SRA526435","SRS1915196","Mus musculus","10x chromium","Cortex, hippocampus and subventricular zone","GTGTGCGAGCACAGGT",2151,4488,46,0.0102495543672014,"Unknown"
"GTGTGCGAGCCAGTAG","SRA526435","SRS1915196","Mus musculus","10x chromium","Cortex, hippocampus and subventricular zone","GTGTGCGAGCCAGTAG",1998,3674,27,0.00734893848666304,"Unknown"
"GTGTGCGAGCTACCTA","SRA526435","SRS1915196","Mus musculus","10x chromium","Cortex, hippocampus and subventricular zone","GTGTGCGAGCTACCTA",2304,4628,42,0.0090751944684529,"Unknown"
"GTGTGCGAGCTCAACT","SRA526435","SRS1915196","Mus musculus","10x chromium","Cortex, hippocampus and subventricular zone","GTGTGCGAGCTCAACT",1090,1641,15,0.00914076782449726,"Unknown"
"GTGTGCGAGCTTCGCG","SRA526435","SRS1915196","Mus musculus","10x chromium","Cortex, hippocampus and subventricular zone","GTGTGCGAGCTTCGCG",1704,3508,62,0.0176738882554162,"Unknown"
"GTGTGCGAGGATGGTC","SRA526435","SRS1915196","Mus musculus","10x chromium","Cortex, hippocampus and subventricular zone","GTGTGCGAGGATGGTC",3378,10288,184,0.0178849144634526,"Endothelial cells"
"GTGTGCGAGGTGCAAC","SRA526435","SRS1915196","Mus musculus","10x chromium","Cortex, hippocampus and subventricular zone","GTGTGCGAGGTGCAAC",110,2567,4,0.00155823918971562,"Erythroid-like and erythroid precursor cells"
"GTGTGCGAGTTTCCTT","SRA526435","SRS1915196","Mus musculus","10x chromium","Cortex, hippocampus and subventricular zone","GTGTGCGAGTTTCCTT",927,1385,36,0.0259927797833935,"Unknown"
"GTGTGCGCACGAAAGC","SRA526435","SRS1915196","Mus musculus","10x chromium","Cortex, hippocampus and subventricular zone","GTGTGCGCACGAAAGC",1809,3840,74,0.0192708333333333,"Unknown"
"GTGTGCGCAGTCAGCC","SRA526435","SRS1915196","Mus musculus","10x chromium","Cortex, hippocampus and subventricular zone","GTGTGCGCAGTCAGCC",3179,11583,137,0.0118276784943452,"Unknown"
"GTGTGCGCATAACCTG","SRA526435","SRS1915196","Mus musculus","10x chromium","Cortex, hippocampus and subventricular zone","GTGTGCGCATAACCTG",1023,1607,35,0.0217797137523335,"Unknown"
"GTGTGCGCATGGATGG","SRA526435","SRS1915196","Mus musculus","10x chromium","Cortex, hippocampus and subventricular zone","GTGTGCGCATGGATGG",1742,3178,42,0.013215859030837,"Unknown"
"GTGTGCGGTGGTTTCA","SRA526435","SRS1915196","Mus musculus","10x chromium","Cortex, hippocampus and subventricular zone","GTGTGCGGTGGTTTCA",2220,4729,73,0.0154366673715373,"Unknown"
"GTGTGCGGTGTTAAGA","SRA526435","SRS1915196","Mus musculus","10x chromium","Cortex, hippocampus and subventricular zone","GTGTGCGGTGTTAAGA",2781,7015,77,0.0109764789736279,"Unknown"
"GTGTGCGTCCGATATG","SRA526435","SRS1915196","Mus musculus","10x chromium","Cortex, hippocampus and subventricular zone","GTGTGCGTCCGATATG",1837,3526,48,0.0136131593874078,"Unknown"
"GTGTGCGTCGTCTGCT","SRA526435","SRS1915196","Mus musculus","10x chromium","Cortex, hippocampus and subventricular zone","GTGTGCGTCGTCTGCT",1897,3422,38,0.011104617182934,"Unknown"
"GTGTTAGAGAGGTTGC","SRA526435","SRS1915196","Mus musculus","10x chromium","Cortex, hippocampus and subventricular zone","GTGTTAGAGAGGTTGC",2593,6478,44,0.00679221982093239,"Unknown"
"GTGTTAGAGCTAGTGG","SRA526435","SRS1915196","Mus musculus","10x chromium","Cortex, hippocampus and subventricular zone","GTGTTAGAGCTAGTGG",2401,5211,86,0.0165035501823067,"Unknown"
"GTGTTAGAGTAGGCCA","SRA526435","SRS1915196","Mus musculus","10x chromium","Cortex, hippocampus and subventricular zone","GTGTTAGAGTAGGCCA",2297,4918,49,0.00996339975599837,"Unknown"
"GTGTTAGCACTGAAGG","SRA526435","SRS1915196","Mus musculus","10x chromium","Cortex, hippocampus and subventricular zone","GTGTTAGCACTGAAGG",2810,6824,154,0.022567409144197,"Unknown"
"GTGTTAGCAGTCGTGC","SRA526435","SRS1915196","Mus musculus","10x chromium","Cortex, hippocampus and subventricular zone","GTGTTAGCAGTCGTGC",1546,2497,29,0.0116139367240689,"Pericytes"
"GTGTTAGGTAGTGAAT","SRA526435","SRS1915196","Mus musculus","10x chromium","Cortex, hippocampus and subventricular zone","GTGTTAGGTAGTGAAT",2173,4558,62,0.0136024572180781,"Unknown"
"GTGTTAGGTATCACCA","SRA526435","SRS1915196","Mus musculus","10x chromium","Cortex, hippocampus and subventricular zone","GTGTTAGGTATCACCA",1690,3237,40,0.0123571207908557,"Unknown"
"GTGTTAGGTGCTAGCC","SRA526435","SRS1915196","Mus musculus","10x chromium","Cortex, hippocampus and subventricular zone","GTGTTAGGTGCTAGCC",1321,2115,42,0.0198581560283688,"Unknown"
"GTGTTAGGTTGCGCAC","SRA526435","SRS1915196","Mus musculus","10x chromium","Cortex, hippocampus and subventricular zone","GTGTTAGGTTGCGCAC",2964,8324,68,0.00816914944738107,"Unknown"
"GTGTTAGGTTTGTTTC","SRA526435","SRS1915196","Mus musculus","10x chromium","Cortex, hippocampus and subventricular zone","GTGTTAGGTTTGTTTC",2634,6111,78,0.0127638684339715,"Unknown"
"GTGTTAGTCCATGAAC","SRA526435","SRS1915196","Mus musculus","10x chromium","Cortex, hippocampus and subventricular zone","GTGTTAGTCCATGAAC",3081,7777,92,0.0118297544040118,"Unknown"
"GTGTTAGTCGTCCAGG","SRA526435","SRS1915196","Mus musculus","10x chromium","Cortex, hippocampus and subventricular zone","GTGTTAGTCGTCCAGG",944,1682,25,0.0148632580261593,"Unknown"
"GTGTTAGTCTTGAGAC","SRA526435","SRS1915196","Mus musculus","10x chromium","Cortex, hippocampus and subventricular zone","GTGTTAGTCTTGAGAC",1766,3226,25,0.00774953502789833,"Unknown"
"GTTAAGCAGATGTGTA","SRA526435","SRS1915196","Mus musculus","10x chromium","Cortex, hippocampus and subventricular zone","GTTAAGCAGATGTGTA",1912,3570,37,0.0103641456582633,"Unknown"
"GTTAAGCAGCGGCTTC","SRA526435","SRS1915196","Mus musculus","10x chromium","Cortex, hippocampus and subventricular zone","GTTAAGCAGCGGCTTC",2610,5654,34,0.00601344181110718,"Unknown"
"GTTAAGCAGCTGATAA","SRA526435","SRS1915196","Mus musculus","10x chromium","Cortex, hippocampus and subventricular zone","GTTAAGCAGCTGATAA",1670,3977,42,0.0105607241639427,"Unknown"
"GTTAAGCAGCTGCGAA","SRA526435","SRS1915196","Mus musculus","10x chromium","Cortex, hippocampus and subventricular zone","GTTAAGCAGCTGCGAA",1826,3349,59,0.0176171991639295,"Unknown"
"GTTAAGCAGGACTGGT","SRA526435","SRS1915196","Mus musculus","10x chromium","Cortex, hippocampus and subventricular zone","GTTAAGCAGGACTGGT",1689,2969,10,0.00336813742000674,"Unknown"
"GTTAAGCAGGCATGGT","SRA526435","SRS1915196","Mus musculus","10x chromium","Cortex, hippocampus and subventricular zone","GTTAAGCAGGCATGGT",1356,2287,60,0.0262352426759948,"Unknown"
"GTTAAGCAGTACGACG","SRA526435","SRS1915196","Mus musculus","10x chromium","Cortex, hippocampus and subventricular zone","GTTAAGCAGTACGACG",2562,5770,98,0.0169844020797227,"Unknown"
"GTTAAGCAGTACGTTC","SRA526435","SRS1915196","Mus musculus","10x chromium","Cortex, hippocampus and subventricular zone","GTTAAGCAGTACGTTC",1138,1715,58,0.0338192419825073,"Unknown"
"GTTAAGCAGTCATGCT","SRA526435","SRS1915196","Mus musculus","10x chromium","Cortex, hippocampus and subventricular zone","GTTAAGCAGTCATGCT",2063,4029,31,0.00769421692727724,"Unknown"
"GTTAAGCAGTGGAGAA","SRA526435","SRS1915196","Mus musculus","10x chromium","Cortex, hippocampus and subventricular zone","GTTAAGCAGTGGAGAA",2600,5843,95,0.0162587711791888,"Unknown"
"GTTAAGCAGTGTCCAT","SRA526435","SRS1915196","Mus musculus","10x chromium","Cortex, hippocampus and subventricular zone","GTTAAGCAGTGTCCAT",4579,16743,253,0.0151107925700293,"Endothelial cells"
"GTTAAGCAGTTTGCGT","SRA526435","SRS1915196","Mus musculus","10x chromium","Cortex, hippocampus and subventricular zone","GTTAAGCAGTTTGCGT",2025,3795,57,0.0150197628458498,"Unknown"
"GTTAAGCCAAGAGGCT","SRA526435","SRS1915196","Mus musculus","10x chromium","Cortex, hippocampus and subventricular zone","GTTAAGCCAAGAGGCT",2171,4331,51,0.0117755714615562,"Unknown"
"GTTAAGCCAAGGGTCA","SRA526435","SRS1915196","Mus musculus","10x chromium","Cortex, hippocampus and subventricular zone","GTTAAGCCAAGGGTCA",2292,4456,42,0.00942549371633752,"Unknown"
"GTTAAGCCACACTGCG","SRA526435","SRS1915196","Mus musculus","10x chromium","Cortex, hippocampus and subventricular zone","GTTAAGCCACACTGCG",2782,6913,96,0.0138868797916968,"Unknown"
"GTTAAGCCACATTCGA","SRA526435","SRS1915196","Mus musculus","10x chromium","Cortex, hippocampus and subventricular zone","GTTAAGCCACATTCGA",1231,2048,48,0.0234375,"Unknown"
"GTTAAGCCAGAGCCAA","SRA526435","SRS1915196","Mus musculus","10x chromium","Cortex, hippocampus and subventricular zone","GTTAAGCCAGAGCCAA",1379,2353,68,0.028899277518062,"Unknown"
"GTTAAGCCATGCTAGT","SRA526435","SRS1915196","Mus musculus","10x chromium","Cortex, hippocampus and subventricular zone","GTTAAGCCATGCTAGT",1337,2362,86,0.0364098221845893,"Unknown"
"GTTAAGCCATGTAGTC","SRA526435","SRS1915196","Mus musculus","10x chromium","Cortex, hippocampus and subventricular zone","GTTAAGCCATGTAGTC",2673,6009,53,0.00882010317856548,"Unknown"
"GTTAAGCGTGAACCTT","SRA526435","SRS1915196","Mus musculus","10x chromium","Cortex, hippocampus and subventricular zone","GTTAAGCGTGAACCTT",4151,11621,162,0.0139402805266328,"Unknown"
"GTTAAGCGTGGGTATG","SRA526435","SRS1915196","Mus musculus","10x chromium","Cortex, hippocampus and subventricular zone","GTTAAGCGTGGGTATG",1710,2980,30,0.0100671140939597,"Unknown"
"GTTAAGCGTTCGTGAT","SRA526435","SRS1915196","Mus musculus","10x chromium","Cortex, hippocampus and subventricular zone","GTTAAGCGTTCGTGAT",1845,3434,42,0.0122306348281887,"Unknown"
"GTTAAGCGTTCTGTTT","SRA526435","SRS1915196","Mus musculus","10x chromium","Cortex, hippocampus and subventricular zone","GTTAAGCGTTCTGTTT",1795,3660,68,0.0185792349726776,"Unknown"
"GTTAAGCGTTTAGCTG","SRA526435","SRS1915196","Mus musculus","10x chromium","Cortex, hippocampus and subventricular zone","GTTAAGCGTTTAGCTG",3129,8466,100,0.0118119536971415,"Unknown"
"GTTAAGCTCAGTTGAC","SRA526435","SRS1915196","Mus musculus","10x chromium","Cortex, hippocampus and subventricular zone","GTTAAGCTCAGTTGAC",645,1009,43,0.0426164519326065,"Unknown"
"GTTAAGCTCCACTGGG","SRA526435","SRS1915196","Mus musculus","10x chromium","Cortex, hippocampus and subventricular zone","GTTAAGCTCCACTGGG",347,15794,11,0.000696467012789667,"Erythroid-like and erythroid precursor cells"
"GTTAAGCTCGTGGACC","SRA526435","SRS1915196","Mus musculus","10x chromium","Cortex, hippocampus and subventricular zone","GTTAAGCTCGTGGACC",2150,3982,65,0.0163234555499749,"Unknown"
"GTTAAGCTCTTGAGAC","SRA526435","SRS1915196","Mus musculus","10x chromium","Cortex, hippocampus and subventricular zone","GTTAAGCTCTTGAGAC",3161,8195,105,0.0128126906650397,"Unknown"
"GTTACAGAGCTGCCCA","SRA526435","SRS1915196","Mus musculus","10x chromium","Cortex, hippocampus and subventricular zone","GTTACAGAGCTGCCCA",2474,5336,75,0.0140554722638681,"Unknown"
"GTTACAGAGTTGTAGA","SRA526435","SRS1915196","Mus musculus","10x chromium","Cortex, hippocampus and subventricular zone","GTTACAGAGTTGTAGA",774,1354,30,0.0221565731166913,"Endothelial cells"
"GTTACAGCAAAGGAAG","SRA526435","SRS1915196","Mus musculus","10x chromium","Cortex, hippocampus and subventricular zone","GTTACAGCAAAGGAAG",881,1310,42,0.0320610687022901,"Unknown"
"GTTACAGCAATGGACG","SRA526435","SRS1915196","Mus musculus","10x chromium","Cortex, hippocampus and subventricular zone","GTTACAGCAATGGACG",3673,10140,159,0.0156804733727811,"Unknown"
"GTTACAGCACAACGCC","SRA526435","SRS1915196","Mus musculus","10x chromium","Cortex, hippocampus and subventricular zone","GTTACAGCACAACGCC",2176,4367,40,0.00915960613693611,"Unknown"
"GTTACAGCACGCGAAA","SRA526435","SRS1915196","Mus musculus","10x chromium","Cortex, hippocampus and subventricular zone","GTTACAGCACGCGAAA",1883,3237,37,0.0114303367315416,"Unknown"
"GTTACAGCAGTCAGCC","SRA526435","SRS1915196","Mus musculus","10x chromium","Cortex, hippocampus and subventricular zone","GTTACAGCAGTCAGCC",2301,4539,64,0.0141000220312844,"Unknown"
"GTTACAGCATCCGGGT","SRA526435","SRS1915196","Mus musculus","10x chromium","Cortex, hippocampus and subventricular zone","GTTACAGCATCCGGGT",2481,5832,46,0.00788751714677641,"Unknown"
"GTTACAGCATGGGAAC","SRA526435","SRS1915196","Mus musculus","10x chromium","Cortex, hippocampus and subventricular zone","GTTACAGCATGGGAAC",2464,5413,47,0.00868280066506558,"Unknown"
"GTTACAGGTAGCCTAT","SRA526435","SRS1915196","Mus musculus","10x chromium","Cortex, hippocampus and subventricular zone","GTTACAGGTAGCCTAT",1721,3025,47,0.0155371900826446,"Unknown"
"GTTACAGGTCGGCACT","SRA526435","SRS1915196","Mus musculus","10x chromium","Cortex, hippocampus and subventricular zone","GTTACAGGTCGGCACT",1464,2507,40,0.0159553250897487,"Unknown"
"GTTACAGGTGTATGGG","SRA526435","SRS1915196","Mus musculus","10x chromium","Cortex, hippocampus and subventricular zone","GTTACAGGTGTATGGG",1748,3250,8,0.00246153846153846,"Unknown"
"GTTACAGGTTGGTTTG","SRA526435","SRS1915196","Mus musculus","10x chromium","Cortex, hippocampus and subventricular zone","GTTACAGGTTGGTTTG",2738,6290,112,0.0178060413354531,"Unknown"
"GTTACAGTCAATACCG","SRA526435","SRS1915196","Mus musculus","10x chromium","Cortex, hippocampus and subventricular zone","GTTACAGTCAATACCG",920,1297,48,0.0370084811102544,"Unknown"
"GTTACAGTCAGTTGAC","SRA526435","SRS1915196","Mus musculus","10x chromium","Cortex, hippocampus and subventricular zone","GTTACAGTCAGTTGAC",2131,4781,61,0.0127588370633759,"Unknown"
"GTTACAGTCATTATCC","SRA526435","SRS1915196","Mus musculus","10x chromium","Cortex, hippocampus and subventricular zone","GTTACAGTCATTATCC",870,1335,3,0.00224719101123596,"Unknown"
"GTTACAGTCCTAAGTG","SRA526435","SRS1915196","Mus musculus","10x chromium","Cortex, hippocampus and subventricular zone","GTTACAGTCCTAAGTG",3176,8422,144,0.0170980764663975,"Unknown"
"GTTACAGTCTAACTGG","SRA526435","SRS1915196","Mus musculus","10x chromium","Cortex, hippocampus and subventricular zone","GTTACAGTCTAACTGG",2165,4604,63,0.0136837532580365,"Unknown"
"GTTCATTAGATAGCAT","SRA526435","SRS1915196","Mus musculus","10x chromium","Cortex, hippocampus and subventricular zone","GTTCATTAGATAGCAT",1083,2046,48,0.0234604105571848,"Endothelial cells"
"GTTCATTAGATGTCGG","SRA526435","SRS1915196","Mus musculus","10x chromium","Cortex, hippocampus and subventricular zone","GTTCATTAGATGTCGG",7490,49229,590,0.011984805703955,"Endothelial cells"
"GTTCATTAGCGTAATA","SRA526435","SRS1915196","Mus musculus","10x chromium","Cortex, hippocampus and subventricular zone","GTTCATTAGCGTAATA",1642,3231,84,0.0259981429897864,"Unknown"
"GTTCATTAGGCACATG","SRA526435","SRS1915196","Mus musculus","10x chromium","Cortex, hippocampus and subventricular zone","GTTCATTAGGCACATG",1785,3772,32,0.00848356309650053,"Unknown"
"GTTCATTAGGCTCATT","SRA526435","SRS1915196","Mus musculus","10x chromium","Cortex, hippocampus and subventricular zone","GTTCATTAGGCTCATT",1429,2581,59,0.0228593568384347,"Unknown"
"GTTCATTAGTACGCGA","SRA526435","SRS1915196","Mus musculus","10x chromium","Cortex, hippocampus and subventricular zone","GTTCATTAGTACGCGA",989,1492,54,0.0361930294906166,"Unknown"
"GTTCATTCAGTCTTCC","SRA526435","SRS1915196","Mus musculus","10x chromium","Cortex, hippocampus and subventricular zone","GTTCATTCAGTCTTCC",3667,10113,118,0.0116681499060615,"Unknown"
"GTTCATTGTAAAGTCA","SRA526435","SRS1915196","Mus musculus","10x chromium","Cortex, hippocampus and subventricular zone","GTTCATTGTAAAGTCA",2085,4084,41,0.0100391772771792,"Unknown"
"GTTCATTGTCAAAGCG","SRA526435","SRS1915196","Mus musculus","10x chromium","Cortex, hippocampus and subventricular zone","GTTCATTGTCAAAGCG",1819,3481,47,0.0135018672795174,"Unknown"
"GTTCATTGTCACTGGC","SRA526435","SRS1915196","Mus musculus","10x chromium","Cortex, hippocampus and subventricular zone","GTTCATTGTCACTGGC",3641,11031,44,0.00398875895204424,"Unknown"
"GTTCATTGTCATCGGC","SRA526435","SRS1915196","Mus musculus","10x chromium","Cortex, hippocampus and subventricular zone","GTTCATTGTCATCGGC",1970,3745,93,0.0248331108144192,"Unknown"
"GTTCATTGTCTTCGTC","SRA526435","SRS1915196","Mus musculus","10x chromium","Cortex, hippocampus and subventricular zone","GTTCATTGTCTTCGTC",2841,6477,67,0.0103442951983943,"Unknown"
"GTTCATTGTTACCAGT","SRA526435","SRS1915196","Mus musculus","10x chromium","Cortex, hippocampus and subventricular zone","GTTCATTGTTACCAGT",1948,3773,61,0.0161675059634243,"Unknown"
"GTTCATTGTTGTACAC","SRA526435","SRS1915196","Mus musculus","10x chromium","Cortex, hippocampus and subventricular zone","GTTCATTGTTGTACAC",2426,5323,38,0.00713883148600413,"Unknown"
"GTTCATTTCATAGCAC","SRA526435","SRS1915196","Mus musculus","10x chromium","Cortex, hippocampus and subventricular zone","GTTCATTTCATAGCAC",3161,8322,86,0.0103340543138669,"Unknown"
"GTTCATTTCCATTCTA","SRA526435","SRS1915196","Mus musculus","10x chromium","Cortex, hippocampus and subventricular zone","GTTCATTTCCATTCTA",6766,28811,343,0.0119051751067301,"Endothelial cells"
"GTTCGGGAGAGTCGGT","SRA526435","SRS1915196","Mus musculus","10x chromium","Cortex, hippocampus and subventricular zone","GTTCGGGAGAGTCGGT",2141,4490,62,0.0138084632516704,"Unknown"
"GTTCGGGAGAGTTGGC","SRA526435","SRS1915196","Mus musculus","10x chromium","Cortex, hippocampus and subventricular zone","GTTCGGGAGAGTTGGC",2118,4182,54,0.0129124820659971,"Unknown"
"GTTCGGGAGATCCTGT","SRA526435","SRS1915196","Mus musculus","10x chromium","Cortex, hippocampus and subventricular zone","GTTCGGGAGATCCTGT",2690,6437,112,0.0173994096628864,"Unknown"
"GTTCGGGAGATGTAAC","SRA526435","SRS1915196","Mus musculus","10x chromium","Cortex, hippocampus and subventricular zone","GTTCGGGAGATGTAAC",1554,2523,22,0.00871977804201348,"Unknown"
"GTTCGGGAGCGTCAAG","SRA526435","SRS1915196","Mus musculus","10x chromium","Cortex, hippocampus and subventricular zone","GTTCGGGAGCGTCAAG",2970,7016,95,0.0135404789053592,"Unknown"
"GTTCGGGAGGCACATG","SRA526435","SRS1915196","Mus musculus","10x chromium","Cortex, hippocampus and subventricular zone","GTTCGGGAGGCACATG",2024,4007,70,0.0174694285001248,"Unknown"
"GTTCGGGAGGTAGCTG","SRA526435","SRS1915196","Mus musculus","10x chromium","Cortex, hippocampus and subventricular zone","GTTCGGGAGGTAGCTG",2384,5077,70,0.0137876698837896,"Unknown"
"GTTCGGGCAACAACCT","SRA526435","SRS1915196","Mus musculus","10x chromium","Cortex, hippocampus and subventricular zone","GTTCGGGCAACAACCT",2368,5185,78,0.0150433944069431,"Unknown"
"GTTCGGGCAGTCGATT","SRA526435","SRS1915196","Mus musculus","10x chromium","Cortex, hippocampus and subventricular zone","GTTCGGGCAGTCGATT",3020,6789,68,0.0100162026808072,"Unknown"
"GTTCGGGCATCGGAAG","SRA526435","SRS1915196","Mus musculus","10x chromium","Cortex, hippocampus and subventricular zone","GTTCGGGCATCGGAAG",1439,2334,14,0.00599828620394173,"Unknown"
"GTTCGGGCATGAAGTA","SRA526435","SRS1915196","Mus musculus","10x chromium","Cortex, hippocampus and subventricular zone","GTTCGGGCATGAAGTA",1359,2456,26,0.010586319218241,"Unknown"
"GTTCGGGGTAACGCGA","SRA526435","SRS1915196","Mus musculus","10x chromium","Cortex, hippocampus and subventricular zone","GTTCGGGGTAACGCGA",1096,1561,12,0.0076873798846893,"Unknown"
"GTTCGGGGTCTTTCAT","SRA526435","SRS1915196","Mus musculus","10x chromium","Cortex, hippocampus and subventricular zone","GTTCGGGGTCTTTCAT",2127,4615,54,0.0117009750812568,"Unknown"
"GTTCGGGGTGACCAAG","SRA526435","SRS1915196","Mus musculus","10x chromium","Cortex, hippocampus and subventricular zone","GTTCGGGGTGACCAAG",1932,3399,39,0.0114739629302736,"Unknown"
"GTTCGGGGTGAGCGAT","SRA526435","SRS1915196","Mus musculus","10x chromium","Cortex, hippocampus and subventricular zone","GTTCGGGGTGAGCGAT",2029,3929,30,0.00763553066938152,"Unknown"
"GTTCGGGGTTACGGAG","SRA526435","SRS1915196","Mus musculus","10x chromium","Cortex, hippocampus and subventricular zone","GTTCGGGGTTACGGAG",3256,8495,134,0.0157739846968805,"Unknown"
"GTTCGGGGTTATGCGT","SRA526435","SRS1915196","Mus musculus","10x chromium","Cortex, hippocampus and subventricular zone","GTTCGGGGTTATGCGT",3008,7876,145,0.0184103605891315,"Unknown"
"GTTCGGGGTTATGTGC","SRA526435","SRS1915196","Mus musculus","10x chromium","Cortex, hippocampus and subventricular zone","GTTCGGGGTTATGTGC",2666,6135,64,0.0104319478402608,"Unknown"
"GTTCGGGTCACAATGC","SRA526435","SRS1915196","Mus musculus","10x chromium","Cortex, hippocampus and subventricular zone","GTTCGGGTCACAATGC",1476,3045,34,0.0111658456486043,"Unknown"
"GTTCGGGTCCCAACGG","SRA526435","SRS1915196","Mus musculus","10x chromium","Cortex, hippocampus and subventricular zone","GTTCGGGTCCCAACGG",1838,3526,56,0.0158820192853091,"Unknown"
"GTTCGGGTCCGTCAAA","SRA526435","SRS1915196","Mus musculus","10x chromium","Cortex, hippocampus and subventricular zone","GTTCGGGTCCGTCAAA",2381,5271,79,0.0149876683741226,"Unknown"
"GTTCGGGTCCTAGTGA","SRA526435","SRS1915196","Mus musculus","10x chromium","Cortex, hippocampus and subventricular zone","GTTCGGGTCCTAGTGA",2527,6281,93,0.0148065594650533,"Unknown"
"GTTCGGGTCTCTGTCG","SRA526435","SRS1915196","Mus musculus","10x chromium","Cortex, hippocampus and subventricular zone","GTTCGGGTCTCTGTCG",135,3111,8,0.00257152041144327,"Erythroid-like and erythroid precursor cells"
"GTTCTCGAGACTTGAA","SRA526435","SRS1915196","Mus musculus","10x chromium","Cortex, hippocampus and subventricular zone","GTTCTCGAGACTTGAA",1462,2683,43,0.0160268356317555,"Unknown"
"GTTCTCGAGCGTGAGT","SRA526435","SRS1915196","Mus musculus","10x chromium","Cortex, hippocampus and subventricular zone","GTTCTCGAGCGTGAGT",1016,1431,19,0.013277428371768,"Unknown"
"GTTCTCGAGGATGCGT","SRA526435","SRS1915196","Mus musculus","10x chromium","Cortex, hippocampus and subventricular zone","GTTCTCGAGGATGCGT",2000,4100,55,0.0134146341463415,"Unknown"
"GTTCTCGCAAACGCGA","SRA526435","SRS1915196","Mus musculus","10x chromium","Cortex, hippocampus and subventricular zone","GTTCTCGCAAACGCGA",3655,9968,92,0.00922953451043339,"Unknown"
"GTTCTCGCACACGCTG","SRA526435","SRS1915196","Mus musculus","10x chromium","Cortex, hippocampus and subventricular zone","GTTCTCGCACACGCTG",4454,12846,75,0.00583839327417095,"Unknown"
"GTTCTCGCAGACGCAA","SRA526435","SRS1915196","Mus musculus","10x chromium","Cortex, hippocampus and subventricular zone","GTTCTCGCAGACGCAA",3868,12267,145,0.0118203309692671,"Endothelial cells"
"GTTCTCGCAGATGAGC","SRA526435","SRS1915196","Mus musculus","10x chromium","Cortex, hippocampus and subventricular zone","GTTCTCGCAGATGAGC",1739,3422,51,0.0149035651665693,"Unknown"
"GTTCTCGCATACAGCT","SRA526435","SRS1915196","Mus musculus","10x chromium","Cortex, hippocampus and subventricular zone","GTTCTCGCATACAGCT",2437,5380,75,0.0139405204460967,"Unknown"
"GTTCTCGGTAAGTGTA","SRA526435","SRS1915196","Mus musculus","10x chromium","Cortex, hippocampus and subventricular zone","GTTCTCGGTAAGTGTA",1593,3134,28,0.00893426930440332,"Unknown"
"GTTCTCGGTATTCGTG","SRA526435","SRS1915196","Mus musculus","10x chromium","Cortex, hippocampus and subventricular zone","GTTCTCGGTATTCGTG",2631,5581,43,0.00770471241712955,"Unknown"
"GTTCTCGGTCACACGC","SRA526435","SRS1915196","Mus musculus","10x chromium","Cortex, hippocampus and subventricular zone","GTTCTCGGTCACACGC",2094,4077,48,0.0117733627667403,"Unknown"
"GTTCTCGGTCTAAACC","SRA526435","SRS1915196","Mus musculus","10x chromium","Cortex, hippocampus and subventricular zone","GTTCTCGGTCTAAACC",180,7206,3,0.000416319733555371,"Erythroid-like and erythroid precursor cells"
"GTTCTCGGTCTGCAAT","SRA526435","SRS1915196","Mus musculus","10x chromium","Cortex, hippocampus and subventricular zone","GTTCTCGGTCTGCAAT",2267,4621,42,0.00908894178749189,"Unknown"
"GTTCTCGGTGTTCTTT","SRA526435","SRS1915196","Mus musculus","10x chromium","Cortex, hippocampus and subventricular zone","GTTCTCGGTGTTCTTT",2166,4188,59,0.0140878701050621,"Unknown"
"GTTCTCGGTTACTGAC","SRA526435","SRS1915196","Mus musculus","10x chromium","Cortex, hippocampus and subventricular zone","GTTCTCGGTTACTGAC",2004,4113,51,0.012399708242159,"Unknown"
"GTTCTCGTCACCCTCA","SRA526435","SRS1915196","Mus musculus","10x chromium","Cortex, hippocampus and subventricular zone","GTTCTCGTCACCCTCA",1465,2865,16,0.00558464223385689,"Unknown"
"GTTCTCGTCTACGAGT","SRA526435","SRS1915196","Mus musculus","10x chromium","Cortex, hippocampus and subventricular zone","GTTCTCGTCTACGAGT",1467,2427,50,0.0206015657189946,"Unknown"
"GTTTCTAAGAAGATTC","SRA526435","SRS1915196","Mus musculus","10x chromium","Cortex, hippocampus and subventricular zone","GTTTCTAAGAAGATTC",4621,19512,170,0.00871258712587126,"Unknown"
"GTTTCTAAGCACGCCT","SRA526435","SRS1915196","Mus musculus","10x chromium","Cortex, hippocampus and subventricular zone","GTTTCTAAGCACGCCT",2206,4219,92,0.0218061151931737,"Cajal-Retzius cells"
"GTTTCTAAGGCGACAT","SRA526435","SRS1915196","Mus musculus","10x chromium","Cortex, hippocampus and subventricular zone","GTTTCTAAGGCGACAT",2561,5695,74,0.0129938542581212,"Unknown"
"GTTTCTAAGGCGTACA","SRA526435","SRS1915196","Mus musculus","10x chromium","Cortex, hippocampus and subventricular zone","GTTTCTAAGGCGTACA",2972,6885,87,0.012636165577342,"Unknown"
"GTTTCTAAGTACGATA","SRA526435","SRS1915196","Mus musculus","10x chromium","Cortex, hippocampus and subventricular zone","GTTTCTAAGTACGATA",1662,2984,53,0.0177613941018767,"Unknown"
"GTTTCTAAGTAGTGCG","SRA526435","SRS1915196","Mus musculus","10x chromium","Cortex, hippocampus and subventricular zone","GTTTCTAAGTAGTGCG",4698,18556,283,0.0152511317094201,"Endothelial cells"
"GTTTCTACAAACAACA","SRA526435","SRS1915196","Mus musculus","10x chromium","Cortex, hippocampus and subventricular zone","GTTTCTACAAACAACA",117,4653,4,0.000859660434128519,"Erythroid-like and erythroid precursor cells"
"GTTTCTACACTAAGTC","SRA526435","SRS1915196","Mus musculus","10x chromium","Cortex, hippocampus and subventricular zone","GTTTCTACACTAAGTC",2023,4171,47,0.0112682809877727,"Unknown"
"GTTTCTACAGGAACGT","SRA526435","SRS1915196","Mus musculus","10x chromium","Cortex, hippocampus and subventricular zone","GTTTCTACAGGAACGT",2293,4909,33,0.00672234671012426,"Unknown"
"GTTTCTACAGGATCGA","SRA526435","SRS1915196","Mus musculus","10x chromium","Cortex, hippocampus and subventricular zone","GTTTCTACAGGATCGA",2444,5542,71,0.0128112594731144,"Unknown"
"GTTTCTACAGGGTTAG","SRA526435","SRS1915196","Mus musculus","10x chromium","Cortex, hippocampus and subventricular zone","GTTTCTACAGGGTTAG",1336,2398,77,0.0321100917431193,"Unknown"
"GTTTCTAGTAAGGATT","SRA526435","SRS1915196","Mus musculus","10x chromium","Cortex, hippocampus and subventricular zone","GTTTCTAGTAAGGATT",1183,2038,21,0.0103042198233562,"Unknown"
"GTTTCTAGTATCGCAT","SRA526435","SRS1915196","Mus musculus","10x chromium","Cortex, hippocampus and subventricular zone","GTTTCTAGTATCGCAT",2421,5472,67,0.0122441520467836,"Unknown"
"GTTTCTAGTCCGACGT","SRA526435","SRS1915196","Mus musculus","10x chromium","Cortex, hippocampus and subventricular zone","GTTTCTAGTCCGACGT",2550,5331,54,0.0101294316263365,"Unknown"
"GTTTCTAGTCGACTAT","SRA526435","SRS1915196","Mus musculus","10x chromium","Cortex, hippocampus and subventricular zone","GTTTCTAGTCGACTAT",2526,5225,38,0.00727272727272727,"Unknown"
"GTTTCTAGTGATGATA","SRA526435","SRS1915196","Mus musculus","10x chromium","Cortex, hippocampus and subventricular zone","GTTTCTAGTGATGATA",1743,3459,81,0.023417172593235,"Unknown"
"GTTTCTAGTGTAACGG","SRA526435","SRS1915196","Mus musculus","10x chromium","Cortex, hippocampus and subventricular zone","GTTTCTAGTGTAACGG",3461,10776,70,0.00649591685226429,"Unknown"
"GTTTCTAGTGTGGCTC","SRA526435","SRS1915196","Mus musculus","10x chromium","Cortex, hippocampus and subventricular zone","GTTTCTAGTGTGGCTC",2175,4381,48,0.0109564026477973,"Unknown"
"GTTTCTATCCAGGGCT","SRA526435","SRS1915196","Mus musculus","10x chromium","Cortex, hippocampus and subventricular zone","GTTTCTATCCAGGGCT",2294,4689,48,0.0102367242482406,"Unknown"
"GTTTCTATCCCTTGTG","SRA526435","SRS1915196","Mus musculus","10x chromium","Cortex, hippocampus and subventricular zone","GTTTCTATCCCTTGTG",1328,2234,23,0.0102954341987466,"Unknown"
"GTTTCTATCTTCGGTC","SRA526435","SRS1915196","Mus musculus","10x chromium","Cortex, hippocampus and subventricular zone","GTTTCTATCTTCGGTC",1982,4277,48,0.011222819733458,"Unknown"
"TAAACCGAGAAGATTC","SRA526435","SRS1915196","Mus musculus","10x chromium","Cortex, hippocampus and subventricular zone","TAAACCGAGAAGATTC",3023,7776,68,0.00874485596707819,"Unknown"
"TAAACCGAGATGCGAC","SRA526435","SRS1915196","Mus musculus","10x chromium","Cortex, hippocampus and subventricular zone","TAAACCGAGATGCGAC",2261,4496,55,0.0122330960854093,"Unknown"
"TAAACCGAGATGTTAG","SRA526435","SRS1915196","Mus musculus","10x chromium","Cortex, hippocampus and subventricular zone","TAAACCGAGATGTTAG",2677,6342,76,0.0119836013875749,"Unknown"
"TAAACCGAGCGATAGC","SRA526435","SRS1915196","Mus musculus","10x chromium","Cortex, hippocampus and subventricular zone","TAAACCGAGCGATAGC",2018,3892,64,0.0164439876670093,"Unknown"
"TAAACCGAGCGTGTCC","SRA526435","SRS1915196","Mus musculus","10x chromium","Cortex, hippocampus and subventricular zone","TAAACCGAGCGTGTCC",798,1329,14,0.0105342362678706,"Unknown"
"TAAACCGAGGGAAACA","SRA526435","SRS1915196","Mus musculus","10x chromium","Cortex, hippocampus and subventricular zone","TAAACCGAGGGAAACA",2075,3834,108,0.028169014084507,"Unknown"
"TAAACCGAGTGGACGT","SRA526435","SRS1915196","Mus musculus","10x chromium","Cortex, hippocampus and subventricular zone","TAAACCGAGTGGACGT",690,1115,236,0.211659192825112,"Cajal-Retzius cells"
"TAAACCGCAAGCCTAT","SRA526435","SRS1915196","Mus musculus","10x chromium","Cortex, hippocampus and subventricular zone","TAAACCGCAAGCCTAT",1923,3671,36,0.0098065922092073,"Unknown"
"TAAACCGCACATTAGC","SRA526435","SRS1915196","Mus musculus","10x chromium","Cortex, hippocampus and subventricular zone","TAAACCGCACATTAGC",1548,2557,42,0.0164254986312084,"Unknown"
"TAAACCGCACGAAATA","SRA526435","SRS1915196","Mus musculus","10x chromium","Cortex, hippocampus and subventricular zone","TAAACCGCACGAAATA",2007,4400,54,0.0122727272727273,"Unknown"
"TAAACCGCAGATCTGT","SRA526435","SRS1915196","Mus musculus","10x chromium","Cortex, hippocampus and subventricular zone","TAAACCGCAGATCTGT",902,1339,15,0.0112023898431665,"Unknown"
"TAAACCGCAGCCTGTG","SRA526435","SRS1915196","Mus musculus","10x chromium","Cortex, hippocampus and subventricular zone","TAAACCGCAGCCTGTG",2705,6089,33,0.00541960913122023,"Unknown"
"TAAACCGCATGTAAGA","SRA526435","SRS1915196","Mus musculus","10x chromium","Cortex, hippocampus and subventricular zone","TAAACCGCATGTAAGA",2630,6633,101,0.0152268958239107,"Unknown"
"TAAACCGGTCAGAATA","SRA526435","SRS1915196","Mus musculus","10x chromium","Cortex, hippocampus and subventricular zone","TAAACCGGTCAGAATA",2971,7748,101,0.0130356220960248,"Unknown"
"TAAACCGGTCGCCATG","SRA526435","SRS1915196","Mus musculus","10x chromium","Cortex, hippocampus and subventricular zone","TAAACCGGTCGCCATG",1091,1784,77,0.0431614349775785,"Unknown"
"TAAACCGGTGTGACGA","SRA526435","SRS1915196","Mus musculus","10x chromium","Cortex, hippocampus and subventricular zone","TAAACCGGTGTGACGA",2574,6187,51,0.00824309035073541,"Unknown"
"TAAACCGGTGTTGAGG","SRA526435","SRS1915196","Mus musculus","10x chromium","Cortex, hippocampus and subventricular zone","TAAACCGGTGTTGAGG",2145,4099,65,0.0158575262259088,"Unknown"
"TAAACCGTCAAACCAC","SRA526435","SRS1915196","Mus musculus","10x chromium","Cortex, hippocampus and subventricular zone","TAAACCGTCAAACCAC",1690,3275,42,0.012824427480916,"Unknown"
"TAAACCGTCAGTCAGT","SRA526435","SRS1915196","Mus musculus","10x chromium","Cortex, hippocampus and subventricular zone","TAAACCGTCAGTCAGT",1365,2390,35,0.0146443514644351,"Unknown"
"TAAACCGTCATGGTCA","SRA526435","SRS1915196","Mus musculus","10x chromium","Cortex, hippocampus and subventricular zone","TAAACCGTCATGGTCA",2123,4184,56,0.0133843212237094,"Unknown"
"TAAACCGTCTCCTATA","SRA526435","SRS1915196","Mus musculus","10x chromium","Cortex, hippocampus and subventricular zone","TAAACCGTCTCCTATA",1453,2349,36,0.0153256704980843,"Unknown"
"TAAACCGTCTTTAGGG","SRA526435","SRS1915196","Mus musculus","10x chromium","Cortex, hippocampus and subventricular zone","TAAACCGTCTTTAGGG",2519,4832,78,0.0161423841059603,"Unknown"
"TAAGAGAAGACTTGAA","SRA526435","SRS1915196","Mus musculus","10x chromium","Cortex, hippocampus and subventricular zone","TAAGAGAAGACTTGAA",2220,4951,68,0.0137345990708948,"Unknown"
"TAAGAGAAGTTCGCAT","SRA526435","SRS1915196","Mus musculus","10x chromium","Cortex, hippocampus and subventricular zone","TAAGAGAAGTTCGCAT",2909,6509,40,0.00614533722538024,"Unknown"
"TAAGAGACACCAGATT","SRA526435","SRS1915196","Mus musculus","10x chromium","Cortex, hippocampus and subventricular zone","TAAGAGACACCAGATT",1928,3912,24,0.00613496932515337,"Unknown"
"TAAGAGACATTCGACA","SRA526435","SRS1915196","Mus musculus","10x chromium","Cortex, hippocampus and subventricular zone","TAAGAGACATTCGACA",1986,3859,40,0.010365379632029,"Unknown"
"TAAGAGAGTAAGGGCT","SRA526435","SRS1915196","Mus musculus","10x chromium","Cortex, hippocampus and subventricular zone","TAAGAGAGTAAGGGCT",2475,5626,36,0.00639886242445787,"Unknown"
"TAAGAGAGTAAGTTCC","SRA526435","SRS1915196","Mus musculus","10x chromium","Cortex, hippocampus and subventricular zone","TAAGAGAGTAAGTTCC",2056,4189,45,0.0107424206254476,"Unknown"
"TAAGAGAGTGTGAATA","SRA526435","SRS1915196","Mus musculus","10x chromium","Cortex, hippocampus and subventricular zone","TAAGAGAGTGTGAATA",4111,11584,150,0.0129488950276243,"Endothelial cells"
"TAAGAGAGTGTTCTTT","SRA526435","SRS1915196","Mus musculus","10x chromium","Cortex, hippocampus and subventricular zone","TAAGAGAGTGTTCTTT",2056,4191,22,0.005249343832021,"Unknown"
"TAAGAGAGTTATCCGA","SRA526435","SRS1915196","Mus musculus","10x chromium","Cortex, hippocampus and subventricular zone","TAAGAGAGTTATCCGA",2419,5278,59,0.0111784766957181,"Unknown"
"TAAGAGATCACTATTC","SRA526435","SRS1915196","Mus musculus","10x chromium","Cortex, hippocampus and subventricular zone","TAAGAGATCACTATTC",2018,4425,92,0.0207909604519774,"Unknown"
"TAAGAGATCAGTTGAC","SRA526435","SRS1915196","Mus musculus","10x chromium","Cortex, hippocampus and subventricular zone","TAAGAGATCAGTTGAC",2071,4079,49,0.0120127482226036,"Unknown"
"TAAGAGATCATCTGCC","SRA526435","SRS1915196","Mus musculus","10x chromium","Cortex, hippocampus and subventricular zone","TAAGAGATCATCTGCC",2234,4643,70,0.0150764591858712,"Unknown"
"TAAGAGATCCCGACTT","SRA526435","SRS1915196","Mus musculus","10x chromium","Cortex, hippocampus and subventricular zone","TAAGAGATCCCGACTT",1811,4448,51,0.0114658273381295,"Unknown"
"TAAGAGATCCGCATAA","SRA526435","SRS1915196","Mus musculus","10x chromium","Cortex, hippocampus and subventricular zone","TAAGAGATCCGCATAA",2070,4444,84,0.0189018901890189,"Unknown"
"TAAGAGATCCGCGGTA","SRA526435","SRS1915196","Mus musculus","10x chromium","Cortex, hippocampus and subventricular zone","TAAGAGATCCGCGGTA",1729,3280,46,0.0140243902439024,"Unknown"
"TAAGAGATCTCGCATC","SRA526435","SRS1915196","Mus musculus","10x chromium","Cortex, hippocampus and subventricular zone","TAAGAGATCTCGCATC",1732,3097,35,0.0113012592831773,"Unknown"
"TAAGCGTAGAAACGAG","SRA526435","SRS1915196","Mus musculus","10x chromium","Cortex, hippocampus and subventricular zone","TAAGCGTAGAAACGAG",3332,9977,115,0.0115265109752431,"Unknown"
"TAAGCGTAGGACACCA","SRA526435","SRS1915196","Mus musculus","10x chromium","Cortex, hippocampus and subventricular zone","TAAGCGTAGGACACCA",1223,2177,28,0.0128617363344051,"Unknown"
"TAAGCGTAGGCAAAGA","SRA526435","SRS1915196","Mus musculus","10x chromium","Cortex, hippocampus and subventricular zone","TAAGCGTAGGCAAAGA",2278,4358,31,0.00711335474988527,"Unknown"
"TAAGCGTAGGTGCACA","SRA526435","SRS1915196","Mus musculus","10x chromium","Cortex, hippocampus and subventricular zone","TAAGCGTAGGTGCACA",1799,5298,69,0.0130237825594564,"Unknown"
"TAAGCGTCAAGGACTG","SRA526435","SRS1915196","Mus musculus","10x chromium","Cortex, hippocampus and subventricular zone","TAAGCGTCAAGGACTG",2472,5276,36,0.00682335102350265,"Unknown"
"TAAGCGTCAGATAATG","SRA526435","SRS1915196","Mus musculus","10x chromium","Cortex, hippocampus and subventricular zone","TAAGCGTCAGATAATG",1571,2946,40,0.0135777325186694,"Unknown"
"TAAGCGTCAGCGTAAG","SRA526435","SRS1915196","Mus musculus","10x chromium","Cortex, hippocampus and subventricular zone","TAAGCGTCAGCGTAAG",1956,3922,64,0.0163182049974503,"Unknown"
"TAAGCGTCAGGGCATA","SRA526435","SRS1915196","Mus musculus","10x chromium","Cortex, hippocampus and subventricular zone","TAAGCGTCAGGGCATA",971,1414,44,0.0311173974540311,"Unknown"
"TAAGCGTCATGATCCA","SRA526435","SRS1915196","Mus musculus","10x chromium","Cortex, hippocampus and subventricular zone","TAAGCGTCATGATCCA",1861,3879,15,0.00386697602474865,"Oligodendrocyte progenitor cells"
"TAAGCGTGTCATTAGC","SRA526435","SRS1915196","Mus musculus","10x chromium","Cortex, hippocampus and subventricular zone","TAAGCGTGTCATTAGC",2032,4251,28,0.00658668548576805,"Unknown"
"TAAGCGTGTCCCTACT","SRA526435","SRS1915196","Mus musculus","10x chromium","Cortex, hippocampus and subventricular zone","TAAGCGTGTCCCTACT",845,1288,52,0.0403726708074534,"Unknown"
"TAAGCGTGTCGACTAT","SRA526435","SRS1915196","Mus musculus","10x chromium","Cortex, hippocampus and subventricular zone","TAAGCGTGTCGACTAT",888,1313,36,0.0274181264280274,"Unknown"
"TAAGCGTGTCTCCATC","SRA526435","SRS1915196","Mus musculus","10x chromium","Cortex, hippocampus and subventricular zone","TAAGCGTGTCTCCATC",2180,4430,33,0.00744920993227991,"Unknown"
"TAAGCGTGTGTTCGAT","SRA526435","SRS1915196","Mus musculus","10x chromium","Cortex, hippocampus and subventricular zone","TAAGCGTGTGTTCGAT",6352,31754,410,0.0129117591484537,"Endothelial cells"
"TAAGCGTGTTCAGGCC","SRA526435","SRS1915196","Mus musculus","10x chromium","Cortex, hippocampus and subventricular zone","TAAGCGTGTTCAGGCC",4312,13508,149,0.0110305004441812,"Unknown"
"TAAGCGTTCAAGATCC","SRA526435","SRS1915196","Mus musculus","10x chromium","Cortex, hippocampus and subventricular zone","TAAGCGTTCAAGATCC",1423,2535,23,0.00907297830374753,"Unknown"
"TAAGCGTTCCGCATAA","SRA526435","SRS1915196","Mus musculus","10x chromium","Cortex, hippocampus and subventricular zone","TAAGCGTTCCGCATAA",75,1997,1,0.000500751126690035,"Erythroid-like and erythroid precursor cells"
"TAAGCGTTCCGCATCT","SRA526435","SRS1915196","Mus musculus","10x chromium","Cortex, hippocampus and subventricular zone","TAAGCGTTCCGCATCT",2506,5773,99,0.0171487961198684,"Unknown"
"TAAGCGTTCGAATCCA","SRA526435","SRS1915196","Mus musculus","10x chromium","Cortex, hippocampus and subventricular zone","TAAGCGTTCGAATCCA",1894,3506,41,0.0116942384483742,"Unknown"
"TAAGCGTTCGGAAATA","SRA526435","SRS1915196","Mus musculus","10x chromium","Cortex, hippocampus and subventricular zone","TAAGCGTTCGGAAATA",844,1199,35,0.0291909924937448,"Unknown"
"TAAGCGTTCTCCAGGG","SRA526435","SRS1915196","Mus musculus","10x chromium","Cortex, hippocampus and subventricular zone","TAAGCGTTCTCCAGGG",2058,4056,40,0.00986193293885602,"Unknown"
"TAAGTGCAGAAGCCCA","SRA526435","SRS1915196","Mus musculus","10x chromium","Cortex, hippocampus and subventricular zone","TAAGTGCAGAAGCCCA",1380,2238,21,0.00938337801608579,"Unknown"
"TAAGTGCAGACCTAGG","SRA526435","SRS1915196","Mus musculus","10x chromium","Cortex, hippocampus and subventricular zone","TAAGTGCAGACCTAGG",2495,5821,118,0.020271431025597,"Unknown"
"TAAGTGCAGAGGGATA","SRA526435","SRS1915196","Mus musculus","10x chromium","Cortex, hippocampus and subventricular zone","TAAGTGCAGAGGGATA",3329,9509,58,0.00609948469870649,"Unknown"
"TAAGTGCAGCGTCAAG","SRA526435","SRS1915196","Mus musculus","10x chromium","Cortex, hippocampus and subventricular zone","TAAGTGCAGCGTCAAG",1665,3202,52,0.0162398500936914,"Unknown"
"TAAGTGCAGGAGTCTG","SRA526435","SRS1915196","Mus musculus","10x chromium","Cortex, hippocampus and subventricular zone","TAAGTGCAGGAGTCTG",2069,4002,55,0.0137431284357821,"Unknown"
"TAAGTGCAGGATTCGG","SRA526435","SRS1915196","Mus musculus","10x chromium","Cortex, hippocampus and subventricular zone","TAAGTGCAGGATTCGG",1837,3299,24,0.0072749317975144,"Unknown"
"TAAGTGCAGGCGATAC","SRA526435","SRS1915196","Mus musculus","10x chromium","Cortex, hippocampus and subventricular zone","TAAGTGCAGGCGATAC",2064,3996,41,0.0102602602602603,"Unknown"
"TAAGTGCAGTGGCACA","SRA526435","SRS1915196","Mus musculus","10x chromium","Cortex, hippocampus and subventricular zone","TAAGTGCAGTGGCACA",3931,11521,127,0.0110233486676504,"Unknown"
"TAAGTGCCAAGGTTCT","SRA526435","SRS1915196","Mus musculus","10x chromium","Cortex, hippocampus and subventricular zone","TAAGTGCCAAGGTTCT",1065,1766,80,0.0453001132502831,"Unknown"
"TAAGTGCCACAGACTT","SRA526435","SRS1915196","Mus musculus","10x chromium","Cortex, hippocampus and subventricular zone","TAAGTGCCACAGACTT",2268,4494,31,0.00689808633733867,"Unknown"
"TAAGTGCCACAGGAGT","SRA526435","SRS1915196","Mus musculus","10x chromium","Cortex, hippocampus and subventricular zone","TAAGTGCCACAGGAGT",2203,4527,59,0.0130329136293351,"Unknown"
"TAAGTGCCACGGCTAC","SRA526435","SRS1915196","Mus musculus","10x chromium","Cortex, hippocampus and subventricular zone","TAAGTGCCACGGCTAC",1906,3784,84,0.0221987315010571,"Unknown"
"TAAGTGCCAGTTTACG","SRA526435","SRS1915196","Mus musculus","10x chromium","Cortex, hippocampus and subventricular zone","TAAGTGCCAGTTTACG",2769,6637,86,0.0129576615940937,"Unknown"
"TAAGTGCCATTAGCCA","SRA526435","SRS1915196","Mus musculus","10x chromium","Cortex, hippocampus and subventricular zone","TAAGTGCCATTAGCCA",1581,3942,221,0.0560629122272958,"Microglia"
"TAAGTGCCATTCTCAT","SRA526435","SRS1915196","Mus musculus","10x chromium","Cortex, hippocampus and subventricular zone","TAAGTGCCATTCTCAT",2526,5472,43,0.00785818713450292,"Unknown"
"TAAGTGCGTAGCGCTC","SRA526435","SRS1915196","Mus musculus","10x chromium","Cortex, hippocampus and subventricular zone","TAAGTGCGTAGCGCTC",95,5817,8,0.0013752793536187,"Erythroid-like and erythroid precursor cells"
"TAAGTGCGTATATCCG","SRA526435","SRS1915196","Mus musculus","10x chromium","Cortex, hippocampus and subventricular zone","TAAGTGCGTATATCCG",1978,3981,54,0.0135644310474755,"Unknown"
"TAAGTGCGTCATCGGC","SRA526435","SRS1915196","Mus musculus","10x chromium","Cortex, hippocampus and subventricular zone","TAAGTGCGTCATCGGC",1302,2298,45,0.0195822454308094,"Unknown"
"TAAGTGCGTCCATCCT","SRA526435","SRS1915196","Mus musculus","10x chromium","Cortex, hippocampus and subventricular zone","TAAGTGCGTCCATCCT",1117,1847,67,0.0362750406063887,"Unknown"
"TAAGTGCGTCCGTTAA","SRA526435","SRS1915196","Mus musculus","10x chromium","Cortex, hippocampus and subventricular zone","TAAGTGCGTCCGTTAA",2567,5694,66,0.0115911485774499,"Unknown"
"TAAGTGCGTGCTTCTC","SRA526435","SRS1915196","Mus musculus","10x chromium","Cortex, hippocampus and subventricular zone","TAAGTGCGTGCTTCTC",2276,4811,64,0.0133028476408231,"Unknown"
"TAAGTGCGTTAAGGGC","SRA526435","SRS1915196","Mus musculus","10x chromium","Cortex, hippocampus and subventricular zone","TAAGTGCGTTAAGGGC",1524,2927,24,0.00819952169456782,"Unknown"
"TAAGTGCGTTGCGTTA","SRA526435","SRS1915196","Mus musculus","10x chromium","Cortex, hippocampus and subventricular zone","TAAGTGCGTTGCGTTA",2154,4366,51,0.0116811726981219,"Unknown"
"TAAGTGCTCCATGAAC","SRA526435","SRS1915196","Mus musculus","10x chromium","Cortex, hippocampus and subventricular zone","TAAGTGCTCCATGAAC",2437,5749,43,0.0074795616628979,"Unknown"
"TAAGTGCTCTCTTATG","SRA526435","SRS1915196","Mus musculus","10x chromium","Cortex, hippocampus and subventricular zone","TAAGTGCTCTCTTATG",895,1275,37,0.0290196078431373,"Unknown"
"TACACGAAGAATTGTG","SRA526435","SRS1915196","Mus musculus","10x chromium","Cortex, hippocampus and subventricular zone","TACACGAAGAATTGTG",2646,5412,49,0.0090539541759054,"Unknown"
"TACACGAAGATAGCAT","SRA526435","SRS1915196","Mus musculus","10x chromium","Cortex, hippocampus and subventricular zone","TACACGAAGATAGCAT",4166,10833,84,0.00775408474106896,"Unknown"
"TACACGAAGCCACGCT","SRA526435","SRS1915196","Mus musculus","10x chromium","Cortex, hippocampus and subventricular zone","TACACGAAGCCACGCT",2514,5527,29,0.00524696942283336,"Unknown"
"TACACGAAGTGCGTGA","SRA526435","SRS1915196","Mus musculus","10x chromium","Cortex, hippocampus and subventricular zone","TACACGAAGTGCGTGA",2675,6026,81,0.0134417524062396,"Unknown"
"TACACGACACCTTGTC","SRA526435","SRS1915196","Mus musculus","10x chromium","Cortex, hippocampus and subventricular zone","TACACGACACCTTGTC",1630,3136,58,0.0184948979591837,"Unknown"
"TACACGACAGTTAACC","SRA526435","SRS1915196","Mus musculus","10x chromium","Cortex, hippocampus and subventricular zone","TACACGACAGTTAACC",2187,4310,40,0.00928074245939675,"Unknown"
"TACACGACATACGCTA","SRA526435","SRS1915196","Mus musculus","10x chromium","Cortex, hippocampus and subventricular zone","TACACGACATACGCTA",940,1350,14,0.0103703703703704,"Endothelial cells"
"TACACGACATCGACGC","SRA526435","SRS1915196","Mus musculus","10x chromium","Cortex, hippocampus and subventricular zone","TACACGACATCGACGC",2094,4107,62,0.0150961772583394,"Unknown"
"TACACGAGTAAGGATT","SRA526435","SRS1915196","Mus musculus","10x chromium","Cortex, hippocampus and subventricular zone","TACACGAGTAAGGATT",2310,5127,56,0.0109225668031988,"Unknown"
"TACACGAGTCCAGTTA","SRA526435","SRS1915196","Mus musculus","10x chromium","Cortex, hippocampus and subventricular zone","TACACGAGTCCAGTTA",3617,9391,219,0.0233202001916729,"Unknown"
"TACACGAGTCCCTACT","SRA526435","SRS1915196","Mus musculus","10x chromium","Cortex, hippocampus and subventricular zone","TACACGAGTCCCTACT",1946,3611,60,0.0166158958737192,"Unknown"
"TACACGAGTTAAGATG","SRA526435","SRS1915196","Mus musculus","10x chromium","Cortex, hippocampus and subventricular zone","TACACGAGTTAAGATG",3989,12382,143,0.011549022774996,"Unknown"
"TACACGAGTTTGTTTC","SRA526435","SRS1915196","Mus musculus","10x chromium","Cortex, hippocampus and subventricular zone","TACACGAGTTTGTTTC",3475,9987,167,0.0167217382597377,"Unknown"
"TACACGATCACGGTTA","SRA526435","SRS1915196","Mus musculus","10x chromium","Cortex, hippocampus and subventricular zone","TACACGATCACGGTTA",882,1314,42,0.0319634703196347,"Unknown"
"TACACGATCCTTCAAT","SRA526435","SRS1915196","Mus musculus","10x chromium","Cortex, hippocampus and subventricular zone","TACACGATCCTTCAAT",1996,4135,60,0.0145102781136638,"Unknown"
"TACACGATCTGGGCCA","SRA526435","SRS1915196","Mus musculus","10x chromium","Cortex, hippocampus and subventricular zone","TACACGATCTGGGCCA",1240,2006,24,0.0119641076769691,"Unknown"
"TACAGTGAGAGTACAT","SRA526435","SRS1915196","Mus musculus","10x chromium","Cortex, hippocampus and subventricular zone","TACAGTGAGAGTACAT",3092,7780,80,0.0102827763496144,"Unknown"
"TACAGTGAGTACGACG","SRA526435","SRS1915196","Mus musculus","10x chromium","Cortex, hippocampus and subventricular zone","TACAGTGAGTACGACG",1266,2129,45,0.0211366838891498,"Unknown"
"TACAGTGAGTACGATA","SRA526435","SRS1915196","Mus musculus","10x chromium","Cortex, hippocampus and subventricular zone","TACAGTGAGTACGATA",2433,5910,94,0.0159052453468697,"Pericytes"
"TACAGTGAGTGACATA","SRA526435","SRS1915196","Mus musculus","10x chromium","Cortex, hippocampus and subventricular zone","TACAGTGAGTGACATA",1356,2333,30,0.0128589798542649,"Unknown"
"TACAGTGAGTGTACTC","SRA526435","SRS1915196","Mus musculus","10x chromium","Cortex, hippocampus and subventricular zone","TACAGTGAGTGTACTC",1126,1873,59,0.0315002669514148,"Unknown"
"TACAGTGAGTGTCTCA","SRA526435","SRS1915196","Mus musculus","10x chromium","Cortex, hippocampus and subventricular zone","TACAGTGAGTGTCTCA",3042,8169,121,0.0148120945036112,"Unknown"
"TACAGTGCAAACCCAT","SRA526435","SRS1915196","Mus musculus","10x chromium","Cortex, hippocampus and subventricular zone","TACAGTGCAAACCCAT",999,1399,47,0.0335954253037884,"Unknown"
"TACAGTGCAAGTAATG","SRA526435","SRS1915196","Mus musculus","10x chromium","Cortex, hippocampus and subventricular zone","TACAGTGCAAGTAATG",2660,6305,78,0.0123711340206186,"Unknown"
"TACAGTGCAGATAATG","SRA526435","SRS1915196","Mus musculus","10x chromium","Cortex, hippocampus and subventricular zone","TACAGTGCAGATAATG",1764,3604,61,0.0169256381798002,"Unknown"
"TACAGTGCAGTCGTGC","SRA526435","SRS1915196","Mus musculus","10x chromium","Cortex, hippocampus and subventricular zone","TACAGTGCAGTCGTGC",2126,4150,60,0.0144578313253012,"Unknown"
"TACAGTGCATTAGGCT","SRA526435","SRS1915196","Mus musculus","10x chromium","Cortex, hippocampus and subventricular zone","TACAGTGCATTAGGCT",1717,2899,10,0.0034494653328734,"Unknown"
"TACAGTGGTTGAACTC","SRA526435","SRS1915196","Mus musculus","10x chromium","Cortex, hippocampus and subventricular zone","TACAGTGGTTGAACTC",1694,2994,28,0.00935203740814963,"Unknown"
"TACAGTGTCAACACAC","SRA526435","SRS1915196","Mus musculus","10x chromium","Cortex, hippocampus and subventricular zone","TACAGTGTCAACACAC",1270,2121,70,0.033003300330033,"Unknown"
"TACAGTGTCAATCACG","SRA526435","SRS1915196","Mus musculus","10x chromium","Cortex, hippocampus and subventricular zone","TACAGTGTCAATCACG",2901,6874,79,0.0114925807390166,"Unknown"
"TACAGTGTCACTCTTA","SRA526435","SRS1915196","Mus musculus","10x chromium","Cortex, hippocampus and subventricular zone","TACAGTGTCACTCTTA",1104,1665,125,0.0750750750750751,"Cajal-Retzius cells"
"TACAGTGTCCGAGCCA","SRA526435","SRS1915196","Mus musculus","10x chromium","Cortex, hippocampus and subventricular zone","TACAGTGTCCGAGCCA",2199,5001,31,0.00619876024795041,"Unknown"
"TACAGTGTCGAGGTAG","SRA526435","SRS1915196","Mus musculus","10x chromium","Cortex, hippocampus and subventricular zone","TACAGTGTCGAGGTAG",2158,4387,52,0.011853202644176,"Unknown"
"TACAGTGTCGGAGGTA","SRA526435","SRS1915196","Mus musculus","10x chromium","Cortex, hippocampus and subventricular zone","TACAGTGTCGGAGGTA",2459,5554,63,0.011343176089305,"Unknown"
"TACAGTGTCTCCTATA","SRA526435","SRS1915196","Mus musculus","10x chromium","Cortex, hippocampus and subventricular zone","TACAGTGTCTCCTATA",807,1181,81,0.0685859441151566,"Cajal-Retzius cells"
"TACAGTGTCTGTCAAG","SRA526435","SRS1915196","Mus musculus","10x chromium","Cortex, hippocampus and subventricular zone","TACAGTGTCTGTCAAG",1799,3424,57,0.0166471962616822,"Unknown"
"TACCTATAGATCCGAG","SRA526435","SRS1915196","Mus musculus","10x chromium","Cortex, hippocampus and subventricular zone","TACCTATAGATCCGAG",2415,5322,68,0.0127771514468245,"Pericytes"
"TACCTATAGCAAATCA","SRA526435","SRS1915196","Mus musculus","10x chromium","Cortex, hippocampus and subventricular zone","TACCTATAGCAAATCA",2260,5512,69,0.0125181422351234,"Unknown"
"TACCTATAGTGAACAT","SRA526435","SRS1915196","Mus musculus","10x chromium","Cortex, hippocampus and subventricular zone","TACCTATAGTGAACAT",2607,5916,43,0.0072684246112238,"Unknown"
"TACCTATAGTTGCAGG","SRA526435","SRS1915196","Mus musculus","10x chromium","Cortex, hippocampus and subventricular zone","TACCTATAGTTGCAGG",2049,4219,31,0.00734771272813463,"Unknown"
"TACCTATCAAGGACAC","SRA526435","SRS1915196","Mus musculus","10x chromium","Cortex, hippocampus and subventricular zone","TACCTATCAAGGACAC",1394,2477,40,0.0161485668146952,"Unknown"
"TACCTATCAAGGTTCT","SRA526435","SRS1915196","Mus musculus","10x chromium","Cortex, hippocampus and subventricular zone","TACCTATCAAGGTTCT",1289,2414,46,0.0190555095277548,"Unknown"
"TACCTATCACCTGGTG","SRA526435","SRS1915196","Mus musculus","10x chromium","Cortex, hippocampus and subventricular zone","TACCTATCACCTGGTG",3155,7660,113,0.0147519582245431,"Cajal-Retzius cells"
"TACCTATCACGGCCAT","SRA526435","SRS1915196","Mus musculus","10x chromium","Cortex, hippocampus and subventricular zone","TACCTATCACGGCCAT",930,1356,39,0.0287610619469027,"Unknown"
"TACCTATCAGACGCAA","SRA526435","SRS1915196","Mus musculus","10x chromium","Cortex, hippocampus and subventricular zone","TACCTATCAGACGCAA",2397,4945,25,0.00505561172901921,"Unknown"
"TACCTATCAGCATGAG","SRA526435","SRS1915196","Mus musculus","10x chromium","Cortex, hippocampus and subventricular zone","TACCTATCAGCATGAG",1547,3384,46,0.0135933806146572,"Unknown"
"TACCTATCAGCTGCTG","SRA526435","SRS1915196","Mus musculus","10x chromium","Cortex, hippocampus and subventricular zone","TACCTATCAGCTGCTG",1831,3323,81,0.0243755642491724,"Unknown"
"TACCTATCATAACCTG","SRA526435","SRS1915196","Mus musculus","10x chromium","Cortex, hippocampus and subventricular zone","TACCTATCATAACCTG",1107,1762,10,0.00567536889897843,"Unknown"
"TACCTATCATAAGACA","SRA526435","SRS1915196","Mus musculus","10x chromium","Cortex, hippocampus and subventricular zone","TACCTATCATAAGACA",2044,4214,59,0.0140009492168961,"Unknown"
"TACCTATCATGGGACA","SRA526435","SRS1915196","Mus musculus","10x chromium","Cortex, hippocampus and subventricular zone","TACCTATCATGGGACA",1283,2582,27,0.0104570100697134,"Unknown"
"TACCTATGTATAGGTA","SRA526435","SRS1915196","Mus musculus","10x chromium","Cortex, hippocampus and subventricular zone","TACCTATGTATAGGTA",1681,3483,43,0.0123456790123457,"Unknown"
"TACCTATGTCGACTAT","SRA526435","SRS1915196","Mus musculus","10x chromium","Cortex, hippocampus and subventricular zone","TACCTATGTCGACTAT",1727,3133,43,0.013724864347271,"Unknown"
"TACCTATGTCGCTTTC","SRA526435","SRS1915196","Mus musculus","10x chromium","Cortex, hippocampus and subventricular zone","TACCTATGTCGCTTTC",1942,3748,38,0.0101387406616862,"Unknown"
"TACCTATGTCTCCATC","SRA526435","SRS1915196","Mus musculus","10x chromium","Cortex, hippocampus and subventricular zone","TACCTATGTCTCCATC",2080,4555,49,0.0107574094401756,"Unknown"
"TACCTATGTCTTGATG","SRA526435","SRS1915196","Mus musculus","10x chromium","Cortex, hippocampus and subventricular zone","TACCTATGTCTTGATG",1272,1979,39,0.0197069226882264,"Unknown"
"TACCTATGTGTGAATA","SRA526435","SRS1915196","Mus musculus","10x chromium","Cortex, hippocampus and subventricular zone","TACCTATGTGTGAATA",663,1051,15,0.0142721217887726,"Unknown"
"TACCTATGTGTTTGTG","SRA526435","SRS1915196","Mus musculus","10x chromium","Cortex, hippocampus and subventricular zone","TACCTATGTGTTTGTG",2437,5192,36,0.00693374422187982,"Unknown"
"TACCTATGTTAAGGGC","SRA526435","SRS1915196","Mus musculus","10x chromium","Cortex, hippocampus and subventricular zone","TACCTATGTTAAGGGC",2273,4650,38,0.00817204301075269,"Unknown"
"TACCTATGTTGTACAC","SRA526435","SRS1915196","Mus musculus","10x chromium","Cortex, hippocampus and subventricular zone","TACCTATGTTGTACAC",3854,12774,229,0.0179270392985752,"Endothelial cells"
"TACCTATTCACCCGAG","SRA526435","SRS1915196","Mus musculus","10x chromium","Cortex, hippocampus and subventricular zone","TACCTATTCACCCGAG",3386,9697,123,0.012684335361452,"Unknown"
"TACCTATTCAGCATGT","SRA526435","SRS1915196","Mus musculus","10x chromium","Cortex, hippocampus and subventricular zone","TACCTATTCAGCATGT",2088,4521,48,0.0106171201061712,"Unknown"
"TACCTATTCAGCTCGG","SRA526435","SRS1915196","Mus musculus","10x chromium","Cortex, hippocampus and subventricular zone","TACCTATTCAGCTCGG",2454,5219,93,0.0178195056524238,"Unknown"
"TACCTATTCAGTCCCT","SRA526435","SRS1915196","Mus musculus","10x chromium","Cortex, hippocampus and subventricular zone","TACCTATTCAGTCCCT",1978,3949,52,0.0131678906052165,"Unknown"
"TACCTATTCCCATTAT","SRA526435","SRS1915196","Mus musculus","10x chromium","Cortex, hippocampus and subventricular zone","TACCTATTCCCATTAT",1684,3396,53,0.0156065959952886,"Unknown"
"TACCTATTCCGAATGT","SRA526435","SRS1915196","Mus musculus","10x chromium","Cortex, hippocampus and subventricular zone","TACCTATTCCGAATGT",2289,4185,72,0.0172043010752688,"Unknown"
"TACCTATTCTTCTGGC","SRA526435","SRS1915196","Mus musculus","10x chromium","Cortex, hippocampus and subventricular zone","TACCTATTCTTCTGGC",2628,6468,66,0.0102040816326531,"Unknown"
"TACCTTAAGGAGTTTA","SRA526435","SRS1915196","Mus musculus","10x chromium","Cortex, hippocampus and subventricular zone","TACCTTAAGGAGTTTA",1025,1640,46,0.0280487804878049,"Unknown"
"TACCTTAAGGTAAACT","SRA526435","SRS1915196","Mus musculus","10x chromium","Cortex, hippocampus and subventricular zone","TACCTTAAGGTAAACT",2845,6617,77,0.0116366933655735,"Unknown"
"TACCTTACACCCAGTG","SRA526435","SRS1915196","Mus musculus","10x chromium","Cortex, hippocampus and subventricular zone","TACCTTACACCCAGTG",1669,3350,66,0.0197014925373134,"Endothelial cells"
"TACCTTACACCGAAAG","SRA526435","SRS1915196","Mus musculus","10x chromium","Cortex, hippocampus and subventricular zone","TACCTTACACCGAAAG",1523,2587,28,0.0108233475067646,"Unknown"
"TACCTTACAGACGTAG","SRA526435","SRS1915196","Mus musculus","10x chromium","Cortex, hippocampus and subventricular zone","TACCTTACAGACGTAG",119,2084,10,0.00479846449136276,"Erythroid-like and erythroid precursor cells"
"TACCTTACATGCCTTC","SRA526435","SRS1915196","Mus musculus","10x chromium","Cortex, hippocampus and subventricular zone","TACCTTACATGCCTTC",2311,4802,62,0.0129112869637651,"Unknown"
"TACCTTAGTGCAACTT","SRA526435","SRS1915196","Mus musculus","10x chromium","Cortex, hippocampus and subventricular zone","TACCTTAGTGCAACTT",2440,5111,52,0.0101741342203091,"Unknown"
"TACCTTAGTTCGTCTC","SRA526435","SRS1915196","Mus musculus","10x chromium","Cortex, hippocampus and subventricular zone","TACCTTAGTTCGTCTC",2415,5296,49,0.00925226586102719,"Unknown"
"TACCTTAGTTGGAGGT","SRA526435","SRS1915196","Mus musculus","10x chromium","Cortex, hippocampus and subventricular zone","TACCTTAGTTGGAGGT",2855,6242,141,0.0225889138096764,"Unknown"
"TACCTTAGTTGTCTTT","SRA526435","SRS1915196","Mus musculus","10x chromium","Cortex, hippocampus and subventricular zone","TACCTTAGTTGTCTTT",1967,3967,59,0.0148726997731283,"Unknown"
"TACCTTATCAGTTTGG","SRA526435","SRS1915196","Mus musculus","10x chromium","Cortex, hippocampus and subventricular zone","TACCTTATCAGTTTGG",1931,3456,31,0.00896990740740741,"Unknown"
"TACCTTATCTACCTGC","SRA526435","SRS1915196","Mus musculus","10x chromium","Cortex, hippocampus and subventricular zone","TACCTTATCTACCTGC",1143,1748,23,0.0131578947368421,"Unknown"
"TACCTTATCTTACCTA","SRA526435","SRS1915196","Mus musculus","10x chromium","Cortex, hippocampus and subventricular zone","TACCTTATCTTACCTA",711,1025,31,0.0302439024390244,"Unknown"
"TACGGATAGAACAACT","SRA526435","SRS1915196","Mus musculus","10x chromium","Cortex, hippocampus and subventricular zone","TACGGATAGAACAACT",2648,7077,65,0.00918468277518723,"Unknown"
"TACGGATAGAAGGTTT","SRA526435","SRS1915196","Mus musculus","10x chromium","Cortex, hippocampus and subventricular zone","TACGGATAGAAGGTTT",1504,2757,32,0.0116068190061661,"Unknown"
"TACGGATAGACTTTCG","SRA526435","SRS1915196","Mus musculus","10x chromium","Cortex, hippocampus and subventricular zone","TACGGATAGACTTTCG",2473,5379,63,0.0117122141662019,"Unknown"
"TACGGATAGCAGCCTC","SRA526435","SRS1915196","Mus musculus","10x chromium","Cortex, hippocampus and subventricular zone","TACGGATAGCAGCCTC",997,1559,48,0.0307889672867223,"Unknown"
"TACGGATAGCTGCCCA","SRA526435","SRS1915196","Mus musculus","10x chromium","Cortex, hippocampus and subventricular zone","TACGGATAGCTGCCCA",3507,9584,76,0.00792988313856427,"Unknown"
"TACGGATAGGCTCATT","SRA526435","SRS1915196","Mus musculus","10x chromium","Cortex, hippocampus and subventricular zone","TACGGATAGGCTCATT",3054,7607,47,0.0061785197844091,"Unknown"
"TACGGATAGTAGTGCG","SRA526435","SRS1915196","Mus musculus","10x chromium","Cortex, hippocampus and subventricular zone","TACGGATAGTAGTGCG",2488,5495,65,0.0118289353958144,"Unknown"
"TACGGATAGTTACGGG","SRA526435","SRS1915196","Mus musculus","10x chromium","Cortex, hippocampus and subventricular zone","TACGGATAGTTACGGG",196,3201,6,0.00187441424554827,"Erythroid-like and erythroid precursor cells"
"TACGGATAGTTGAGAT","SRA526435","SRS1915196","Mus musculus","10x chromium","Cortex, hippocampus and subventricular zone","TACGGATAGTTGAGAT",1550,2930,29,0.00989761092150171,"Unknown"
"TACGGATCACATCCAA","SRA526435","SRS1915196","Mus musculus","10x chromium","Cortex, hippocampus and subventricular zone","TACGGATCACATCCAA",1097,1949,58,0.0297588506926629,"Unknown"
"TACGGATCATCGACGC","SRA526435","SRS1915196","Mus musculus","10x chromium","Cortex, hippocampus and subventricular zone","TACGGATCATCGACGC",82,1956,5,0.00255623721881391,"Erythroid-like and erythroid precursor cells"
"TACGGATCATGGTCAT","SRA526435","SRS1915196","Mus musculus","10x chromium","Cortex, hippocampus and subventricular zone","TACGGATCATGGTCAT",2099,4371,56,0.0128117135666895,"Unknown"
"TACGGATCATTCCTCG","SRA526435","SRS1915196","Mus musculus","10x chromium","Cortex, hippocampus and subventricular zone","TACGGATCATTCCTCG",2555,5821,61,0.0104792990895035,"Unknown"
"TACGGATCATTCTTAC","SRA526435","SRS1915196","Mus musculus","10x chromium","Cortex, hippocampus and subventricular zone","TACGGATCATTCTTAC",2215,4725,58,0.0122751322751323,"Unknown"
"TACGGATGTACTCTCC","SRA526435","SRS1915196","Mus musculus","10x chromium","Cortex, hippocampus and subventricular zone","TACGGATGTACTCTCC",2068,4198,33,0.00786088613625536,"Unknown"
"TACGGATGTGAAAGAG","SRA526435","SRS1915196","Mus musculus","10x chromium","Cortex, hippocampus and subventricular zone","TACGGATGTGAAAGAG",987,1465,96,0.0655290102389079,"Unknown"
"TACGGATTCAGTTCGA","SRA526435","SRS1915196","Mus musculus","10x chromium","Cortex, hippocampus and subventricular zone","TACGGATTCAGTTCGA",2409,5232,68,0.0129969418960245,"Unknown"
"TACGGATTCATTTGGG","SRA526435","SRS1915196","Mus musculus","10x chromium","Cortex, hippocampus and subventricular zone","TACGGATTCATTTGGG",2100,4363,60,0.0137520055008022,"Unknown"
"TACGGATTCCCTAATT","SRA526435","SRS1915196","Mus musculus","10x chromium","Cortex, hippocampus and subventricular zone","TACGGATTCCCTAATT",1881,3991,50,0.0125281884239539,"Unknown"
"TACGGATTCCGAACGC","SRA526435","SRS1915196","Mus musculus","10x chromium","Cortex, hippocampus and subventricular zone","TACGGATTCCGAACGC",1960,3611,34,0.00941567432844088,"Unknown"
"TACGGATTCTCTGCTG","SRA526435","SRS1915196","Mus musculus","10x chromium","Cortex, hippocampus and subventricular zone","TACGGATTCTCTGCTG",2542,5419,65,0.0119948329950175,"Unknown"
"TACGGGCCACGTCTCT","SRA526435","SRS1915196","Mus musculus","10x chromium","Cortex, hippocampus and subventricular zone","TACGGGCCACGTCTCT",3510,9807,76,0.00774956663607627,"Unknown"
"TACGGGCCAGCCTTGG","SRA526435","SRS1915196","Mus musculus","10x chromium","Cortex, hippocampus and subventricular zone","TACGGGCCAGCCTTGG",1627,2868,46,0.0160390516039052,"Unknown"
"TACGGGCCAGGAACGT","SRA526435","SRS1915196","Mus musculus","10x chromium","Cortex, hippocampus and subventricular zone","TACGGGCCAGGAACGT",2456,5151,70,0.013589594253543,"Unknown"
"TACGGGCGTCGCTTCT","SRA526435","SRS1915196","Mus musculus","10x chromium","Cortex, hippocampus and subventricular zone","TACGGGCGTCGCTTCT",1629,2793,57,0.0204081632653061,"Unknown"
"TACGGGCGTTATTCTC","SRA526435","SRS1915196","Mus musculus","10x chromium","Cortex, hippocampus and subventricular zone","TACGGGCGTTATTCTC",384,7005,2,0.000285510349750178,"Erythroid-like and erythroid precursor cells"
"TACGGGCGTTGATTCG","SRA526435","SRS1915196","Mus musculus","10x chromium","Cortex, hippocampus and subventricular zone","TACGGGCGTTGATTCG",1308,2526,44,0.0174188440221694,"Unknown"
"TACGGGCTCAACCAAC","SRA526435","SRS1915196","Mus musculus","10x chromium","Cortex, hippocampus and subventricular zone","TACGGGCTCAACCAAC",2154,4191,64,0.0152708184204247,"Unknown"
"TACGGGCTCACCTTAT","SRA526435","SRS1915196","Mus musculus","10x chromium","Cortex, hippocampus and subventricular zone","TACGGGCTCACCTTAT",2885,6027,41,0.00680272108843537,"Unknown"
"TACGGGCTCAGCTCTC","SRA526435","SRS1915196","Mus musculus","10x chromium","Cortex, hippocampus and subventricular zone","TACGGGCTCAGCTCTC",2079,4002,36,0.00899550224887556,"Unknown"
"TACGGGCTCCTCATTA","SRA526435","SRS1915196","Mus musculus","10x chromium","Cortex, hippocampus and subventricular zone","TACGGGCTCCTCATTA",2610,6037,56,0.00927613052840815,"Unknown"
"TACGGGCTCTAACCGA","SRA526435","SRS1915196","Mus musculus","10x chromium","Cortex, hippocampus and subventricular zone","TACGGGCTCTAACCGA",2436,4978,83,0.0166733627963037,"Unknown"
"TACGGGCTCTAGCACA","SRA526435","SRS1915196","Mus musculus","10x chromium","Cortex, hippocampus and subventricular zone","TACGGGCTCTAGCACA",1917,3883,118,0.0303888745815091,"Unknown"
"TACGGTAAGAAGGGTA","SRA526435","SRS1915196","Mus musculus","10x chromium","Cortex, hippocampus and subventricular zone","TACGGTAAGAAGGGTA",2244,4983,83,0.0166566325506723,"Unknown"
"TACGGTAAGAATGTTG","SRA526435","SRS1915196","Mus musculus","10x chromium","Cortex, hippocampus and subventricular zone","TACGGTAAGAATGTTG",2197,4266,62,0.0145335208626348,"Unknown"
"TACGGTAAGACAGGCT","SRA526435","SRS1915196","Mus musculus","10x chromium","Cortex, hippocampus and subventricular zone","TACGGTAAGACAGGCT",858,1244,41,0.0329581993569132,"Unknown"
"TACGGTAAGAGCTGGT","SRA526435","SRS1915196","Mus musculus","10x chromium","Cortex, hippocampus and subventricular zone","TACGGTAAGAGCTGGT",1453,2658,45,0.0169300225733634,"Unknown"
"TACGGTAAGTAGCCGA","SRA526435","SRS1915196","Mus musculus","10x chromium","Cortex, hippocampus and subventricular zone","TACGGTAAGTAGCCGA",1670,3082,45,0.0146009085009734,"Unknown"
"TACGGTAAGTATCTCG","SRA526435","SRS1915196","Mus musculus","10x chromium","Cortex, hippocampus and subventricular zone","TACGGTAAGTATCTCG",1592,3135,64,0.020414673046252,"Unknown"
"TACGGTAAGTGAAGTT","SRA526435","SRS1915196","Mus musculus","10x chromium","Cortex, hippocampus and subventricular zone","TACGGTAAGTGAAGTT",2539,5484,72,0.0131291028446389,"Unknown"
"TACGGTACAATACGCT","SRA526435","SRS1915196","Mus musculus","10x chromium","Cortex, hippocampus and subventricular zone","TACGGTACAATACGCT",2647,6195,74,0.0119451170298628,"Unknown"
"TACGGTACACAGTCGC","SRA526435","SRS1915196","Mus musculus","10x chromium","Cortex, hippocampus and subventricular zone","TACGGTACACAGTCGC",2349,4213,73,0.0173273201993829,"Oligodendrocyte progenitor cells"
"TACGGTACACCATGTA","SRA526435","SRS1915196","Mus musculus","10x chromium","Cortex, hippocampus and subventricular zone","TACGGTACACCATGTA",3508,10277,109,0.010606208037365,"Unknown"
"TACGGTACAGATGAGC","SRA526435","SRS1915196","Mus musculus","10x chromium","Cortex, hippocampus and subventricular zone","TACGGTACAGATGAGC",2476,5579,73,0.0130847822190357,"Unknown"
"TACGGTACAGCCTGTG","SRA526435","SRS1915196","Mus musculus","10x chromium","Cortex, hippocampus and subventricular zone","TACGGTACAGCCTGTG",2682,6049,97,0.0160357083815507,"Unknown"
"TACGGTACAGCGTTCG","SRA526435","SRS1915196","Mus musculus","10x chromium","Cortex, hippocampus and subventricular zone","TACGGTACAGCGTTCG",1024,1669,61,0.03654883163571,"Unknown"
"TACGGTAGTCAATGTC","SRA526435","SRS1915196","Mus musculus","10x chromium","Cortex, hippocampus and subventricular zone","TACGGTAGTCAATGTC",2660,5803,58,0.00999483026021024,"Unknown"
"TACGGTAGTCTAACGT","SRA526435","SRS1915196","Mus musculus","10x chromium","Cortex, hippocampus and subventricular zone","TACGGTAGTCTAACGT",801,1379,5,0.00362581580855693,"Unknown"
"TACGGTAGTTGTACAC","SRA526435","SRS1915196","Mus musculus","10x chromium","Cortex, hippocampus and subventricular zone","TACGGTAGTTGTACAC",3120,8177,120,0.0146753087929559,"Unknown"
"TACGGTATCGCGCCAA","SRA526435","SRS1915196","Mus musculus","10x chromium","Cortex, hippocampus and subventricular zone","TACGGTATCGCGCCAA",3499,9638,121,0.0125544718821332,"Endothelial cells"
"TACGGTATCTCGCTTG","SRA526435","SRS1915196","Mus musculus","10x chromium","Cortex, hippocampus and subventricular zone","TACGGTATCTCGCTTG",691,1268,27,0.0212933753943218,"Unknown"
"TACGGTATCTGAGTGT","SRA526435","SRS1915196","Mus musculus","10x chromium","Cortex, hippocampus and subventricular zone","TACGGTATCTGAGTGT",1748,3680,76,0.0206521739130435,"Unknown"
"TACGGTATCTGGGCCA","SRA526435","SRS1915196","Mus musculus","10x chromium","Cortex, hippocampus and subventricular zone","TACGGTATCTGGGCCA",5230,19350,177,0.00914728682170543,"Unknown"
"TACGGTATCTGTTGAG","SRA526435","SRS1915196","Mus musculus","10x chromium","Cortex, hippocampus and subventricular zone","TACGGTATCTGTTGAG",1194,2097,38,0.0181211254172628,"Unknown"
"TACGGTATCTTGAGGT","SRA526435","SRS1915196","Mus musculus","10x chromium","Cortex, hippocampus and subventricular zone","TACGGTATCTTGAGGT",2711,6383,82,0.0128466238445872,"Unknown"
"TACTCATAGCCGCCTA","SRA526435","SRS1915196","Mus musculus","10x chromium","Cortex, hippocampus and subventricular zone","TACTCATAGCCGCCTA",2421,5678,63,0.0110954561465305,"Unknown"
"TACTCATAGCCTCGTG","SRA526435","SRS1915196","Mus musculus","10x chromium","Cortex, hippocampus and subventricular zone","TACTCATAGCCTCGTG",1612,3277,43,0.0131217577052182,"Unknown"
"TACTCATAGTGCCATT","SRA526435","SRS1915196","Mus musculus","10x chromium","Cortex, hippocampus and subventricular zone","TACTCATAGTGCCATT",2584,5699,118,0.0207053869099842,"Unknown"
"TACTCATCACCAACCG","SRA526435","SRS1915196","Mus musculus","10x chromium","Cortex, hippocampus and subventricular zone","TACTCATCACCAACCG",3216,7230,76,0.0105117565698479,"Unknown"
"TACTCATCACTCGACG","SRA526435","SRS1915196","Mus musculus","10x chromium","Cortex, hippocampus and subventricular zone","TACTCATCACTCGACG",1831,3431,54,0.0157388516467502,"Endothelial cells"
"TACTCATCATCTATGG","SRA526435","SRS1915196","Mus musculus","10x chromium","Cortex, hippocampus and subventricular zone","TACTCATCATCTATGG",2289,4681,59,0.0126041444135868,"Unknown"
"TACTCATCATGGAATA","SRA526435","SRS1915196","Mus musculus","10x chromium","Cortex, hippocampus and subventricular zone","TACTCATCATGGAATA",4805,16313,182,0.0111567461533746,"Unknown"
"TACTCATGTAGTAGTA","SRA526435","SRS1915196","Mus musculus","10x chromium","Cortex, hippocampus and subventricular zone","TACTCATGTAGTAGTA",2189,4914,86,0.0175010175010175,"Unknown"
"TACTCATGTCAGAATA","SRA526435","SRS1915196","Mus musculus","10x chromium","Cortex, hippocampus and subventricular zone","TACTCATGTCAGAATA",3849,10326,129,0.0124927367809413,"Unknown"
"TACTCATGTCATGCCG","SRA526435","SRS1915196","Mus musculus","10x chromium","Cortex, hippocampus and subventricular zone","TACTCATGTCATGCCG",1981,4047,48,0.0118606375092661,"Unknown"
"TACTCATGTCTCTTAT","SRA526435","SRS1915196","Mus musculus","10x chromium","Cortex, hippocampus and subventricular zone","TACTCATGTCTCTTAT",2068,4172,41,0.0098274209012464,"Unknown"
"TACTCATGTGATGTCT","SRA526435","SRS1915196","Mus musculus","10x chromium","Cortex, hippocampus and subventricular zone","TACTCATGTGATGTCT",2111,4266,36,0.00843881856540084,"Unknown"
"TACTCATGTGCGCTTG","SRA526435","SRS1915196","Mus musculus","10x chromium","Cortex, hippocampus and subventricular zone","TACTCATGTGCGCTTG",2458,5073,28,0.00551941651882515,"Unknown"
"TACTCATGTGGTAACG","SRA526435","SRS1915196","Mus musculus","10x chromium","Cortex, hippocampus and subventricular zone","TACTCATGTGGTAACG",1577,3015,30,0.00995024875621891,"Unknown"
"TACTCATGTTGGTTTG","SRA526435","SRS1915196","Mus musculus","10x chromium","Cortex, hippocampus and subventricular zone","TACTCATGTTGGTTTG",1210,2203,21,0.00953245574216977,"Unknown"
"TACTCATTCAACTCTT","SRA526435","SRS1915196","Mus musculus","10x chromium","Cortex, hippocampus and subventricular zone","TACTCATTCAACTCTT",61,1027,0,0,"Erythroid-like and erythroid precursor cells"
"TACTCATTCAGTTAGC","SRA526435","SRS1915196","Mus musculus","10x chromium","Cortex, hippocampus and subventricular zone","TACTCATTCAGTTAGC",3434,9832,130,0.0132221318144833,"Unknown"
"TACTCATTCCCAGGTG","SRA526435","SRS1915196","Mus musculus","10x chromium","Cortex, hippocampus and subventricular zone","TACTCATTCCCAGGTG",2899,7345,119,0.0162014976174268,"Unknown"
"TACTCATTCCGATATG","SRA526435","SRS1915196","Mus musculus","10x chromium","Cortex, hippocampus and subventricular zone","TACTCATTCCGATATG",2853,7122,89,0.0124964897500702,"Unknown"
"TACTCATTCCGGGTGT","SRA526435","SRS1915196","Mus musculus","10x chromium","Cortex, hippocampus and subventricular zone","TACTCATTCCGGGTGT",2056,4027,51,0.0126645145269431,"Unknown"
"TACTCATTCGAATCCA","SRA526435","SRS1915196","Mus musculus","10x chromium","Cortex, hippocampus and subventricular zone","TACTCATTCGAATCCA",2253,4781,53,0.0110855469567036,"Unknown"
"TACTCATTCGCACTCT","SRA526435","SRS1915196","Mus musculus","10x chromium","Cortex, hippocampus and subventricular zone","TACTCATTCGCACTCT",2323,4418,46,0.0104119511090991,"Unknown"
"TACTCATTCGCTTAGA","SRA526435","SRS1915196","Mus musculus","10x chromium","Cortex, hippocampus and subventricular zone","TACTCATTCGCTTAGA",2852,6500,86,0.0132307692307692,"Unknown"
"TACTCATTCTATCGCC","SRA526435","SRS1915196","Mus musculus","10x chromium","Cortex, hippocampus and subventricular zone","TACTCATTCTATCGCC",2395,5126,67,0.0130706203667577,"Unknown"
"TACTCATTCTGCGGCA","SRA526435","SRS1915196","Mus musculus","10x chromium","Cortex, hippocampus and subventricular zone","TACTCATTCTGCGGCA",1806,3205,54,0.0168486739469579,"Unknown"
"TACTCGCAGATAGCAT","SRA526435","SRS1915196","Mus musculus","10x chromium","Cortex, hippocampus and subventricular zone","TACTCGCAGATAGCAT",2330,4737,58,0.0122440363099008,"Unknown"
"TACTCGCAGCCTCGTG","SRA526435","SRS1915196","Mus musculus","10x chromium","Cortex, hippocampus and subventricular zone","TACTCGCAGCCTCGTG",804,1231,13,0.0105605199025183,"Unknown"
"TACTCGCAGCGTGTCC","SRA526435","SRS1915196","Mus musculus","10x chromium","Cortex, hippocampus and subventricular zone","TACTCGCAGCGTGTCC",2400,5340,66,0.0123595505617978,"Unknown"
"TACTCGCAGGAATTAC","SRA526435","SRS1915196","Mus musculus","10x chromium","Cortex, hippocampus and subventricular zone","TACTCGCAGGAATTAC",957,1484,59,0.0397574123989218,"Unknown"
"TACTCGCAGGCATGTG","SRA526435","SRS1915196","Mus musculus","10x chromium","Cortex, hippocampus and subventricular zone","TACTCGCAGGCATGTG",2025,3993,44,0.0110192837465565,"Unknown"
"TACTCGCAGTAGGCCA","SRA526435","SRS1915196","Mus musculus","10x chromium","Cortex, hippocampus and subventricular zone","TACTCGCAGTAGGCCA",1296,2208,24,0.0108695652173913,"Unknown"
"TACTCGCAGTTACCCA","SRA526435","SRS1915196","Mus musculus","10x chromium","Cortex, hippocampus and subventricular zone","TACTCGCAGTTACCCA",2662,5596,65,0.0116154395997141,"Cajal-Retzius cells"
"TACTCGCCACGAAAGC","SRA526435","SRS1915196","Mus musculus","10x chromium","Cortex, hippocampus and subventricular zone","TACTCGCCACGAAAGC",1443,2536,39,0.0153785488958991,"Unknown"
"TACTCGCCAGCTGCAC","SRA526435","SRS1915196","Mus musculus","10x chromium","Cortex, hippocampus and subventricular zone","TACTCGCCAGCTGCAC",1174,1769,37,0.0209157716223855,"Unknown"
"TACTCGCCAGGCGATA","SRA526435","SRS1915196","Mus musculus","10x chromium","Cortex, hippocampus and subventricular zone","TACTCGCCAGGCGATA",1891,3577,51,0.0142577578976796,"Unknown"
"TACTCGCCAGGGTACA","SRA526435","SRS1915196","Mus musculus","10x chromium","Cortex, hippocampus and subventricular zone","TACTCGCCAGGGTACA",1270,2110,45,0.0213270142180095,"Unknown"
"TACTCGCCATTAGGCT","SRA526435","SRS1915196","Mus musculus","10x chromium","Cortex, hippocampus and subventricular zone","TACTCGCCATTAGGCT",1264,2270,86,0.0378854625550661,"Unknown"
"TACTCGCGTAAGGATT","SRA526435","SRS1915196","Mus musculus","10x chromium","Cortex, hippocampus and subventricular zone","TACTCGCGTAAGGATT",2641,5993,124,0.0206908059402636,"Unknown"
"TACTCGCGTACGCACC","SRA526435","SRS1915196","Mus musculus","10x chromium","Cortex, hippocampus and subventricular zone","TACTCGCGTACGCACC",1911,4161,43,0.0103340543138669,"Unknown"
"TACTCGCGTCAACTGT","SRA526435","SRS1915196","Mus musculus","10x chromium","Cortex, hippocampus and subventricular zone","TACTCGCGTCAACTGT",2511,5469,53,0.00969098555494606,"Unknown"
"TACTCGCGTCCGAATT","SRA526435","SRS1915196","Mus musculus","10x chromium","Cortex, hippocampus and subventricular zone","TACTCGCGTCCGAATT",1015,1496,80,0.053475935828877,"Cajal-Retzius cells"
"TACTCGCTCATCACCC","SRA526435","SRS1915196","Mus musculus","10x chromium","Cortex, hippocampus and subventricular zone","TACTCGCTCATCACCC",2280,4630,54,0.0116630669546436,"Unknown"
"TACTCGCTCCGGGTGT","SRA526435","SRS1915196","Mus musculus","10x chromium","Cortex, hippocampus and subventricular zone","TACTCGCTCCGGGTGT",2165,4521,42,0.0092899800928998,"Unknown"
"TACTCGCTCTCAACTT","SRA526435","SRS1915196","Mus musculus","10x chromium","Cortex, hippocampus and subventricular zone","TACTCGCTCTCAACTT",1622,2835,26,0.0091710758377425,"Unknown"
"TACTCGCTCTTCTGGC","SRA526435","SRS1915196","Mus musculus","10x chromium","Cortex, hippocampus and subventricular zone","TACTCGCTCTTCTGGC",1753,3388,42,0.012396694214876,"Unknown"
"TACTTACAGACAGGCT","SRA526435","SRS1915196","Mus musculus","10x chromium","Cortex, hippocampus and subventricular zone","TACTTACAGACAGGCT",2611,6171,114,0.0184735051045211,"Unknown"
"TACTTACAGATCCCGC","SRA526435","SRS1915196","Mus musculus","10x chromium","Cortex, hippocampus and subventricular zone","TACTTACAGATCCCGC",1713,3173,50,0.0157579577686732,"Unknown"
"TACTTACAGCTCTCGG","SRA526435","SRS1915196","Mus musculus","10x chromium","Cortex, hippocampus and subventricular zone","TACTTACAGCTCTCGG",3111,8238,66,0.00801165331391114,"Unknown"
"TACTTACCACACATGT","SRA526435","SRS1915196","Mus musculus","10x chromium","Cortex, hippocampus and subventricular zone","TACTTACCACACATGT",2057,4406,100,0.0226963231956423,"Unknown"
"TACTTACCATCACGAT","SRA526435","SRS1915196","Mus musculus","10x chromium","Cortex, hippocampus and subventricular zone","TACTTACCATCACGAT",1018,1548,27,0.0174418604651163,"Unknown"
"TACTTACCATCGATGT","SRA526435","SRS1915196","Mus musculus","10x chromium","Cortex, hippocampus and subventricular zone","TACTTACCATCGATGT",2272,5302,57,0.0107506601282535,"Unknown"
"TACTTACCATGGTAGG","SRA526435","SRS1915196","Mus musculus","10x chromium","Cortex, hippocampus and subventricular zone","TACTTACCATGGTAGG",1033,1720,23,0.0133720930232558,"Unknown"
"TACTTACGTAAATACG","SRA526435","SRS1915196","Mus musculus","10x chromium","Cortex, hippocampus and subventricular zone","TACTTACGTAAATACG",2363,5981,82,0.0137100819260993,"Unknown"
"TACTTACGTACATCCA","SRA526435","SRS1915196","Mus musculus","10x chromium","Cortex, hippocampus and subventricular zone","TACTTACGTACATCCA",2815,6885,74,0.0107480029048657,"Unknown"
"TACTTACGTACTTAGC","SRA526435","SRS1915196","Mus musculus","10x chromium","Cortex, hippocampus and subventricular zone","TACTTACGTACTTAGC",1480,2645,33,0.012476370510397,"Unknown"
"TACTTACGTACTTGAC","SRA526435","SRS1915196","Mus musculus","10x chromium","Cortex, hippocampus and subventricular zone","TACTTACGTACTTGAC",2015,3725,36,0.00966442953020134,"Unknown"
"TACTTACGTCAAAGCG","SRA526435","SRS1915196","Mus musculus","10x chromium","Cortex, hippocampus and subventricular zone","TACTTACGTCAAAGCG",5383,16249,268,0.0164933226660102,"Endothelial cells"
"TACTTACGTCAACTGT","SRA526435","SRS1915196","Mus musculus","10x chromium","Cortex, hippocampus and subventricular zone","TACTTACGTCAACTGT",2807,6581,68,0.0103327761738338,"Unknown"
"TACTTACGTCTCCACT","SRA526435","SRS1915196","Mus musculus","10x chromium","Cortex, hippocampus and subventricular zone","TACTTACGTCTCCACT",2034,3942,45,0.0114155251141553,"Unknown"
"TACTTACGTTCGCTAA","SRA526435","SRS1915196","Mus musculus","10x chromium","Cortex, hippocampus and subventricular zone","TACTTACGTTCGCTAA",3925,10701,76,0.00710213998691711,"Unknown"
"TACTTACTCATGCATG","SRA526435","SRS1915196","Mus musculus","10x chromium","Cortex, hippocampus and subventricular zone","TACTTACTCATGCATG",3611,9372,134,0.0142979086641058,"Unknown"
"TACTTACTCCTAGGGC","SRA526435","SRS1915196","Mus musculus","10x chromium","Cortex, hippocampus and subventricular zone","TACTTACTCCTAGGGC",1046,1599,30,0.0187617260787993,"Unknown"
"TACTTACTCCTATGTT","SRA526435","SRS1915196","Mus musculus","10x chromium","Cortex, hippocampus and subventricular zone","TACTTACTCCTATGTT",2132,4276,61,0.014265668849392,"Unknown"
"TACTTACTCCTGCTTG","SRA526435","SRS1915196","Mus musculus","10x chromium","Cortex, hippocampus and subventricular zone","TACTTACTCCTGCTTG",1436,2606,27,0.0103607060629317,"Unknown"
"TACTTACTCTAACTCT","SRA526435","SRS1915196","Mus musculus","10x chromium","Cortex, hippocampus and subventricular zone","TACTTACTCTAACTCT",78,2037,3,0.00147275405007364,"Erythroid-like and erythroid precursor cells"
"TACTTACTCTGCAAGT","SRA526435","SRS1915196","Mus musculus","10x chromium","Cortex, hippocampus and subventricular zone","TACTTACTCTGCAAGT",2004,3714,42,0.0113085621970921,"Unknown"
"TACTTACTCTGCAGTA","SRA526435","SRS1915196","Mus musculus","10x chromium","Cortex, hippocampus and subventricular zone","TACTTACTCTGCAGTA",1534,3074,42,0.0136629798308393,"Unknown"
"TACTTACTCTTAGAGC","SRA526435","SRS1915196","Mus musculus","10x chromium","Cortex, hippocampus and subventricular zone","TACTTACTCTTAGAGC",1941,3806,30,0.00788229111928534,"Unknown"
"TACTTACTCTTGAGAC","SRA526435","SRS1915196","Mus musculus","10x chromium","Cortex, hippocampus and subventricular zone","TACTTACTCTTGAGAC",2279,5274,37,0.00701554797117937,"Unknown"
"TACTTGTAGACGCAAC","SRA526435","SRS1915196","Mus musculus","10x chromium","Cortex, hippocampus and subventricular zone","TACTTGTAGACGCAAC",1217,2105,38,0.0180522565320665,"Unknown"
"TACTTGTAGATCGGGT","SRA526435","SRS1915196","Mus musculus","10x chromium","Cortex, hippocampus and subventricular zone","TACTTGTAGATCGGGT",3358,9212,96,0.0104211897524967,"Unknown"
"TACTTGTAGTGCGATG","SRA526435","SRS1915196","Mus musculus","10x chromium","Cortex, hippocampus and subventricular zone","TACTTGTAGTGCGATG",2826,6483,58,0.00894647539719266,"Microglia"
"TACTTGTCACAGTCGC","SRA526435","SRS1915196","Mus musculus","10x chromium","Cortex, hippocampus and subventricular zone","TACTTGTCACAGTCGC",1948,3636,28,0.0077007700770077,"Unknown"
"TACTTGTCACTTGGAT","SRA526435","SRS1915196","Mus musculus","10x chromium","Cortex, hippocampus and subventricular zone","TACTTGTCACTTGGAT",1401,2812,31,0.0110241820768137,"Endothelial cells"
"TACTTGTCAGCCACCA","SRA526435","SRS1915196","Mus musculus","10x chromium","Cortex, hippocampus and subventricular zone","TACTTGTCAGCCACCA",2722,5856,91,0.0155396174863388,"Unknown"
"TACTTGTCAGTGAGTG","SRA526435","SRS1915196","Mus musculus","10x chromium","Cortex, hippocampus and subventricular zone","TACTTGTCAGTGAGTG",1330,2316,46,0.0198618307426598,"Unknown"
"TACTTGTGTCGCATAT","SRA526435","SRS1915196","Mus musculus","10x chromium","Cortex, hippocampus and subventricular zone","TACTTGTGTCGCATAT",86,1491,2,0.00134138162307176,"Erythroid-like and erythroid precursor cells"
"TACTTGTGTCGGGTCT","SRA526435","SRS1915196","Mus musculus","10x chromium","Cortex, hippocampus and subventricular zone","TACTTGTGTCGGGTCT",2635,6024,80,0.0132802124833997,"Unknown"
"TACTTGTGTGAAAGAG","SRA526435","SRS1915196","Mus musculus","10x chromium","Cortex, hippocampus and subventricular zone","TACTTGTGTGAAAGAG",4138,12297,95,0.0077254614946735,"Cajal-Retzius cells"
"TACTTGTGTGAGGCTA","SRA526435","SRS1915196","Mus musculus","10x chromium","Cortex, hippocampus and subventricular zone","TACTTGTGTGAGGCTA",956,1508,34,0.0225464190981432,"Unknown"
"TACTTGTTCATACGGT","SRA526435","SRS1915196","Mus musculus","10x chromium","Cortex, hippocampus and subventricular zone","TACTTGTTCATACGGT",592,1051,10,0.00951474785918173,"Unknown"
"TACTTGTTCTAACTCT","SRA526435","SRS1915196","Mus musculus","10x chromium","Cortex, hippocampus and subventricular zone","TACTTGTTCTAACTCT",1941,3653,20,0.00547495209416918,"Unknown"
"TAGACCAAGCGAGAAA","SRA526435","SRS1915196","Mus musculus","10x chromium","Cortex, hippocampus and subventricular zone","TAGACCAAGCGAGAAA",2600,5875,97,0.0165106382978723,"Unknown"
"TAGACCAAGTACGTAA","SRA526435","SRS1915196","Mus musculus","10x chromium","Cortex, hippocampus and subventricular zone","TAGACCAAGTACGTAA",1064,1698,67,0.0394581861012956,"Unknown"
"TAGACCAAGTCAATAG","SRA526435","SRS1915196","Mus musculus","10x chromium","Cortex, hippocampus and subventricular zone","TAGACCAAGTCAATAG",2504,5701,50,0.00877039115944571,"Unknown"
"TAGACCAAGTGATCGG","SRA526435","SRS1915196","Mus musculus","10x chromium","Cortex, hippocampus and subventricular zone","TAGACCAAGTGATCGG",2108,4052,62,0.0153010858835143,"Unknown"
"TAGACCACAAGCCGCT","SRA526435","SRS1915196","Mus musculus","10x chromium","Cortex, hippocampus and subventricular zone","TAGACCACAAGCCGCT",1358,2451,71,0.0289677682578539,"Unknown"
"TAGACCACAAGCGCTC","SRA526435","SRS1915196","Mus musculus","10x chromium","Cortex, hippocampus and subventricular zone","TAGACCACAAGCGCTC",2571,5357,73,0.0136270300541348,"Unknown"
"TAGACCACATGGGACA","SRA526435","SRS1915196","Mus musculus","10x chromium","Cortex, hippocampus and subventricular zone","TAGACCACATGGGACA",669,1497,7,0.00467601870407482,"Unknown"
"TAGACCAGTAGGACAC","SRA526435","SRS1915196","Mus musculus","10x chromium","Cortex, hippocampus and subventricular zone","TAGACCAGTAGGACAC",2615,5794,67,0.0115636865723162,"Unknown"
"TAGACCAGTTACTGAC","SRA526435","SRS1915196","Mus musculus","10x chromium","Cortex, hippocampus and subventricular zone","TAGACCAGTTACTGAC",1361,2320,27,0.0116379310344828,"Unknown"
"TAGACCAGTTGTGGAG","SRA526435","SRS1915196","Mus musculus","10x chromium","Cortex, hippocampus and subventricular zone","TAGACCAGTTGTGGAG",2054,4314,99,0.0229485396383866,"Unknown"
"TAGACCATCACCCGAG","SRA526435","SRS1915196","Mus musculus","10x chromium","Cortex, hippocampus and subventricular zone","TAGACCATCACCCGAG",1659,2686,11,0.00409530900967982,"Unknown"
"TAGACCATCCTGTACC","SRA526435","SRS1915196","Mus musculus","10x chromium","Cortex, hippocampus and subventricular zone","TAGACCATCCTGTACC",3059,8033,58,0.0072202166064982,"Unknown"
"TAGACCATCTCTGTCG","SRA526435","SRS1915196","Mus musculus","10x chromium","Cortex, hippocampus and subventricular zone","TAGACCATCTCTGTCG",2280,4784,48,0.0100334448160535,"Unknown"
"TAGACCATCTGAGTGT","SRA526435","SRS1915196","Mus musculus","10x chromium","Cortex, hippocampus and subventricular zone","TAGACCATCTGAGTGT",1345,2294,23,0.0100261551874455,"Unknown"
"TAGAGCTAGAGCCCAA","SRA526435","SRS1915196","Mus musculus","10x chromium","Cortex, hippocampus and subventricular zone","TAGAGCTAGAGCCCAA",1992,4064,77,0.0189468503937008,"Unknown"
"TAGAGCTAGAGGGATA","SRA526435","SRS1915196","Mus musculus","10x chromium","Cortex, hippocampus and subventricular zone","TAGAGCTAGAGGGATA",3523,9899,143,0.014445903626629,"Cajal-Retzius cells"
"TAGAGCTAGAGGTACC","SRA526435","SRS1915196","Mus musculus","10x chromium","Cortex, hippocampus and subventricular zone","TAGAGCTAGAGGTACC",2101,4101,129,0.0314557425018288,"Pericytes"
"TAGAGCTAGTATCTCG","SRA526435","SRS1915196","Mus musculus","10x chromium","Cortex, hippocampus and subventricular zone","TAGAGCTAGTATCTCG",2394,5101,50,0.00980199960792002,"Unknown"
"TAGAGCTCACATGGGA","SRA526435","SRS1915196","Mus musculus","10x chromium","Cortex, hippocampus and subventricular zone","TAGAGCTCACATGGGA",750,1012,47,0.0464426877470356,"Unknown"
"TAGAGCTCAGACTCGC","SRA526435","SRS1915196","Mus musculus","10x chromium","Cortex, hippocampus and subventricular zone","TAGAGCTCAGACTCGC",103,2769,1,0.000361141206211629,"Erythroid-like and erythroid precursor cells"
"TAGAGCTCAGTTCATG","SRA526435","SRS1915196","Mus musculus","10x chromium","Cortex, hippocampus and subventricular zone","TAGAGCTCAGTTCATG",2713,6183,52,0.0084101568817726,"Unknown"
"TAGAGCTCATCAGTAC","SRA526435","SRS1915196","Mus musculus","10x chromium","Cortex, hippocampus and subventricular zone","TAGAGCTCATCAGTAC",2041,9692,55,0.00567478332645481,"Erythroid-like and erythroid precursor cells"
"TAGAGCTCATGCATGT","SRA526435","SRS1915196","Mus musculus","10x chromium","Cortex, hippocampus and subventricular zone","TAGAGCTCATGCATGT",1350,2513,75,0.0298448070035814,"Unknown"
"TAGAGCTGTACTCTCC","SRA526435","SRS1915196","Mus musculus","10x chromium","Cortex, hippocampus and subventricular zone","TAGAGCTGTACTCTCC",2474,5177,41,0.00791964458180413,"Unknown"
"TAGAGCTGTCGACTGC","SRA526435","SRS1915196","Mus musculus","10x chromium","Cortex, hippocampus and subventricular zone","TAGAGCTGTCGACTGC",2221,4478,45,0.0100491290754801,"Unknown"
"TAGAGCTGTCGCGAAA","SRA526435","SRS1915196","Mus musculus","10x chromium","Cortex, hippocampus and subventricular zone","TAGAGCTGTCGCGAAA",2040,4904,54,0.0110114192495922,"Unknown"
"TAGAGCTGTCGTGGCT","SRA526435","SRS1915196","Mus musculus","10x chromium","Cortex, hippocampus and subventricular zone","TAGAGCTGTCGTGGCT",1125,1850,31,0.0167567567567568,"Unknown"
"TAGAGCTGTCTAGTCA","SRA526435","SRS1915196","Mus musculus","10x chromium","Cortex, hippocampus and subventricular zone","TAGAGCTGTCTAGTCA",2795,6602,109,0.0165101484398667,"Unknown"
"TAGAGCTTCAGCGATT","SRA526435","SRS1915196","Mus musculus","10x chromium","Cortex, hippocampus and subventricular zone","TAGAGCTTCAGCGATT",63,2897,16,0.00552295478080773,"Erythroid-like and erythroid precursor cells"
"TAGAGCTTCCACGTGG","SRA526435","SRS1915196","Mus musculus","10x chromium","Cortex, hippocampus and subventricular zone","TAGAGCTTCCACGTGG",2101,4468,63,0.0141002685765443,"Unknown"
"TAGAGCTTCCCACTTG","SRA526435","SRS1915196","Mus musculus","10x chromium","Cortex, hippocampus and subventricular zone","TAGAGCTTCCCACTTG",1222,2157,30,0.0139082058414465,"Unknown"
"TAGAGCTTCCCTCAGT","SRA526435","SRS1915196","Mus musculus","10x chromium","Cortex, hippocampus and subventricular zone","TAGAGCTTCCCTCAGT",2000,4115,56,0.0136087484811665,"Unknown"
"TAGAGCTTCCTGCTTG","SRA526435","SRS1915196","Mus musculus","10x chromium","Cortex, hippocampus and subventricular zone","TAGAGCTTCCTGCTTG",1061,1849,41,0.0221741481882098,"Unknown"
"TAGAGCTTCTAAGCCA","SRA526435","SRS1915196","Mus musculus","10x chromium","Cortex, hippocampus and subventricular zone","TAGAGCTTCTAAGCCA",1452,2583,23,0.0089043747580333,"Unknown"
"TAGCCGGAGAAACCAT","SRA526435","SRS1915196","Mus musculus","10x chromium","Cortex, hippocampus and subventricular zone","TAGCCGGAGAAACCAT",893,1381,58,0.0419985517740768,"Unknown"
"TAGCCGGAGAATAGGG","SRA526435","SRS1915196","Mus musculus","10x chromium","Cortex, hippocampus and subventricular zone","TAGCCGGAGAATAGGG",1602,3206,62,0.0193387398627573,"Unknown"
"TAGCCGGAGACGCAAC","SRA526435","SRS1915196","Mus musculus","10x chromium","Cortex, hippocampus and subventricular zone","TAGCCGGAGACGCAAC",2330,5019,86,0.0171348874277745,"Unknown"
"TAGCCGGAGCCAGTAG","SRA526435","SRS1915196","Mus musculus","10x chromium","Cortex, hippocampus and subventricular zone","TAGCCGGAGCCAGTAG",1019,1419,49,0.0345313601127555,"Unknown"
"TAGCCGGAGTCCGTAT","SRA526435","SRS1915196","Mus musculus","10x chromium","Cortex, hippocampus and subventricular zone","TAGCCGGAGTCCGTAT",1968,3935,38,0.0096569250317662,"Unknown"
"TAGCCGGAGTCTTGCA","SRA526435","SRS1915196","Mus musculus","10x chromium","Cortex, hippocampus and subventricular zone","TAGCCGGAGTCTTGCA",2163,4889,51,0.0104315811004295,"Unknown"
"TAGCCGGCAACGATGG","SRA526435","SRS1915196","Mus musculus","10x chromium","Cortex, hippocampus and subventricular zone","TAGCCGGCAACGATGG",1426,2568,27,0.0105140186915888,"Unknown"
"TAGCCGGCACACTGCG","SRA526435","SRS1915196","Mus musculus","10x chromium","Cortex, hippocampus and subventricular zone","TAGCCGGCACACTGCG",2025,4014,61,0.0151968111609367,"Unknown"
"TAGCCGGCACCAACCG","SRA526435","SRS1915196","Mus musculus","10x chromium","Cortex, hippocampus and subventricular zone","TAGCCGGCACCAACCG",1606,2855,40,0.0140105078809107,"Unknown"
"TAGCCGGCACCCATGG","SRA526435","SRS1915196","Mus musculus","10x chromium","Cortex, hippocampus and subventricular zone","TAGCCGGCACCCATGG",82,1112,6,0.00539568345323741,"Erythroid-like and erythroid precursor cells"
"TAGCCGGCATTCGACA","SRA526435","SRS1915196","Mus musculus","10x chromium","Cortex, hippocampus and subventricular zone","TAGCCGGCATTCGACA",3105,8444,88,0.0104216011369019,"Unknown"
"TAGCCGGGTACAGCAG","SRA526435","SRS1915196","Mus musculus","10x chromium","Cortex, hippocampus and subventricular zone","TAGCCGGGTACAGCAG",2617,6169,79,0.0128059653104231,"Unknown"
"TAGCCGGGTACCTACA","SRA526435","SRS1915196","Mus musculus","10x chromium","Cortex, hippocampus and subventricular zone","TAGCCGGGTACCTACA",1574,2770,195,0.0703971119133574,"Cajal-Retzius cells"
"TAGCCGGGTACGAAAT","SRA526435","SRS1915196","Mus musculus","10x chromium","Cortex, hippocampus and subventricular zone","TAGCCGGGTACGAAAT",778,1041,8,0.00768491834774256,"Unknown"
"TAGCCGGGTAGAAGGA","SRA526435","SRS1915196","Mus musculus","10x chromium","Cortex, hippocampus and subventricular zone","TAGCCGGGTAGAAGGA",2354,5295,56,0.010576015108593,"Unknown"
"TAGCCGGGTCCAGTGC","SRA526435","SRS1915196","Mus musculus","10x chromium","Cortex, hippocampus and subventricular zone","TAGCCGGGTCCAGTGC",1557,2764,39,0.01410998552822,"Unknown"
"TAGCCGGGTGAGGCTA","SRA526435","SRS1915196","Mus musculus","10x chromium","Cortex, hippocampus and subventricular zone","TAGCCGGGTGAGGCTA",1513,2794,22,0.0078740157480315,"Unknown"
"TAGCCGGTCACCTTAT","SRA526435","SRS1915196","Mus musculus","10x chromium","Cortex, hippocampus and subventricular zone","TAGCCGGTCACCTTAT",3163,7623,45,0.00590318772136954,"Unknown"
"TAGCCGGTCATGCAAC","SRA526435","SRS1915196","Mus musculus","10x chromium","Cortex, hippocampus and subventricular zone","TAGCCGGTCATGCAAC",2452,5225,81,0.0155023923444976,"Unknown"
"TAGCCGGTCCGATATG","SRA526435","SRS1915196","Mus musculus","10x chromium","Cortex, hippocampus and subventricular zone","TAGCCGGTCCGATATG",62,1820,2,0.0010989010989011,"Erythroid-like and erythroid precursor cells"
"TAGCCGGTCGCCTGTT","SRA526435","SRS1915196","Mus musculus","10x chromium","Cortex, hippocampus and subventricular zone","TAGCCGGTCGCCTGTT",3135,7630,88,0.0115334207077326,"Unknown"
"TAGCCGGTCGTAGGTT","SRA526435","SRS1915196","Mus musculus","10x chromium","Cortex, hippocampus and subventricular zone","TAGCCGGTCGTAGGTT",1624,3124,38,0.0121638924455826,"Unknown"
"TAGGCATAGAATGTTG","SRA526435","SRS1915196","Mus musculus","10x chromium","Cortex, hippocampus and subventricular zone","TAGGCATAGAATGTTG",1930,3574,64,0.0179071068830442,"Unknown"
"TAGGCATAGACAAGCC","SRA526435","SRS1915196","Mus musculus","10x chromium","Cortex, hippocampus and subventricular zone","TAGGCATAGACAAGCC",2257,4618,54,0.0116933737548722,"Unknown"
"TAGGCATAGACAGAGA","SRA526435","SRS1915196","Mus musculus","10x chromium","Cortex, hippocampus and subventricular zone","TAGGCATAGACAGAGA",3184,7340,40,0.00544959128065395,"Unknown"
"TAGGCATAGCCAGGAT","SRA526435","SRS1915196","Mus musculus","10x chromium","Cortex, hippocampus and subventricular zone","TAGGCATAGCCAGGAT",1379,2098,33,0.0157292659675882,"Unknown"
"TAGGCATAGCGTGAAC","SRA526435","SRS1915196","Mus musculus","10x chromium","Cortex, hippocampus and subventricular zone","TAGGCATAGCGTGAAC",2342,5289,65,0.0122896577802987,"Unknown"
"TAGGCATAGGTGTGGT","SRA526435","SRS1915196","Mus musculus","10x chromium","Cortex, hippocampus and subventricular zone","TAGGCATAGGTGTGGT",1372,2400,82,0.0341666666666667,"Unknown"
"TAGGCATAGTTCCACA","SRA526435","SRS1915196","Mus musculus","10x chromium","Cortex, hippocampus and subventricular zone","TAGGCATAGTTCCACA",3258,8063,149,0.0184794741411385,"Unknown"
"TAGGCATCACCAGGTC","SRA526435","SRS1915196","Mus musculus","10x chromium","Cortex, hippocampus and subventricular zone","TAGGCATCACCAGGTC",3943,11219,94,0.00837864337284963,"Unknown"
"TAGGCATCACTGTGTA","SRA526435","SRS1915196","Mus musculus","10x chromium","Cortex, hippocampus and subventricular zone","TAGGCATCACTGTGTA",2336,4800,59,0.0122916666666667,"Unknown"
"TAGGCATCAGTAAGCG","SRA526435","SRS1915196","Mus musculus","10x chromium","Cortex, hippocampus and subventricular zone","TAGGCATCAGTAAGCG",2513,5336,52,0.00974512743628186,"Unknown"
"TAGGCATGTAGAAAGG","SRA526435","SRS1915196","Mus musculus","10x chromium","Cortex, hippocampus and subventricular zone","TAGGCATGTAGAAAGG",1026,1671,57,0.0341113105924596,"Unknown"
"TAGGCATGTGACTCAT","SRA526435","SRS1915196","Mus musculus","10x chromium","Cortex, hippocampus and subventricular zone","TAGGCATGTGACTCAT",3280,7800,135,0.0173076923076923,"Unknown"
"TAGGCATGTGTAAGTA","SRA526435","SRS1915196","Mus musculus","10x chromium","Cortex, hippocampus and subventricular zone","TAGGCATGTGTAAGTA",1088,1992,54,0.0271084337349398,"Unknown"
"TAGGCATTCACCTTAT","SRA526435","SRS1915196","Mus musculus","10x chromium","Cortex, hippocampus and subventricular zone","TAGGCATTCACCTTAT",2178,4337,39,0.00899239105372377,"Unknown"
"TAGGCATTCATTCACT","SRA526435","SRS1915196","Mus musculus","10x chromium","Cortex, hippocampus and subventricular zone","TAGGCATTCATTCACT",2066,4089,37,0.00904866715578381,"Unknown"
"TAGGCATTCGAATGCT","SRA526435","SRS1915196","Mus musculus","10x chromium","Cortex, hippocampus and subventricular zone","TAGGCATTCGAATGCT",2101,3918,39,0.00995405819295559,"Unknown"
"TAGGCATTCGAGCCCA","SRA526435","SRS1915196","Mus musculus","10x chromium","Cortex, hippocampus and subventricular zone","TAGGCATTCGAGCCCA",1776,3223,28,0.00868755817561278,"Unknown"
"TAGGCATTCGGCTACG","SRA526435","SRS1915196","Mus musculus","10x chromium","Cortex, hippocampus and subventricular zone","TAGGCATTCGGCTACG",2744,5965,76,0.0127409891031014,"Unknown"
"TAGTGGTAGCCTATGT","SRA526435","SRS1915196","Mus musculus","10x chromium","Cortex, hippocampus and subventricular zone","TAGTGGTAGCCTATGT",1392,2638,24,0.0090978013646702,"Unknown"
"TAGTGGTAGTAGGCCA","SRA526435","SRS1915196","Mus musculus","10x chromium","Cortex, hippocampus and subventricular zone","TAGTGGTAGTAGGCCA",2638,5569,45,0.00808044532231999,"Unknown"
"TAGTGGTAGTGTTTGC","SRA526435","SRS1915196","Mus musculus","10x chromium","Cortex, hippocampus and subventricular zone","TAGTGGTAGTGTTTGC",1045,1611,59,0.0366232153941651,"Unknown"
"TAGTGGTCAATAGCAA","SRA526435","SRS1915196","Mus musculus","10x chromium","Cortex, hippocampus and subventricular zone","TAGTGGTCAATAGCAA",1423,2329,9,0.0038643194504079,"Unknown"
"TAGTGGTCAATGTAAG","SRA526435","SRS1915196","Mus musculus","10x chromium","Cortex, hippocampus and subventricular zone","TAGTGGTCAATGTAAG",2423,5092,41,0.00805184603299293,"Endothelial cells"
"TAGTGGTCACGGTGTC","SRA526435","SRS1915196","Mus musculus","10x chromium","Cortex, hippocampus and subventricular zone","TAGTGGTCACGGTGTC",1195,1862,35,0.018796992481203,"Unknown"
"TAGTGGTCAGATCGGA","SRA526435","SRS1915196","Mus musculus","10x chromium","Cortex, hippocampus and subventricular zone","TAGTGGTCAGATCGGA",200,5345,6,0.00112254443405051,"Erythroid-like and erythroid precursor cells"
"TAGTGGTCAGCTGCAC","SRA526435","SRS1915196","Mus musculus","10x chromium","Cortex, hippocampus and subventricular zone","TAGTGGTCAGCTGCAC",2250,4611,52,0.0112773801778356,"Unknown"
"TAGTGGTCAGTGGGAT","SRA526435","SRS1915196","Mus musculus","10x chromium","Cortex, hippocampus and subventricular zone","TAGTGGTCAGTGGGAT",1952,3603,43,0.0119344990285873,"Unknown"
"TAGTGGTCATGACATC","SRA526435","SRS1915196","Mus musculus","10x chromium","Cortex, hippocampus and subventricular zone","TAGTGGTCATGACATC",1742,3494,48,0.0137378362907842,"Unknown"
"TAGTGGTGTACGACCC","SRA526435","SRS1915196","Mus musculus","10x chromium","Cortex, hippocampus and subventricular zone","TAGTGGTGTACGACCC",2404,5611,38,0.00677241133487792,"Unknown"
"TAGTGGTGTCATTAGC","SRA526435","SRS1915196","Mus musculus","10x chromium","Cortex, hippocampus and subventricular zone","TAGTGGTGTCATTAGC",2014,3567,18,0.00504625735912532,"Unknown"
"TAGTGGTGTCCTCCAT","SRA526435","SRS1915196","Mus musculus","10x chromium","Cortex, hippocampus and subventricular zone","TAGTGGTGTCCTCCAT",2328,4712,42,0.00891341256366723,"Unknown"
"TAGTGGTGTCTTGCGG","SRA526435","SRS1915196","Mus musculus","10x chromium","Cortex, hippocampus and subventricular zone","TAGTGGTGTCTTGCGG",2145,4431,54,0.012186865267434,"Unknown"
"TAGTGGTGTGCTGTAT","SRA526435","SRS1915196","Mus musculus","10x chromium","Cortex, hippocampus and subventricular zone","TAGTGGTGTGCTGTAT",3035,7724,118,0.0152770585189021,"Unknown"
"TAGTGGTGTTACCAGT","SRA526435","SRS1915196","Mus musculus","10x chromium","Cortex, hippocampus and subventricular zone","TAGTGGTGTTACCAGT",1374,2306,33,0.0143104943625325,"Unknown"
"TAGTGGTGTTGGAGGT","SRA526435","SRS1915196","Mus musculus","10x chromium","Cortex, hippocampus and subventricular zone","TAGTGGTGTTGGAGGT",3234,8413,49,0.00582431950552716,"Unknown"
"TAGTGGTGTTTCCACC","SRA526435","SRS1915196","Mus musculus","10x chromium","Cortex, hippocampus and subventricular zone","TAGTGGTGTTTCCACC",2741,6434,79,0.0122785203605844,"Unknown"
"TAGTGGTTCACAATGC","SRA526435","SRS1915196","Mus musculus","10x chromium","Cortex, hippocampus and subventricular zone","TAGTGGTTCACAATGC",1335,2360,56,0.023728813559322,"Unknown"
"TAGTGGTTCAGTACGT","SRA526435","SRS1915196","Mus musculus","10x chromium","Cortex, hippocampus and subventricular zone","TAGTGGTTCAGTACGT",1503,3344,63,0.0188397129186603,"Unknown"
"TAGTGGTTCATTGCGA","SRA526435","SRS1915196","Mus musculus","10x chromium","Cortex, hippocampus and subventricular zone","TAGTGGTTCATTGCGA",950,1284,67,0.0521806853582555,"Unknown"
"TAGTGGTTCCTCGCAT","SRA526435","SRS1915196","Mus musculus","10x chromium","Cortex, hippocampus and subventricular zone","TAGTGGTTCCTCGCAT",2254,4427,76,0.0171673819742489,"Unknown"
"TAGTGGTTCCTTGGTC","SRA526435","SRS1915196","Mus musculus","10x chromium","Cortex, hippocampus and subventricular zone","TAGTGGTTCCTTGGTC",1698,2999,28,0.00933644548182728,"Unknown"
"TAGTGGTTCTAACTCT","SRA526435","SRS1915196","Mus musculus","10x chromium","Cortex, hippocampus and subventricular zone","TAGTGGTTCTAACTCT",2270,4824,43,0.00891376451077944,"Unknown"
"TAGTTGGAGACTGTAA","SRA526435","SRS1915196","Mus musculus","10x chromium","Cortex, hippocampus and subventricular zone","TAGTTGGAGACTGTAA",4411,14470,149,0.0102971665514858,"Unknown"
"TAGTTGGAGATCCCGC","SRA526435","SRS1915196","Mus musculus","10x chromium","Cortex, hippocampus and subventricular zone","TAGTTGGAGATCCCGC",1247,2111,27,0.0127901468498342,"Unknown"
"TAGTTGGAGCCGCCTA","SRA526435","SRS1915196","Mus musculus","10x chromium","Cortex, hippocampus and subventricular zone","TAGTTGGAGCCGCCTA",1814,3240,51,0.0157407407407407,"Unknown"
"TAGTTGGAGTAGCCGA","SRA526435","SRS1915196","Mus musculus","10x chromium","Cortex, hippocampus and subventricular zone","TAGTTGGAGTAGCCGA",122,4066,4,0.000983767830791933,"Erythroid-like and erythroid precursor cells"
"TAGTTGGAGTCAATAG","SRA526435","SRS1915196","Mus musculus","10x chromium","Cortex, hippocampus and subventricular zone","TAGTTGGAGTCAATAG",3295,9058,95,0.0104879664385074,"Unknown"
"TAGTTGGCAAATTGCC","SRA526435","SRS1915196","Mus musculus","10x chromium","Cortex, hippocampus and subventricular zone","TAGTTGGCAAATTGCC",1559,2873,42,0.0146188652975983,"Unknown"
"TAGTTGGCAAGCCCAC","SRA526435","SRS1915196","Mus musculus","10x chromium","Cortex, hippocampus and subventricular zone","TAGTTGGCAAGCCCAC",2670,6138,93,0.0151515151515152,"Unknown"
"TAGTTGGCAAGGACTG","SRA526435","SRS1915196","Mus musculus","10x chromium","Cortex, hippocampus and subventricular zone","TAGTTGGCAAGGACTG",2564,5484,75,0.0136761487964989,"Unknown"
"TAGTTGGCAAGGCTCC","SRA526435","SRS1915196","Mus musculus","10x chromium","Cortex, hippocampus and subventricular zone","TAGTTGGCAAGGCTCC",4312,15138,66,0.00435988902100674,"Unknown"
"TAGTTGGCACGGCTAC","SRA526435","SRS1915196","Mus musculus","10x chromium","Cortex, hippocampus and subventricular zone","TAGTTGGCACGGCTAC",3374,8772,23,0.00262197902416781,"Unknown"
"TAGTTGGCAGGAATGC","SRA526435","SRS1915196","Mus musculus","10x chromium","Cortex, hippocampus and subventricular zone","TAGTTGGCAGGAATGC",1873,3697,57,0.0154179064106032,"Unknown"
"TAGTTGGCATGATCCA","SRA526435","SRS1915196","Mus musculus","10x chromium","Cortex, hippocampus and subventricular zone","TAGTTGGCATGATCCA",843,1549,49,0.0316333118140736,"Unknown"
"TAGTTGGCATTGTGCA","SRA526435","SRS1915196","Mus musculus","10x chromium","Cortex, hippocampus and subventricular zone","TAGTTGGCATTGTGCA",1955,3686,36,0.00976668475311991,"Unknown"
"TAGTTGGGTATTACCG","SRA526435","SRS1915196","Mus musculus","10x chromium","Cortex, hippocampus and subventricular zone","TAGTTGGGTATTACCG",2499,4872,45,0.00923645320197044,"Unknown"
"TAGTTGGGTCAAAGCG","SRA526435","SRS1915196","Mus musculus","10x chromium","Cortex, hippocampus and subventricular zone","TAGTTGGGTCAAAGCG",1307,2249,44,0.0195642507781236,"Unknown"
"TAGTTGGGTCAGGACA","SRA526435","SRS1915196","Mus musculus","10x chromium","Cortex, hippocampus and subventricular zone","TAGTTGGGTCAGGACA",939,2123,122,0.0574658502119642,"Unknown"
"TAGTTGGGTCCAGTGC","SRA526435","SRS1915196","Mus musculus","10x chromium","Cortex, hippocampus and subventricular zone","TAGTTGGGTCCAGTGC",2772,6725,78,0.0115985130111524,"Unknown"
"TAGTTGGGTTCACCTC","SRA526435","SRS1915196","Mus musculus","10x chromium","Cortex, hippocampus and subventricular zone","TAGTTGGGTTCACCTC",2156,5009,87,0.0173687362747055,"Pericytes"
"TAGTTGGGTTTGGCGC","SRA526435","SRS1915196","Mus musculus","10x chromium","Cortex, hippocampus and subventricular zone","TAGTTGGGTTTGGCGC",2167,4647,44,0.00946847428448461,"Unknown"
"TAGTTGGTCCAAACAC","SRA526435","SRS1915196","Mus musculus","10x chromium","Cortex, hippocampus and subventricular zone","TAGTTGGTCCAAACAC",738,1131,61,0.0539345711759505,"Unknown"
"TAGTTGGTCTCCGGTT","SRA526435","SRS1915196","Mus musculus","10x chromium","Cortex, hippocampus and subventricular zone","TAGTTGGTCTCCGGTT",870,1298,32,0.024653312788906,"Unknown"
"TATCAGGAGAATGTGT","SRA526435","SRS1915196","Mus musculus","10x chromium","Cortex, hippocampus and subventricular zone","TATCAGGAGAATGTGT",1429,2463,21,0.00852618757612668,"Unknown"
"TATCAGGAGCCAGGAT","SRA526435","SRS1915196","Mus musculus","10x chromium","Cortex, hippocampus and subventricular zone","TATCAGGAGCCAGGAT",1897,4272,112,0.0262172284644195,"Unknown"
"TATCAGGAGGAGTACC","SRA526435","SRS1915196","Mus musculus","10x chromium","Cortex, hippocampus and subventricular zone","TATCAGGAGGAGTACC",2049,4086,53,0.0129711209006363,"Unknown"
"TATCAGGAGTAATCCC","SRA526435","SRS1915196","Mus musculus","10x chromium","Cortex, hippocampus and subventricular zone","TATCAGGAGTAATCCC",89,1830,3,0.00163934426229508,"Erythroid-like and erythroid precursor cells"
"TATCAGGAGTCGATAA","SRA526435","SRS1915196","Mus musculus","10x chromium","Cortex, hippocampus and subventricular zone","TATCAGGAGTCGATAA",1500,2864,35,0.0122206703910615,"Unknown"
"TATCAGGAGTGCCAGA","SRA526435","SRS1915196","Mus musculus","10x chromium","Cortex, hippocampus and subventricular zone","TATCAGGAGTGCCAGA",2338,4999,54,0.0108021604320864,"Unknown"
"TATCAGGCAAGTAGTA","SRA526435","SRS1915196","Mus musculus","10x chromium","Cortex, hippocampus and subventricular zone","TATCAGGCAAGTAGTA",1464,2615,35,0.0133843212237094,"Unknown"
"TATCAGGCATATACGC","SRA526435","SRS1915196","Mus musculus","10x chromium","Cortex, hippocampus and subventricular zone","TATCAGGCATATACGC",2467,5606,64,0.0114163396361042,"Unknown"
"TATCAGGCATCCGCGA","SRA526435","SRS1915196","Mus musculus","10x chromium","Cortex, hippocampus and subventricular zone","TATCAGGCATCCGCGA",1887,3991,51,0.012778752192433,"Unknown"
"TATCAGGCATCCTTGC","SRA526435","SRS1915196","Mus musculus","10x chromium","Cortex, hippocampus and subventricular zone","TATCAGGCATCCTTGC",2615,6617,54,0.00816079794468792,"Unknown"
"TATCAGGCATGGTCTA","SRA526435","SRS1915196","Mus musculus","10x chromium","Cortex, hippocampus and subventricular zone","TATCAGGCATGGTCTA",2093,4005,49,0.0122347066167291,"Unknown"
"TATCAGGGTCACCTAA","SRA526435","SRS1915196","Mus musculus","10x chromium","Cortex, hippocampus and subventricular zone","TATCAGGGTCACCTAA",2533,5593,65,0.0116216699445736,"Unknown"
"TATCAGGGTCCCTTGT","SRA526435","SRS1915196","Mus musculus","10x chromium","Cortex, hippocampus and subventricular zone","TATCAGGGTCCCTTGT",1705,3096,43,0.0138888888888889,"Unknown"
"TATCAGGGTCTGGAGA","SRA526435","SRS1915196","Mus musculus","10x chromium","Cortex, hippocampus and subventricular zone","TATCAGGGTCTGGAGA",2816,6665,89,0.0133533383345836,"Unknown"
"TATCAGGGTGTGCCTG","SRA526435","SRS1915196","Mus musculus","10x chromium","Cortex, hippocampus and subventricular zone","TATCAGGGTGTGCCTG",1577,2803,54,0.0192650731359258,"Unknown"
"TATCAGGTCACTCCTG","SRA526435","SRS1915196","Mus musculus","10x chromium","Cortex, hippocampus and subventricular zone","TATCAGGTCACTCCTG",2328,5174,48,0.00927715500579822,"Unknown"
"TATCAGGTCAGCAACT","SRA526435","SRS1915196","Mus musculus","10x chromium","Cortex, hippocampus and subventricular zone","TATCAGGTCAGCAACT",1802,3696,67,0.0181277056277056,"Unknown"
"TATCAGGTCAGGTTCA","SRA526435","SRS1915196","Mus musculus","10x chromium","Cortex, hippocampus and subventricular zone","TATCAGGTCAGGTTCA",3571,8719,88,0.0100929005619911,"Unknown"
"TATCAGGTCCTATTCA","SRA526435","SRS1915196","Mus musculus","10x chromium","Cortex, hippocampus and subventricular zone","TATCAGGTCCTATTCA",772,1205,11,0.00912863070539419,"Unknown"
"TATCAGGTCCTTGACC","SRA526435","SRS1915196","Mus musculus","10x chromium","Cortex, hippocampus and subventricular zone","TATCAGGTCCTTGACC",1684,3123,129,0.0413064361191162,"Unknown"
"TATCAGGTCGCCAGCA","SRA526435","SRS1915196","Mus musculus","10x chromium","Cortex, hippocampus and subventricular zone","TATCAGGTCGCCAGCA",3026,7577,107,0.0141216840438168,"Endothelial cells"
"TATCAGGTCTACGAGT","SRA526435","SRS1915196","Mus musculus","10x chromium","Cortex, hippocampus and subventricular zone","TATCAGGTCTACGAGT",1537,2693,44,0.0163386557742295,"Unknown"
"TATCAGGTCTACTATC","SRA526435","SRS1915196","Mus musculus","10x chromium","Cortex, hippocampus and subventricular zone","TATCAGGTCTACTATC",2645,5968,36,0.00603217158176944,"Unknown"
"TATCAGGTCTCCAACC","SRA526435","SRS1915196","Mus musculus","10x chromium","Cortex, hippocampus and subventricular zone","TATCAGGTCTCCAACC",2422,5280,58,0.0109848484848485,"Unknown"
"TATCTCAAGAGATGAG","SRA526435","SRS1915196","Mus musculus","10x chromium","Cortex, hippocampus and subventricular zone","TATCTCAAGAGATGAG",957,1482,57,0.0384615384615385,"Unknown"
"TATCTCAAGCTAGGCA","SRA526435","SRS1915196","Mus musculus","10x chromium","Cortex, hippocampus and subventricular zone","TATCTCAAGCTAGGCA",1918,3793,22,0.00580015818613235,"Unknown"
"TATCTCAAGGATGCGT","SRA526435","SRS1915196","Mus musculus","10x chromium","Cortex, hippocampus and subventricular zone","TATCTCAAGGATGCGT",116,4944,7,0.00141585760517799,"Erythroid-like and erythroid precursor cells"
"TATCTCAAGGGATCTG","SRA526435","SRS1915196","Mus musculus","10x chromium","Cortex, hippocampus and subventricular zone","TATCTCAAGGGATCTG",1990,4153,63,0.0151697568023116,"Unknown"
"TATCTCAAGTAATCCC","SRA526435","SRS1915196","Mus musculus","10x chromium","Cortex, hippocampus and subventricular zone","TATCTCAAGTAATCCC",3797,12146,111,0.00913881113123662,"Unknown"
"TATCTCAAGTGCCAGA","SRA526435","SRS1915196","Mus musculus","10x chromium","Cortex, hippocampus and subventricular zone","TATCTCAAGTGCCAGA",2488,5668,47,0.00829216654904728,"Unknown"
"TATCTCAAGTTAGCGG","SRA526435","SRS1915196","Mus musculus","10x chromium","Cortex, hippocampus and subventricular zone","TATCTCAAGTTAGCGG",2935,6770,151,0.0223042836041359,"Unknown"
"TATCTCACACCTATCC","SRA526435","SRS1915196","Mus musculus","10x chromium","Cortex, hippocampus and subventricular zone","TATCTCACACCTATCC",2294,4865,76,0.0156217882836588,"Unknown"
"TATCTCAGTACATCCA","SRA526435","SRS1915196","Mus musculus","10x chromium","Cortex, hippocampus and subventricular zone","TATCTCAGTACATCCA",3011,7669,140,0.0182553136002086,"Unknown"
"TATCTCAGTAGCGCAA","SRA526435","SRS1915196","Mus musculus","10x chromium","Cortex, hippocampus and subventricular zone","TATCTCAGTAGCGCAA",1296,2342,29,0.0123825789923143,"Unknown"
"TATCTCAGTCGGCTCA","SRA526435","SRS1915196","Mus musculus","10x chromium","Cortex, hippocampus and subventricular zone","TATCTCAGTCGGCTCA",1093,1772,45,0.0253950338600451,"Unknown"
"TATCTCAGTCTTGTCC","SRA526435","SRS1915196","Mus musculus","10x chromium","Cortex, hippocampus and subventricular zone","TATCTCAGTCTTGTCC",1572,2678,38,0.0141896938013443,"Unknown"
"TATCTCAGTGGAAAGA","SRA526435","SRS1915196","Mus musculus","10x chromium","Cortex, hippocampus and subventricular zone","TATCTCAGTGGAAAGA",2032,4175,44,0.0105389221556886,"Microglia"
"TATCTCATCAATACCG","SRA526435","SRS1915196","Mus musculus","10x chromium","Cortex, hippocampus and subventricular zone","TATCTCATCAATACCG",2579,6148,70,0.0113858165256994,"Unknown"
"TATCTCATCCACGCAG","SRA526435","SRS1915196","Mus musculus","10x chromium","Cortex, hippocampus and subventricular zone","TATCTCATCCACGCAG",2466,6035,84,0.0139188069594035,"Unknown"
"TATCTCATCCCGGATG","SRA526435","SRS1915196","Mus musculus","10x chromium","Cortex, hippocampus and subventricular zone","TATCTCATCCCGGATG",2543,5984,46,0.00768716577540107,"Unknown"
"TATCTCATCTAACTCT","SRA526435","SRS1915196","Mus musculus","10x chromium","Cortex, hippocampus and subventricular zone","TATCTCATCTAACTCT",2969,8052,65,0.00807252856433184,"Unknown"
"TATCTCATCTCCAACC","SRA526435","SRS1915196","Mus musculus","10x chromium","Cortex, hippocampus and subventricular zone","TATCTCATCTCCAACC",2054,3880,66,0.0170103092783505,"Unknown"
"TATGCCCAGACGCACA","SRA526435","SRS1915196","Mus musculus","10x chromium","Cortex, hippocampus and subventricular zone","TATGCCCAGACGCACA",2160,4434,60,0.013531799729364,"Unknown"
"TATGCCCAGTGAAGTT","SRA526435","SRS1915196","Mus musculus","10x chromium","Cortex, hippocampus and subventricular zone","TATGCCCAGTGAAGTT",1652,2941,52,0.0176810608636518,"Unknown"
"TATGCCCAGTGTCTCA","SRA526435","SRS1915196","Mus musculus","10x chromium","Cortex, hippocampus and subventricular zone","TATGCCCAGTGTCTCA",2149,4545,159,0.034983498349835,"Pericytes"
"TATGCCCCAAGCGCTC","SRA526435","SRS1915196","Mus musculus","10x chromium","Cortex, hippocampus and subventricular zone","TATGCCCCAAGCGCTC",1170,1795,42,0.0233983286908078,"Unknown"
"TATGCCCCAAGTAATG","SRA526435","SRS1915196","Mus musculus","10x chromium","Cortex, hippocampus and subventricular zone","TATGCCCCAAGTAATG",3319,9004,206,0.0228787205686362,"Unknown"
"TATGCCCCACTACAGT","SRA526435","SRS1915196","Mus musculus","10x chromium","Cortex, hippocampus and subventricular zone","TATGCCCCACTACAGT",1541,2982,36,0.0120724346076459,"Unknown"
"TATGCCCCATGCTAGT","SRA526435","SRS1915196","Mus musculus","10x chromium","Cortex, hippocampus and subventricular zone","TATGCCCCATGCTAGT",2895,8571,74,0.00863376502158441,"Unknown"
"TATGCCCCATGGGACA","SRA526435","SRS1915196","Mus musculus","10x chromium","Cortex, hippocampus and subventricular zone","TATGCCCCATGGGACA",90,1751,2,0.00114220445459737,"Erythroid-like and erythroid precursor cells"
"TATGCCCCATGTAGTC","SRA526435","SRS1915196","Mus musculus","10x chromium","Cortex, hippocampus and subventricular zone","TATGCCCCATGTAGTC",2191,4449,42,0.00944032366824005,"Unknown"
"TATGCCCCATGTCGAT","SRA526435","SRS1915196","Mus musculus","10x chromium","Cortex, hippocampus and subventricular zone","TATGCCCCATGTCGAT",1901,4885,71,0.0145342886386899,"Unknown"
"TATGCCCCATTTCACT","SRA526435","SRS1915196","Mus musculus","10x chromium","Cortex, hippocampus and subventricular zone","TATGCCCCATTTCACT",2045,4287,47,0.0109633776533707,"Unknown"
"TATGCCCCATTTGCCC","SRA526435","SRS1915196","Mus musculus","10x chromium","Cortex, hippocampus and subventricular zone","TATGCCCCATTTGCCC",2536,5669,52,0.00917269359675428,"Unknown"
"TATGCCCGTCTAGGTT","SRA526435","SRS1915196","Mus musculus","10x chromium","Cortex, hippocampus and subventricular zone","TATGCCCGTCTAGGTT",1502,2655,39,0.0146892655367232,"Unknown"
"TATGCCCGTGCGATAG","SRA526435","SRS1915196","Mus musculus","10x chromium","Cortex, hippocampus and subventricular zone","TATGCCCGTGCGATAG",3625,10030,73,0.00727816550348953,"Unknown"
"TATGCCCGTGTCAATC","SRA526435","SRS1915196","Mus musculus","10x chromium","Cortex, hippocampus and subventricular zone","TATGCCCGTGTCAATC",2444,5413,85,0.0157029373729909,"Unknown"
"TATGCCCGTTAAGAAC","SRA526435","SRS1915196","Mus musculus","10x chromium","Cortex, hippocampus and subventricular zone","TATGCCCGTTAAGAAC",1146,2162,58,0.0268270120259019,"Unknown"
"TATGCCCTCAATCTCT","SRA526435","SRS1915196","Mus musculus","10x chromium","Cortex, hippocampus and subventricular zone","TATGCCCTCAATCTCT",6808,29974,507,0.0169146593714553,"Endothelial cells"
"TATGCCCTCACAGGCC","SRA526435","SRS1915196","Mus musculus","10x chromium","Cortex, hippocampus and subventricular zone","TATGCCCTCACAGGCC",3068,7682,52,0.00676907055454309,"Unknown"
"TATGCCCTCATAAAGG","SRA526435","SRS1915196","Mus musculus","10x chromium","Cortex, hippocampus and subventricular zone","TATGCCCTCATAAAGG",587,1038,19,0.0183044315992293,"Unknown"
"TATGCCCTCTTTCCTC","SRA526435","SRS1915196","Mus musculus","10x chromium","Cortex, hippocampus and subventricular zone","TATGCCCTCTTTCCTC",800,1461,3,0.00205338809034908,"Unknown"
"TATTACCAGGGTTCCC","SRA526435","SRS1915196","Mus musculus","10x chromium","Cortex, hippocampus and subventricular zone","TATTACCAGGGTTCCC",4203,12341,166,0.0134510979661292,"Unknown"
"TATTACCAGTGCCATT","SRA526435","SRS1915196","Mus musculus","10x chromium","Cortex, hippocampus and subventricular zone","TATTACCAGTGCCATT",2734,5669,109,0.0192273769624272,"Unknown"
"TATTACCCACCAGTTA","SRA526435","SRS1915196","Mus musculus","10x chromium","Cortex, hippocampus and subventricular zone","TATTACCCACCAGTTA",2444,5544,64,0.0115440115440115,"Unknown"
"TATTACCCACCGAAAG","SRA526435","SRS1915196","Mus musculus","10x chromium","Cortex, hippocampus and subventricular zone","TATTACCCACCGAAAG",3047,7602,120,0.015785319652723,"Unknown"
"TATTACCCACGTAAGG","SRA526435","SRS1915196","Mus musculus","10x chromium","Cortex, hippocampus and subventricular zone","TATTACCCACGTAAGG",1792,3327,34,0.010219416892095,"Unknown"
"TATTACCCAGCTGTGC","SRA526435","SRS1915196","Mus musculus","10x chromium","Cortex, hippocampus and subventricular zone","TATTACCCAGCTGTGC",982,1525,63,0.0413114754098361,"Unknown"
"TATTACCCAGTGGAGT","SRA526435","SRS1915196","Mus musculus","10x chromium","Cortex, hippocampus and subventricular zone","TATTACCCAGTGGAGT",2025,4466,36,0.00806090461262875,"Unknown"
"TATTACCCATCCAACA","SRA526435","SRS1915196","Mus musculus","10x chromium","Cortex, hippocampus and subventricular zone","TATTACCCATCCAACA",998,1521,50,0.0328731097961867,"Cajal-Retzius cells"
"TATTACCGTAAGAGAG","SRA526435","SRS1915196","Mus musculus","10x chromium","Cortex, hippocampus and subventricular zone","TATTACCGTAAGAGAG",2783,6816,82,0.0120305164319249,"Unknown"
"TATTACCGTCACACGC","SRA526435","SRS1915196","Mus musculus","10x chromium","Cortex, hippocampus and subventricular zone","TATTACCGTCACACGC",1770,3087,44,0.0142533203757694,"Unknown"
"TATTACCGTGGACGAT","SRA526435","SRS1915196","Mus musculus","10x chromium","Cortex, hippocampus and subventricular zone","TATTACCGTGGACGAT",1820,3678,57,0.0154975530179445,"Unknown"
"TATTACCTCAACACCA","SRA526435","SRS1915196","Mus musculus","10x chromium","Cortex, hippocampus and subventricular zone","TATTACCTCAACACCA",2241,4593,79,0.0172000870890486,"Unknown"
"TATTACCTCACCAGGC","SRA526435","SRS1915196","Mus musculus","10x chromium","Cortex, hippocampus and subventricular zone","TATTACCTCACCAGGC",2590,6130,85,0.0138662316476346,"Unknown"
"TATTACCTCACGAAGG","SRA526435","SRS1915196","Mus musculus","10x chromium","Cortex, hippocampus and subventricular zone","TATTACCTCACGAAGG",4091,11299,93,0.00823081688645013,"Unknown"
"TATTACCTCCGCAGTG","SRA526435","SRS1915196","Mus musculus","10x chromium","Cortex, hippocampus and subventricular zone","TATTACCTCCGCAGTG",2253,4896,51,0.0104166666666667,"Unknown"
"TATTACCTCGCCTGTT","SRA526435","SRS1915196","Mus musculus","10x chromium","Cortex, hippocampus and subventricular zone","TATTACCTCGCCTGTT",2999,9006,45,0.00499666888740839,"Unknown"
"TATTACCTCGTACCGG","SRA526435","SRS1915196","Mus musculus","10x chromium","Cortex, hippocampus and subventricular zone","TATTACCTCGTACCGG",1915,4010,66,0.0164588528678304,"Unknown"
"TATTACCTCTCCGGTT","SRA526435","SRS1915196","Mus musculus","10x chromium","Cortex, hippocampus and subventricular zone","TATTACCTCTCCGGTT",3160,7795,82,0.0105195638229634,"Unknown"
"TCAACGAAGAGGACGG","SRA526435","SRS1915196","Mus musculus","10x chromium","Cortex, hippocampus and subventricular zone","TCAACGAAGAGGACGG",2343,4921,47,0.00955090428774639,"Unknown"
"TCAACGAAGCGACGTA","SRA526435","SRS1915196","Mus musculus","10x chromium","Cortex, hippocampus and subventricular zone","TCAACGAAGCGACGTA",1196,2296,43,0.0187282229965157,"Unknown"
"TCAACGAAGGTAAACT","SRA526435","SRS1915196","Mus musculus","10x chromium","Cortex, hippocampus and subventricular zone","TCAACGAAGGTAAACT",2439,5510,48,0.00871143375680581,"Unknown"
"TCAACGAAGTGACTCT","SRA526435","SRS1915196","Mus musculus","10x chromium","Cortex, hippocampus and subventricular zone","TCAACGAAGTGACTCT",2219,5551,87,0.0156728517384255,"Unknown"
"TCAACGAAGTGCGATG","SRA526435","SRS1915196","Mus musculus","10x chromium","Cortex, hippocampus and subventricular zone","TCAACGAAGTGCGATG",1395,2506,102,0.0407023144453312,"Unknown"
"TCAACGAAGTGTTAGA","SRA526435","SRS1915196","Mus musculus","10x chromium","Cortex, hippocampus and subventricular zone","TCAACGAAGTGTTAGA",2681,5921,60,0.0101334234082081,"Unknown"
"TCAACGACACCGAATT","SRA526435","SRS1915196","Mus musculus","10x chromium","Cortex, hippocampus and subventricular zone","TCAACGACACCGAATT",1355,2470,48,0.0194331983805668,"Unknown"
"TCAACGACAGAAGCAC","SRA526435","SRS1915196","Mus musculus","10x chromium","Cortex, hippocampus and subventricular zone","TCAACGACAGAAGCAC",2050,4176,81,0.0193965517241379,"Unknown"
"TCAACGACATTTGCTT","SRA526435","SRS1915196","Mus musculus","10x chromium","Cortex, hippocampus and subventricular zone","TCAACGACATTTGCTT",2255,4919,65,0.0132140678999797,"Unknown"
"TCAACGAGTAACGACG","SRA526435","SRS1915196","Mus musculus","10x chromium","Cortex, hippocampus and subventricular zone","TCAACGAGTAACGACG",2743,6993,39,0.00557700557700558,"Unknown"
"TCAACGAGTAGCGATG","SRA526435","SRS1915196","Mus musculus","10x chromium","Cortex, hippocampus and subventricular zone","TCAACGAGTAGCGATG",2307,4732,62,0.0131022823330516,"Unknown"
"TCAACGAGTCATGCCG","SRA526435","SRS1915196","Mus musculus","10x chromium","Cortex, hippocampus and subventricular zone","TCAACGAGTCATGCCG",964,1351,67,0.0495928941524796,"Unknown"
"TCAACGAGTTCACGGC","SRA526435","SRS1915196","Mus musculus","10x chromium","Cortex, hippocampus and subventricular zone","TCAACGAGTTCACGGC",2722,6114,81,0.0132482826300294,"Unknown"
"TCAACGAGTTTGACAC","SRA526435","SRS1915196","Mus musculus","10x chromium","Cortex, hippocampus and subventricular zone","TCAACGAGTTTGACAC",136,4082,0,0,"Erythroid-like and erythroid precursor cells"
"TCAACGATCACATGCA","SRA526435","SRS1915196","Mus musculus","10x chromium","Cortex, hippocampus and subventricular zone","TCAACGATCACATGCA",2439,5707,70,0.0122656386893289,"Unknown"
"TCAACGATCCGAGCCA","SRA526435","SRS1915196","Mus musculus","10x chromium","Cortex, hippocampus and subventricular zone","TCAACGATCCGAGCCA",1412,2471,31,0.0125455281262647,"Unknown"
"TCAACGATCTCTTATG","SRA526435","SRS1915196","Mus musculus","10x chromium","Cortex, hippocampus and subventricular zone","TCAACGATCTCTTATG",1317,2086,18,0.00862895493767977,"Unknown"
"TCAATCTAGACAAGCC","SRA526435","SRS1915196","Mus musculus","10x chromium","Cortex, hippocampus and subventricular zone","TCAATCTAGACAAGCC",758,1111,6,0.0054005400540054,"Unknown"
"TCAATCTAGATCCTGT","SRA526435","SRS1915196","Mus musculus","10x chromium","Cortex, hippocampus and subventricular zone","TCAATCTAGATCCTGT",1562,3899,53,0.0135932290330854,"Microglia"
"TCAATCTAGCCTTGAT","SRA526435","SRS1915196","Mus musculus","10x chromium","Cortex, hippocampus and subventricular zone","TCAATCTAGCCTTGAT",2163,4862,36,0.00740436034553682,"Unknown"
"TCAATCTAGGTAGCCA","SRA526435","SRS1915196","Mus musculus","10x chromium","Cortex, hippocampus and subventricular zone","TCAATCTAGGTAGCCA",796,1113,55,0.0494159928122192,"Unknown"
"TCAATCTAGTAGCCGA","SRA526435","SRS1915196","Mus musculus","10x chromium","Cortex, hippocampus and subventricular zone","TCAATCTAGTAGCCGA",3673,10844,132,0.0121726300258207,"Unknown"
"TCAATCTCACACAGAG","SRA526435","SRS1915196","Mus musculus","10x chromium","Cortex, hippocampus and subventricular zone","TCAATCTCACACAGAG",3036,8026,90,0.0112135559431847,"Unknown"
"TCAATCTCATAGAAAC","SRA526435","SRS1915196","Mus musculus","10x chromium","Cortex, hippocampus and subventricular zone","TCAATCTCATAGAAAC",2105,4044,38,0.00939663699307616,"Unknown"
"TCAATCTCATATGCTG","SRA526435","SRS1915196","Mus musculus","10x chromium","Cortex, hippocampus and subventricular zone","TCAATCTCATATGCTG",3317,9289,94,0.0101194961782754,"Unknown"
"TCAATCTCATTGAGCT","SRA526435","SRS1915196","Mus musculus","10x chromium","Cortex, hippocampus and subventricular zone","TCAATCTCATTGAGCT",2866,5889,36,0.00611309220580744,"Unknown"
"TCAATCTGTAATAGCA","SRA526435","SRS1915196","Mus musculus","10x chromium","Cortex, hippocampus and subventricular zone","TCAATCTGTAATAGCA",3356,9028,52,0.00575985821887461,"Unknown"
"TCAATCTGTCAATGTC","SRA526435","SRS1915196","Mus musculus","10x chromium","Cortex, hippocampus and subventricular zone","TCAATCTGTCAATGTC",2919,6970,60,0.00860832137733142,"Unknown"
"TCAATCTGTCTACCTC","SRA526435","SRS1915196","Mus musculus","10x chromium","Cortex, hippocampus and subventricular zone","TCAATCTGTCTACCTC",2341,5106,59,0.0115550332941637,"Unknown"
"TCAATCTGTGCGCTTG","SRA526435","SRS1915196","Mus musculus","10x chromium","Cortex, hippocampus and subventricular zone","TCAATCTGTGCGCTTG",3336,8173,61,0.00746359965740854,"Unknown"
"TCAATCTGTGGCGAAT","SRA526435","SRS1915196","Mus musculus","10x chromium","Cortex, hippocampus and subventricular zone","TCAATCTGTGGCGAAT",2074,4300,38,0.00883720930232558,"Unknown"
"TCAATCTGTTCCTCCA","SRA526435","SRS1915196","Mus musculus","10x chromium","Cortex, hippocampus and subventricular zone","TCAATCTGTTCCTCCA",1840,3697,26,0.00703272923992426,"Unknown"
"TCAATCTTCAGCTCGG","SRA526435","SRS1915196","Mus musculus","10x chromium","Cortex, hippocampus and subventricular zone","TCAATCTTCAGCTCGG",2010,4013,48,0.011961126339397,"Unknown"
"TCAATCTTCCGTAGTA","SRA526435","SRS1915196","Mus musculus","10x chromium","Cortex, hippocampus and subventricular zone","TCAATCTTCCGTAGTA",1511,2747,27,0.00982890425919185,"Unknown"
"TCAATCTTCTAGCACA","SRA526435","SRS1915196","Mus musculus","10x chromium","Cortex, hippocampus and subventricular zone","TCAATCTTCTAGCACA",1759,3525,53,0.0150354609929078,"Unknown"
"TCACAAGAGAAGGTGA","SRA526435","SRS1915196","Mus musculus","10x chromium","Cortex, hippocampus and subventricular zone","TCACAAGAGAAGGTGA",1876,3879,28,0.00721835524619747,"Unknown"
"TCACAAGAGACTCGGA","SRA526435","SRS1915196","Mus musculus","10x chromium","Cortex, hippocampus and subventricular zone","TCACAAGAGACTCGGA",2166,4511,52,0.0115273775216138,"Unknown"
"TCACAAGAGAGACTTA","SRA526435","SRS1915196","Mus musculus","10x chromium","Cortex, hippocampus and subventricular zone","TCACAAGAGAGACTTA",1999,4088,54,0.0132093933463796,"Unknown"
"TCACAAGAGCCTATGT","SRA526435","SRS1915196","Mus musculus","10x chromium","Cortex, hippocampus and subventricular zone","TCACAAGAGCCTATGT",1726,3402,42,0.0123456790123457,"Unknown"
"TCACAAGAGGGAAACA","SRA526435","SRS1915196","Mus musculus","10x chromium","Cortex, hippocampus and subventricular zone","TCACAAGAGGGAAACA",1861,3838,61,0.0158936946326212,"Unknown"
"TCACAAGAGTACGCCC","SRA526435","SRS1915196","Mus musculus","10x chromium","Cortex, hippocampus and subventricular zone","TCACAAGAGTACGCCC",1896,3906,52,0.0133128520225294,"Unknown"
"TCACAAGCAAGCCCAC","SRA526435","SRS1915196","Mus musculus","10x chromium","Cortex, hippocampus and subventricular zone","TCACAAGCAAGCCCAC",1425,2403,24,0.00998751560549313,"Pericytes"
"TCACAAGCACATTTCT","SRA526435","SRS1915196","Mus musculus","10x chromium","Cortex, hippocampus and subventricular zone","TCACAAGCACATTTCT",1036,1856,37,0.0199353448275862,"Unknown"
"TCACAAGCAGATCCAT","SRA526435","SRS1915196","Mus musculus","10x chromium","Cortex, hippocampus and subventricular zone","TCACAAGCAGATCCAT",2402,4823,56,0.011611030478955,"Unknown"
"TCACAAGCAGCCAGAA","SRA526435","SRS1915196","Mus musculus","10x chromium","Cortex, hippocampus and subventricular zone","TCACAAGCAGCCAGAA",2657,6032,68,0.0112732095490716,"Unknown"
"TCACAAGCATAACCTG","SRA526435","SRS1915196","Mus musculus","10x chromium","Cortex, hippocampus and subventricular zone","TCACAAGCATAACCTG",2398,5283,64,0.0121143289797464,"Unknown"
"TCACAAGCATGAACCT","SRA526435","SRS1915196","Mus musculus","10x chromium","Cortex, hippocampus and subventricular zone","TCACAAGCATGAACCT",4494,14878,106,0.00712461352332303,"Unknown"
"TCACAAGGTACCGTAT","SRA526435","SRS1915196","Mus musculus","10x chromium","Cortex, hippocampus and subventricular zone","TCACAAGGTACCGTAT",3504,9298,58,0.00623790062379006,"Unknown"
"TCACAAGGTGATGTCT","SRA526435","SRS1915196","Mus musculus","10x chromium","Cortex, hippocampus and subventricular zone","TCACAAGGTGATGTCT",2036,4887,62,0.0126867198690403,"Unknown"
"TCACAAGGTGCTGTAT","SRA526435","SRS1915196","Mus musculus","10x chromium","Cortex, hippocampus and subventricular zone","TCACAAGGTGCTGTAT",2831,6313,52,0.00823697132900364,"Unknown"
"TCACAAGGTTAAGATG","SRA526435","SRS1915196","Mus musculus","10x chromium","Cortex, hippocampus and subventricular zone","TCACAAGGTTAAGATG",1144,1743,35,0.0200803212851406,"Unknown"
"TCACAAGGTTCCATGA","SRA526435","SRS1915196","Mus musculus","10x chromium","Cortex, hippocampus and subventricular zone","TCACAAGGTTCCATGA",1288,1909,21,0.0110005238344683,"Unknown"
"TCACAAGTCCAATGGT","SRA526435","SRS1915196","Mus musculus","10x chromium","Cortex, hippocampus and subventricular zone","TCACAAGTCCAATGGT",2073,3999,45,0.0112528132033008,"Unknown"
"TCACAAGTCCAGGGCT","SRA526435","SRS1915196","Mus musculus","10x chromium","Cortex, hippocampus and subventricular zone","TCACAAGTCCAGGGCT",4484,12863,66,0.00513099587965482,"Unknown"
"TCACAAGTCGGATGTT","SRA526435","SRS1915196","Mus musculus","10x chromium","Cortex, hippocampus and subventricular zone","TCACAAGTCGGATGTT",2434,5842,59,0.0100992810681274,"Unknown"
"TCACAAGTCTAGCACA","SRA526435","SRS1915196","Mus musculus","10x chromium","Cortex, hippocampus and subventricular zone","TCACAAGTCTAGCACA",1209,2100,63,0.03,"Unknown"
"TCACAAGTCTGAAAGA","SRA526435","SRS1915196","Mus musculus","10x chromium","Cortex, hippocampus and subventricular zone","TCACAAGTCTGAAAGA",2444,5275,75,0.014218009478673,"Unknown"
"TCACAAGTCTGGTATG","SRA526435","SRS1915196","Mus musculus","10x chromium","Cortex, hippocampus and subventricular zone","TCACAAGTCTGGTATG",1514,2714,49,0.0180545320560059,"Unknown"
"TCACGAAAGAATCTCC","SRA526435","SRS1915196","Mus musculus","10x chromium","Cortex, hippocampus and subventricular zone","TCACGAAAGAATCTCC",3122,7130,82,0.0115007012622721,"Unknown"
"TCACGAAAGAGCAATT","SRA526435","SRS1915196","Mus musculus","10x chromium","Cortex, hippocampus and subventricular zone","TCACGAAAGAGCAATT",2034,4028,55,0.0136544190665343,"Unknown"
"TCACGAAAGAGGGCTT","SRA526435","SRS1915196","Mus musculus","10x chromium","Cortex, hippocampus and subventricular zone","TCACGAAAGAGGGCTT",2541,5946,85,0.0142953245879583,"Unknown"
"TCACGAAAGCAGCCTC","SRA526435","SRS1915196","Mus musculus","10x chromium","Cortex, hippocampus and subventricular zone","TCACGAAAGCAGCCTC",2772,6374,103,0.0161593975525573,"Cajal-Retzius cells"
"TCACGAAAGCAGCGTA","SRA526435","SRS1915196","Mus musculus","10x chromium","Cortex, hippocampus and subventricular zone","TCACGAAAGCAGCGTA",2398,5100,52,0.0101960784313725,"Unknown"
"TCACGAAAGGAATGGA","SRA526435","SRS1915196","Mus musculus","10x chromium","Cortex, hippocampus and subventricular zone","TCACGAAAGGAATGGA",3114,7367,122,0.0165603366363513,"Cajal-Retzius cells"
"TCACGAAAGGAGCGAG","SRA526435","SRS1915196","Mus musculus","10x chromium","Cortex, hippocampus and subventricular zone","TCACGAAAGGAGCGAG",1621,2871,47,0.0163706025774991,"Unknown"
"TCACGAAAGTGAACAT","SRA526435","SRS1915196","Mus musculus","10x chromium","Cortex, hippocampus and subventricular zone","TCACGAAAGTGAACAT",1768,3265,37,0.0113323124042879,"Unknown"
"TCACGAAAGTGTCCCG","SRA526435","SRS1915196","Mus musculus","10x chromium","Cortex, hippocampus and subventricular zone","TCACGAAAGTGTCCCG",1262,2191,74,0.0337745321770881,"Unknown"
"TCACGAACAAATCCGT","SRA526435","SRS1915196","Mus musculus","10x chromium","Cortex, hippocampus and subventricular zone","TCACGAACAAATCCGT",2293,4457,121,0.0271483060354499,"Unknown"
"TCACGAACACCAACCG","SRA526435","SRS1915196","Mus musculus","10x chromium","Cortex, hippocampus and subventricular zone","TCACGAACACCAACCG",2248,4375,45,0.0102857142857143,"Unknown"
"TCACGAACAGCTGTGC","SRA526435","SRS1915196","Mus musculus","10x chromium","Cortex, hippocampus and subventricular zone","TCACGAACAGCTGTGC",1630,2896,49,0.0169198895027624,"Unknown"
"TCACGAACATCGATTG","SRA526435","SRS1915196","Mus musculus","10x chromium","Cortex, hippocampus and subventricular zone","TCACGAACATCGATTG",2547,6001,89,0.0148308615230795,"Unknown"
"TCACGAACATCGGAAG","SRA526435","SRS1915196","Mus musculus","10x chromium","Cortex, hippocampus and subventricular zone","TCACGAACATCGGAAG",1815,2843,33,0.011607456911713,"Unknown"
"TCACGAACATTAACCG","SRA526435","SRS1915196","Mus musculus","10x chromium","Cortex, hippocampus and subventricular zone","TCACGAACATTAACCG",1290,1851,23,0.0124257158292815,"Unknown"
"TCACGAAGTATCTGCA","SRA526435","SRS1915196","Mus musculus","10x chromium","Cortex, hippocampus and subventricular zone","TCACGAAGTATCTGCA",3032,7820,150,0.0191815856777494,"Pericytes"
"TCACGAAGTCCAGTGC","SRA526435","SRS1915196","Mus musculus","10x chromium","Cortex, hippocampus and subventricular zone","TCACGAAGTCCAGTGC",2321,5153,56,0.0108674558509606,"Unknown"
"TCACGAAGTCGCGTGT","SRA526435","SRS1915196","Mus musculus","10x chromium","Cortex, hippocampus and subventricular zone","TCACGAAGTCGCGTGT",1648,3239,59,0.0182154986106823,"Unknown"
"TCACGAAGTGAGCGAT","SRA526435","SRS1915196","Mus musculus","10x chromium","Cortex, hippocampus and subventricular zone","TCACGAAGTGAGCGAT",2153,4528,103,0.0227473498233216,"Unknown"
"TCACGAAGTTATGCGT","SRA526435","SRS1915196","Mus musculus","10x chromium","Cortex, hippocampus and subventricular zone","TCACGAAGTTATGCGT",2140,4628,53,0.0114520311149525,"Unknown"
"TCACGAAGTTCCATGA","SRA526435","SRS1915196","Mus musculus","10x chromium","Cortex, hippocampus and subventricular zone","TCACGAAGTTCCATGA",2135,4371,71,0.0162434225577671,"Unknown"
"TCACGAAGTTGGTTTG","SRA526435","SRS1915196","Mus musculus","10x chromium","Cortex, hippocampus and subventricular zone","TCACGAAGTTGGTTTG",1227,2054,48,0.0233690360272639,"Unknown"
"TCACGAAGTTTGTTTC","SRA526435","SRS1915196","Mus musculus","10x chromium","Cortex, hippocampus and subventricular zone","TCACGAAGTTTGTTTC",1230,2312,43,0.018598615916955,"Unknown"
"TCACGAATCGAATGCT","SRA526435","SRS1915196","Mus musculus","10x chromium","Cortex, hippocampus and subventricular zone","TCACGAATCGAATGCT",2370,4964,43,0.00866236905721193,"Unknown"
"TCACGAATCGCTTAGA","SRA526435","SRS1915196","Mus musculus","10x chromium","Cortex, hippocampus and subventricular zone","TCACGAATCGCTTAGA",2302,5127,85,0.0165788960405695,"Unknown"
"TCACGAATCGTTACAG","SRA526435","SRS1915196","Mus musculus","10x chromium","Cortex, hippocampus and subventricular zone","TCACGAATCGTTACAG",3042,7555,70,0.00926538716082065,"Unknown"
"TCAGATGAGAACAATC","SRA526435","SRS1915196","Mus musculus","10x chromium","Cortex, hippocampus and subventricular zone","TCAGATGAGAACAATC",1952,4066,36,0.0088539104771274,"Unknown"
"TCAGATGAGAAGATTC","SRA526435","SRS1915196","Mus musculus","10x chromium","Cortex, hippocampus and subventricular zone","TCAGATGAGAAGATTC",2162,4640,52,0.0112068965517241,"Unknown"
"TCAGATGAGGTTACCT","SRA526435","SRS1915196","Mus musculus","10x chromium","Cortex, hippocampus and subventricular zone","TCAGATGAGGTTACCT",2164,4359,47,0.010782289515944,"Unknown"
"TCAGATGAGTGAACAT","SRA526435","SRS1915196","Mus musculus","10x chromium","Cortex, hippocampus and subventricular zone","TCAGATGAGTGAACAT",3177,8324,87,0.0104517059106199,"Unknown"
"TCAGATGAGTGAAGTT","SRA526435","SRS1915196","Mus musculus","10x chromium","Cortex, hippocampus and subventricular zone","TCAGATGAGTGAAGTT",3016,9390,76,0.0080937167199148,"Unknown"
"TCAGATGAGTGGCACA","SRA526435","SRS1915196","Mus musculus","10x chromium","Cortex, hippocampus and subventricular zone","TCAGATGAGTGGCACA",3413,7274,31,0.00426175419301622,"Unknown"
"TCAGATGCAAACGCGA","SRA526435","SRS1915196","Mus musculus","10x chromium","Cortex, hippocampus and subventricular zone","TCAGATGCAAACGCGA",2253,4804,47,0.00978351373855121,"Unknown"
"TCAGATGCAAAGGCGT","SRA526435","SRS1915196","Mus musculus","10x chromium","Cortex, hippocampus and subventricular zone","TCAGATGCAAAGGCGT",1010,1516,96,0.0633245382585752,"Unknown"
"TCAGATGCAAGAGGCT","SRA526435","SRS1915196","Mus musculus","10x chromium","Cortex, hippocampus and subventricular zone","TCAGATGCAAGAGGCT",1348,2325,32,0.0137634408602151,"Unknown"
"TCAGATGCAATGACCT","SRA526435","SRS1915196","Mus musculus","10x chromium","Cortex, hippocampus and subventricular zone","TCAGATGCAATGACCT",1341,2208,39,0.0176630434782609,"Unknown"
"TCAGATGCACAGGAGT","SRA526435","SRS1915196","Mus musculus","10x chromium","Cortex, hippocampus and subventricular zone","TCAGATGCACAGGAGT",4263,13233,159,0.0120154160054409,"Unknown"
"TCAGATGCACCAGCAC","SRA526435","SRS1915196","Mus musculus","10x chromium","Cortex, hippocampus and subventricular zone","TCAGATGCACCAGCAC",1624,2964,47,0.0158569500674764,"Unknown"
"TCAGATGCACCTGGTG","SRA526435","SRS1915196","Mus musculus","10x chromium","Cortex, hippocampus and subventricular zone","TCAGATGCACCTGGTG",1960,3709,58,0.0156376381774063,"Unknown"
"TCAGATGCACGAAACG","SRA526435","SRS1915196","Mus musculus","10x chromium","Cortex, hippocampus and subventricular zone","TCAGATGCACGAAACG",3107,7579,110,0.0145137880986938,"Unknown"
"TCAGATGCACGCGAAA","SRA526435","SRS1915196","Mus musculus","10x chromium","Cortex, hippocampus and subventricular zone","TCAGATGCACGCGAAA",4550,14425,198,0.0137261698440208,"Unknown"
"TCAGATGCACTTCGAA","SRA526435","SRS1915196","Mus musculus","10x chromium","Cortex, hippocampus and subventricular zone","TCAGATGCACTTCGAA",1938,3652,44,0.0120481927710843,"Unknown"
"TCAGATGCATAACCTG","SRA526435","SRS1915196","Mus musculus","10x chromium","Cortex, hippocampus and subventricular zone","TCAGATGCATAACCTG",1840,3547,91,0.0256554835071892,"Unknown"
"TCAGATGCATGGTTGT","SRA526435","SRS1915196","Mus musculus","10x chromium","Cortex, hippocampus and subventricular zone","TCAGATGCATGGTTGT",1951,3821,80,0.0209369275058885,"Unknown"
"TCAGATGCATTCGACA","SRA526435","SRS1915196","Mus musculus","10x chromium","Cortex, hippocampus and subventricular zone","TCAGATGCATTCGACA",1914,3505,57,0.016262482168331,"Unknown"
"TCAGATGGTACGACCC","SRA526435","SRS1915196","Mus musculus","10x chromium","Cortex, hippocampus and subventricular zone","TCAGATGGTACGACCC",1993,3978,36,0.00904977375565611,"Unknown"
"TCAGATGGTCAAAGCG","SRA526435","SRS1915196","Mus musculus","10x chromium","Cortex, hippocampus and subventricular zone","TCAGATGGTCAAAGCG",3778,11437,100,0.00874355163067238,"Unknown"
"TCAGATGGTGGCTCCA","SRA526435","SRS1915196","Mus musculus","10x chromium","Cortex, hippocampus and subventricular zone","TCAGATGGTGGCTCCA",3106,8347,111,0.0132981909668144,"Unknown"
"TCAGATGGTTGGTTTG","SRA526435","SRS1915196","Mus musculus","10x chromium","Cortex, hippocampus and subventricular zone","TCAGATGGTTGGTTTG",2345,5630,50,0.0088809946714032,"Unknown"
"TCAGATGGTTTAGGAA","SRA526435","SRS1915196","Mus musculus","10x chromium","Cortex, hippocampus and subventricular zone","TCAGATGGTTTAGGAA",1246,1907,12,0.00629260618772942,"Unknown"
"TCAGATGTCAAACCAC","SRA526435","SRS1915196","Mus musculus","10x chromium","Cortex, hippocampus and subventricular zone","TCAGATGTCAAACCAC",1551,2705,54,0.0199630314232902,"Unknown"
"TCAGATGTCACTCTTA","SRA526435","SRS1915196","Mus musculus","10x chromium","Cortex, hippocampus and subventricular zone","TCAGATGTCACTCTTA",2262,4538,54,0.0118995152049361,"Unknown"
"TCAGATGTCAGAGACG","SRA526435","SRS1915196","Mus musculus","10x chromium","Cortex, hippocampus and subventricular zone","TCAGATGTCAGAGACG",2246,4564,70,0.0153374233128834,"Unknown"
"TCAGATGTCCAACCAA","SRA526435","SRS1915196","Mus musculus","10x chromium","Cortex, hippocampus and subventricular zone","TCAGATGTCCAACCAA",1574,3037,73,0.0240368784985183,"Unknown"
"TCAGATGTCCTGTACC","SRA526435","SRS1915196","Mus musculus","10x chromium","Cortex, hippocampus and subventricular zone","TCAGATGTCCTGTACC",2118,4392,63,0.014344262295082,"Pericytes"
"TCAGATGTCGCCAGCA","SRA526435","SRS1915196","Mus musculus","10x chromium","Cortex, hippocampus and subventricular zone","TCAGATGTCGCCAGCA",1317,2345,40,0.0170575692963753,"Unknown"
"TCAGATGTCTGATACG","SRA526435","SRS1915196","Mus musculus","10x chromium","Cortex, hippocampus and subventricular zone","TCAGATGTCTGATACG",2794,6078,47,0.0077328068443567,"Unknown"
"TCAGCAAAGAGTACAT","SRA526435","SRS1915196","Mus musculus","10x chromium","Cortex, hippocampus and subventricular zone","TCAGCAAAGAGTACAT",1854,3726,48,0.0128824476650564,"Unknown"
"TCAGCAAAGATGGCGT","SRA526435","SRS1915196","Mus musculus","10x chromium","Cortex, hippocampus and subventricular zone","TCAGCAAAGATGGCGT",2690,6585,211,0.0320425208807897,"Unknown"
"TCAGCAAAGGCTCTTA","SRA526435","SRS1915196","Mus musculus","10x chromium","Cortex, hippocampus and subventricular zone","TCAGCAAAGGCTCTTA",1079,1420,18,0.0126760563380282,"Oligodendrocyte progenitor cells"
"TCAGCAAAGGTCGGAT","SRA526435","SRS1915196","Mus musculus","10x chromium","Cortex, hippocampus and subventricular zone","TCAGCAAAGGTCGGAT",1170,1844,32,0.017353579175705,"Unknown"
"TCAGCAAAGTGTTTGC","SRA526435","SRS1915196","Mus musculus","10x chromium","Cortex, hippocampus and subventricular zone","TCAGCAAAGTGTTTGC",1320,1960,18,0.00918367346938776,"Unknown"
"TCAGCAAAGTTACCCA","SRA526435","SRS1915196","Mus musculus","10x chromium","Cortex, hippocampus and subventricular zone","TCAGCAAAGTTACCCA",2094,4088,50,0.0122309197651663,"Unknown"
"TCAGCAACAATTGCTG","SRA526435","SRS1915196","Mus musculus","10x chromium","Cortex, hippocampus and subventricular zone","TCAGCAACAATTGCTG",2434,5223,77,0.0147424851617844,"Unknown"
"TCAGCAACACCAGGCT","SRA526435","SRS1915196","Mus musculus","10x chromium","Cortex, hippocampus and subventricular zone","TCAGCAACACCAGGCT",1104,1827,60,0.0328407224958949,"Unknown"
"TCAGCAACAGGTCCAC","SRA526435","SRS1915196","Mus musculus","10x chromium","Cortex, hippocampus and subventricular zone","TCAGCAACAGGTCCAC",1302,2218,57,0.0256988277727683,"Unknown"
"TCAGCAACATCCAACA","SRA526435","SRS1915196","Mus musculus","10x chromium","Cortex, hippocampus and subventricular zone","TCAGCAACATCCAACA",3787,11364,77,0.0067757831749384,"Unknown"
"TCAGCAAGTACCGAGA","SRA526435","SRS1915196","Mus musculus","10x chromium","Cortex, hippocampus and subventricular zone","TCAGCAAGTACCGAGA",2831,6770,97,0.014327917282127,"Endothelial cells"
"TCAGCAAGTAGCCTCG","SRA526435","SRS1915196","Mus musculus","10x chromium","Cortex, hippocampus and subventricular zone","TCAGCAAGTAGCCTCG",2630,6461,110,0.0170252282928339,"Unknown"
"TCAGCAAGTCGCTTTC","SRA526435","SRS1915196","Mus musculus","10x chromium","Cortex, hippocampus and subventricular zone","TCAGCAAGTCGCTTTC",2657,5710,48,0.00840630472854641,"Unknown"
"TCAGCAAGTCTAACGT","SRA526435","SRS1915196","Mus musculus","10x chromium","Cortex, hippocampus and subventricular zone","TCAGCAAGTCTAACGT",4162,12005,93,0.00774677217825906,"Unknown"
"TCAGCAAGTCTAGAGG","SRA526435","SRS1915196","Mus musculus","10x chromium","Cortex, hippocampus and subventricular zone","TCAGCAAGTCTAGAGG",1677,3280,28,0.00853658536585366,"Unknown"
"TCAGCAAGTGAAAGAG","SRA526435","SRS1915196","Mus musculus","10x chromium","Cortex, hippocampus and subventricular zone","TCAGCAAGTGAAAGAG",859,1254,45,0.0358851674641148,"Unknown"
"TCAGCAAGTGCACGAA","SRA526435","SRS1915196","Mus musculus","10x chromium","Cortex, hippocampus and subventricular zone","TCAGCAAGTGCACGAA",2885,5857,68,0.0116100392692505,"Unknown"
"TCAGCAAGTTAAGAAC","SRA526435","SRS1915196","Mus musculus","10x chromium","Cortex, hippocampus and subventricular zone","TCAGCAAGTTAAGAAC",2810,6121,92,0.0150302238196373,"Endothelial cells"
"TCAGCAATCAGAGACG","SRA526435","SRS1915196","Mus musculus","10x chromium","Cortex, hippocampus and subventricular zone","TCAGCAATCAGAGACG",2802,7258,127,0.0174979333149628,"Pericytes"
"TCAGCAATCCAAATGC","SRA526435","SRS1915196","Mus musculus","10x chromium","Cortex, hippocampus and subventricular zone","TCAGCAATCCAAATGC",1705,3436,47,0.0136786961583236,"Unknown"
"TCAGCAATCCCATTTA","SRA526435","SRS1915196","Mus musculus","10x chromium","Cortex, hippocampus and subventricular zone","TCAGCAATCCCATTTA",1257,2318,28,0.0120793787748059,"Unknown"
"TCAGCAATCGCCAGCA","SRA526435","SRS1915196","Mus musculus","10x chromium","Cortex, hippocampus and subventricular zone","TCAGCAATCGCCAGCA",2546,5605,72,0.0128456735057984,"Unknown"
"TCAGCAATCGGCCGAT","SRA526435","SRS1915196","Mus musculus","10x chromium","Cortex, hippocampus and subventricular zone","TCAGCAATCGGCCGAT",2607,6229,54,0.00866912827099053,"Unknown"
"TCAGCAATCTTGACGA","SRA526435","SRS1915196","Mus musculus","10x chromium","Cortex, hippocampus and subventricular zone","TCAGCAATCTTGACGA",1518,2679,70,0.0261291526689063,"Unknown"
"TCAGCAATCTTGTATC","SRA526435","SRS1915196","Mus musculus","10x chromium","Cortex, hippocampus and subventricular zone","TCAGCAATCTTGTATC",1553,2641,6,0.00227186671715259,"Pericytes"
"TCAGCTCAGCCGTCGT","SRA526435","SRS1915196","Mus musculus","10x chromium","Cortex, hippocampus and subventricular zone","TCAGCTCAGCCGTCGT",3072,7922,75,0.00946730623579904,"Unknown"
"TCAGCTCAGCTAAACA","SRA526435","SRS1915196","Mus musculus","10x chromium","Cortex, hippocampus and subventricular zone","TCAGCTCAGCTAAACA",1721,3464,26,0.00750577367205543,"Unknown"
"TCAGCTCAGGCTAGCA","SRA526435","SRS1915196","Mus musculus","10x chromium","Cortex, hippocampus and subventricular zone","TCAGCTCAGGCTAGCA",1977,3893,69,0.0177241202157719,"Unknown"
"TCAGCTCAGTACGACG","SRA526435","SRS1915196","Mus musculus","10x chromium","Cortex, hippocampus and subventricular zone","TCAGCTCAGTACGACG",1547,2997,22,0.00734067400734067,"Unknown"
"TCAGCTCAGTATCTCG","SRA526435","SRS1915196","Mus musculus","10x chromium","Cortex, hippocampus and subventricular zone","TCAGCTCAGTATCTCG",1975,3684,40,0.01085776330076,"Unknown"
"TCAGCTCAGTCTCCTC","SRA526435","SRS1915196","Mus musculus","10x chromium","Cortex, hippocampus and subventricular zone","TCAGCTCAGTCTCCTC",2592,5957,102,0.0171227127748867,"Unknown"
"TCAGCTCCAATCACAC","SRA526435","SRS1915196","Mus musculus","10x chromium","Cortex, hippocampus and subventricular zone","TCAGCTCCAATCACAC",2025,3935,53,0.0134688691232529,"Unknown"
"TCAGCTCCAGCTGCTG","SRA526435","SRS1915196","Mus musculus","10x chromium","Cortex, hippocampus and subventricular zone","TCAGCTCCAGCTGCTG",2580,5554,78,0.0140439323010443,"Unknown"
"TCAGCTCCAGTCGTGC","SRA526435","SRS1915196","Mus musculus","10x chromium","Cortex, hippocampus and subventricular zone","TCAGCTCCAGTCGTGC",2491,5312,68,0.0128012048192771,"Unknown"
"TCAGCTCCATGGTAGG","SRA526435","SRS1915196","Mus musculus","10x chromium","Cortex, hippocampus and subventricular zone","TCAGCTCCATGGTAGG",2535,5417,37,0.00683034890160606,"Unknown"
"TCAGCTCGTATAGTAG","SRA526435","SRS1915196","Mus musculus","10x chromium","Cortex, hippocampus and subventricular zone","TCAGCTCGTATAGTAG",1685,3419,41,0.0119918104708979,"Unknown"
"TCAGCTCGTATGGTTC","SRA526435","SRS1915196","Mus musculus","10x chromium","Cortex, hippocampus and subventricular zone","TCAGCTCGTATGGTTC",1808,3421,36,0.0105232388190588,"Unknown"
"TCAGCTCGTCTCACCT","SRA526435","SRS1915196","Mus musculus","10x chromium","Cortex, hippocampus and subventricular zone","TCAGCTCGTCTCACCT",2206,4632,34,0.00734024179620035,"Unknown"
"TCAGCTCGTCTGGTCG","SRA526435","SRS1915196","Mus musculus","10x chromium","Cortex, hippocampus and subventricular zone","TCAGCTCGTCTGGTCG",2114,4387,56,0.0127649874629587,"Unknown"
"TCAGCTCGTGGTCTCG","SRA526435","SRS1915196","Mus musculus","10x chromium","Cortex, hippocampus and subventricular zone","TCAGCTCGTGGTCTCG",2760,6673,92,0.0137869024426795,"Unknown"
"TCAGCTCGTTAGAACA","SRA526435","SRS1915196","Mus musculus","10x chromium","Cortex, hippocampus and subventricular zone","TCAGCTCGTTAGAACA",2322,4918,84,0.0170801138674258,"Unknown"
"TCAGCTCGTTCGCGAC","SRA526435","SRS1915196","Mus musculus","10x chromium","Cortex, hippocampus and subventricular zone","TCAGCTCGTTCGCGAC",1416,2515,67,0.0266401590457256,"Unknown"
"TCAGCTCGTTCGGGCT","SRA526435","SRS1915196","Mus musculus","10x chromium","Cortex, hippocampus and subventricular zone","TCAGCTCGTTCGGGCT",940,1421,35,0.0246305418719212,"Unknown"
"TCAGCTCTCAGCTCTC","SRA526435","SRS1915196","Mus musculus","10x chromium","Cortex, hippocampus and subventricular zone","TCAGCTCTCAGCTCTC",1998,4150,57,0.0137349397590361,"Unknown"
"TCAGCTCTCCATGAAC","SRA526435","SRS1915196","Mus musculus","10x chromium","Cortex, hippocampus and subventricular zone","TCAGCTCTCCATGAAC",2081,4706,52,0.0110497237569061,"Unknown"
"TCAGCTCTCCTCAATT","SRA526435","SRS1915196","Mus musculus","10x chromium","Cortex, hippocampus and subventricular zone","TCAGCTCTCCTCAATT",2363,4651,63,0.0135454740915932,"Unknown"
"TCAGCTCTCCTCGCAT","SRA526435","SRS1915196","Mus musculus","10x chromium","Cortex, hippocampus and subventricular zone","TCAGCTCTCCTCGCAT",2449,5291,85,0.0160650160650161,"Unknown"
"TCAGCTCTCGAGCCCA","SRA526435","SRS1915196","Mus musculus","10x chromium","Cortex, hippocampus and subventricular zone","TCAGCTCTCGAGCCCA",76,1794,11,0.00613154960981048,"Erythroid-like and erythroid precursor cells"
"TCAGCTCTCTGAAAGA","SRA526435","SRS1915196","Mus musculus","10x chromium","Cortex, hippocampus and subventricular zone","TCAGCTCTCTGAAAGA",2106,4194,50,0.0119217930376729,"Unknown"
"TCAGCTCTCTGGCGAC","SRA526435","SRS1915196","Mus musculus","10x chromium","Cortex, hippocampus and subventricular zone","TCAGCTCTCTGGCGAC",1318,2249,45,0.0200088928412628,"Unknown"
"TCAGGATAGAAACGCC","SRA526435","SRS1915196","Mus musculus","10x chromium","Cortex, hippocampus and subventricular zone","TCAGGATAGAAACGCC",1320,2061,41,0.019893255701116,"Unknown"
"TCAGGATAGAAAGTGG","SRA526435","SRS1915196","Mus musculus","10x chromium","Cortex, hippocampus and subventricular zone","TCAGGATAGAAAGTGG",2291,5247,85,0.0161997331808653,"Unknown"
"TCAGGATAGACACTAA","SRA526435","SRS1915196","Mus musculus","10x chromium","Cortex, hippocampus and subventricular zone","TCAGGATAGACACTAA",1452,2104,32,0.0152091254752852,"Cajal-Retzius cells"
"TCAGGATAGCTGTCTA","SRA526435","SRS1915196","Mus musculus","10x chromium","Cortex, hippocampus and subventricular zone","TCAGGATAGCTGTCTA",2075,4161,49,0.011776015380918,"Unknown"
"TCAGGATAGGAGTCTG","SRA526435","SRS1915196","Mus musculus","10x chromium","Cortex, hippocampus and subventricular zone","TCAGGATAGGAGTCTG",2029,3660,35,0.00956284153005465,"Unknown"
"TCAGGATAGTGACATA","SRA526435","SRS1915196","Mus musculus","10x chromium","Cortex, hippocampus and subventricular zone","TCAGGATAGTGACATA",1823,3472,34,0.0097926267281106,"Unknown"
"TCAGGATAGTGGGCTA","SRA526435","SRS1915196","Mus musculus","10x chromium","Cortex, hippocampus and subventricular zone","TCAGGATAGTGGGCTA",1629,2801,37,0.0132095680114245,"Unknown"
"TCAGGATAGTTCGATC","SRA526435","SRS1915196","Mus musculus","10x chromium","Cortex, hippocampus and subventricular zone","TCAGGATAGTTCGATC",1793,3279,44,0.013418725221104,"Unknown"
"TCAGGATCACGACGAA","SRA526435","SRS1915196","Mus musculus","10x chromium","Cortex, hippocampus and subventricular zone","TCAGGATCACGACGAA",2396,5115,60,0.0117302052785924,"Unknown"
"TCAGGATCACTGAAGG","SRA526435","SRS1915196","Mus musculus","10x chromium","Cortex, hippocampus and subventricular zone","TCAGGATCACTGAAGG",2756,6725,50,0.00743494423791822,"Unknown"
"TCAGGATGTACATCCA","SRA526435","SRS1915196","Mus musculus","10x chromium","Cortex, hippocampus and subventricular zone","TCAGGATGTACATCCA",2372,5312,49,0.00922439759036145,"Unknown"
"TCAGGATGTACCGGCT","SRA526435","SRS1915196","Mus musculus","10x chromium","Cortex, hippocampus and subventricular zone","TCAGGATGTACCGGCT",2216,4568,76,0.0166374781085814,"Unknown"
"TCAGGATGTACCTACA","SRA526435","SRS1915196","Mus musculus","10x chromium","Cortex, hippocampus and subventricular zone","TCAGGATGTACCTACA",776,1155,35,0.0303030303030303,"Unknown"
"TCAGGATGTCGAACAG","SRA526435","SRS1915196","Mus musculus","10x chromium","Cortex, hippocampus and subventricular zone","TCAGGATGTCGAACAG",2081,4204,72,0.0171265461465271,"Unknown"
"TCAGGATGTCGCCATG","SRA526435","SRS1915196","Mus musculus","10x chromium","Cortex, hippocampus and subventricular zone","TCAGGATGTCGCCATG",3531,7800,139,0.0178205128205128,"Unknown"
"TCAGGATGTTTAGGAA","SRA526435","SRS1915196","Mus musculus","10x chromium","Cortex, hippocampus and subventricular zone","TCAGGATGTTTAGGAA",1668,2966,45,0.0151719487525287,"Unknown"
"TCAGGATTCAGTGCAT","SRA526435","SRS1915196","Mus musculus","10x chromium","Cortex, hippocampus and subventricular zone","TCAGGATTCAGTGCAT",976,1611,63,0.0391061452513966,"Unknown"
"TCAGGATTCGATCCCT","SRA526435","SRS1915196","Mus musculus","10x chromium","Cortex, hippocampus and subventricular zone","TCAGGATTCGATCCCT",3330,8060,111,0.0137717121588089,"Unknown"
"TCAGGATTCTATCCTA","SRA526435","SRS1915196","Mus musculus","10x chromium","Cortex, hippocampus and subventricular zone","TCAGGATTCTATCCTA",1914,3678,32,0.00870038064165307,"Unknown"
"TCAGGATTCTTACCGC","SRA526435","SRS1915196","Mus musculus","10x chromium","Cortex, hippocampus and subventricular zone","TCAGGATTCTTACCGC",2250,4407,43,0.00975720444746993,"Unknown"
"TCAGGTAAGATGCCAG","SRA526435","SRS1915196","Mus musculus","10x chromium","Cortex, hippocampus and subventricular zone","TCAGGTAAGATGCCAG",1860,3569,54,0.0151302885962454,"Unknown"
"TCAGGTAAGCTGAACG","SRA526435","SRS1915196","Mus musculus","10x chromium","Cortex, hippocampus and subventricular zone","TCAGGTAAGCTGAACG",2610,5885,55,0.00934579439252336,"Unknown"
"TCAGGTAAGTAGCCGA","SRA526435","SRS1915196","Mus musculus","10x chromium","Cortex, hippocampus and subventricular zone","TCAGGTAAGTAGCCGA",1849,3395,60,0.0176730486008837,"Unknown"
"TCAGGTACACCCAGTG","SRA526435","SRS1915196","Mus musculus","10x chromium","Cortex, hippocampus and subventricular zone","TCAGGTACACCCAGTG",2298,4694,130,0.0276949296974862,"Unknown"
"TCAGGTACAGCTCGCA","SRA526435","SRS1915196","Mus musculus","10x chromium","Cortex, hippocampus and subventricular zone","TCAGGTACAGCTCGCA",877,1360,51,0.0375,"Unknown"
"TCAGGTAGTAAATACG","SRA526435","SRS1915196","Mus musculus","10x chromium","Cortex, hippocampus and subventricular zone","TCAGGTAGTAAATACG",2500,5501,90,0.0163606616978731,"Unknown"
"TCAGGTAGTACGCTGC","SRA526435","SRS1915196","Mus musculus","10x chromium","Cortex, hippocampus and subventricular zone","TCAGGTAGTACGCTGC",1668,3075,27,0.00878048780487805,"Unknown"
"TCAGGTAGTAGATTAG","SRA526435","SRS1915196","Mus musculus","10x chromium","Cortex, hippocampus and subventricular zone","TCAGGTAGTAGATTAG",2654,6315,92,0.0145684877276326,"Unknown"
"TCAGGTAGTCTAAAGA","SRA526435","SRS1915196","Mus musculus","10x chromium","Cortex, hippocampus and subventricular zone","TCAGGTAGTCTAAAGA",2397,5086,84,0.016515926071569,"Unknown"
"TCAGGTAGTCTTGATG","SRA526435","SRS1915196","Mus musculus","10x chromium","Cortex, hippocampus and subventricular zone","TCAGGTAGTCTTGATG",2189,4564,62,0.0135845749342682,"Unknown"
"TCAGGTAGTTAAGATG","SRA526435","SRS1915196","Mus musculus","10x chromium","Cortex, hippocampus and subventricular zone","TCAGGTAGTTAAGATG",1858,3458,47,0.0135916714864083,"Unknown"
"TCAGGTAGTTAGATGA","SRA526435","SRS1915196","Mus musculus","10x chromium","Cortex, hippocampus and subventricular zone","TCAGGTAGTTAGATGA",1625,3153,37,0.0117348556929908,"Unknown"
"TCAGGTATCCGCAAGC","SRA526435","SRS1915196","Mus musculus","10x chromium","Cortex, hippocampus and subventricular zone","TCAGGTATCCGCAAGC",1724,3265,44,0.0134762633996937,"Unknown"
"TCAGGTATCGGAATCT","SRA526435","SRS1915196","Mus musculus","10x chromium","Cortex, hippocampus and subventricular zone","TCAGGTATCGGAATCT",997,1543,16,0.0103694102397926,"Unknown"
"TCATTACAGATGTGGC","SRA526435","SRS1915196","Mus musculus","10x chromium","Cortex, hippocampus and subventricular zone","TCATTACAGATGTGGC",2715,6935,76,0.010958904109589,"Unknown"
"TCATTACAGCAGCCTC","SRA526435","SRS1915196","Mus musculus","10x chromium","Cortex, hippocampus and subventricular zone","TCATTACAGCAGCCTC",2912,7792,97,0.0124486652977413,"Unknown"
"TCATTACAGGTTACCT","SRA526435","SRS1915196","Mus musculus","10x chromium","Cortex, hippocampus and subventricular zone","TCATTACAGGTTACCT",2648,5952,49,0.00823252688172043,"Unknown"
"TCATTACAGTGATCGG","SRA526435","SRS1915196","Mus musculus","10x chromium","Cortex, hippocampus and subventricular zone","TCATTACAGTGATCGG",972,1620,4,0.00246913580246914,"Unknown"
"TCATTACAGTGGAGTC","SRA526435","SRS1915196","Mus musculus","10x chromium","Cortex, hippocampus and subventricular zone","TCATTACAGTGGAGTC",1326,2108,18,0.00853889943074004,"Unknown"
"TCATTACCAAAGCGGT","SRA526435","SRS1915196","Mus musculus","10x chromium","Cortex, hippocampus and subventricular zone","TCATTACCAAAGCGGT",3248,7984,92,0.0115230460921844,"Unknown"
"TCATTACCAAGTACCT","SRA526435","SRS1915196","Mus musculus","10x chromium","Cortex, hippocampus and subventricular zone","TCATTACCAAGTACCT",2670,6039,112,0.0185461169067726,"Unknown"
"TCATTACCACTCGACG","SRA526435","SRS1915196","Mus musculus","10x chromium","Cortex, hippocampus and subventricular zone","TCATTACCACTCGACG",908,1261,7,0.00555114988104679,"Unknown"
"TCATTACCAGTAAGCG","SRA526435","SRS1915196","Mus musculus","10x chromium","Cortex, hippocampus and subventricular zone","TCATTACCAGTAAGCG",2598,6132,116,0.0189171559034573,"Unknown"
"TCATTACGTACCATCA","SRA526435","SRS1915196","Mus musculus","10x chromium","Cortex, hippocampus and subventricular zone","TCATTACGTACCATCA",1980,3898,30,0.00769625448948179,"Unknown"
"TCATTACGTAGCCTCG","SRA526435","SRS1915196","Mus musculus","10x chromium","Cortex, hippocampus and subventricular zone","TCATTACGTAGCCTCG",2164,4336,59,0.0136070110701107,"Unknown"
"TCATTACGTATAATGG","SRA526435","SRS1915196","Mus musculus","10x chromium","Cortex, hippocampus and subventricular zone","TCATTACGTATAATGG",3187,8734,94,0.0107625372108999,"Unknown"
"TCATTACGTGCTTCTC","SRA526435","SRS1915196","Mus musculus","10x chromium","Cortex, hippocampus and subventricular zone","TCATTACGTGCTTCTC",3165,7846,49,0.0062452204945195,"Unknown"
"TCATTACGTTACGCGC","SRA526435","SRS1915196","Mus musculus","10x chromium","Cortex, hippocampus and subventricular zone","TCATTACGTTACGCGC",2030,4534,57,0.0125716806352007,"Unknown"
"TCATTACGTTAGATGA","SRA526435","SRS1915196","Mus musculus","10x chromium","Cortex, hippocampus and subventricular zone","TCATTACGTTAGATGA",1460,2645,40,0.0151228733459357,"Unknown"
"TCATTACTCATGCAAC","SRA526435","SRS1915196","Mus musculus","10x chromium","Cortex, hippocampus and subventricular zone","TCATTACTCATGCAAC",3634,10583,54,0.00510252291410753,"Unknown"
"TCATTACTCCCTCAGT","SRA526435","SRS1915196","Mus musculus","10x chromium","Cortex, hippocampus and subventricular zone","TCATTACTCCCTCAGT",2509,5589,25,0.00447307210592235,"Unknown"
"TCATTACTCCGGGTGT","SRA526435","SRS1915196","Mus musculus","10x chromium","Cortex, hippocampus and subventricular zone","TCATTACTCCGGGTGT",1671,2977,36,0.0120927107826671,"Unknown"
"TCATTACTCGGTGTTA","SRA526435","SRS1915196","Mus musculus","10x chromium","Cortex, hippocampus and subventricular zone","TCATTACTCGGTGTTA",857,1299,2,0.00153964588144727,"Unknown"
"TCATTTGAGACTGGGT","SRA526435","SRS1915196","Mus musculus","10x chromium","Cortex, hippocampus and subventricular zone","TCATTTGAGACTGGGT",2389,5454,55,0.0100843417675101,"Unknown"
"TCATTTGAGCGTAGTG","SRA526435","SRS1915196","Mus musculus","10x chromium","Cortex, hippocampus and subventricular zone","TCATTTGAGCGTAGTG",2285,4986,77,0.01544324107501,"Unknown"
"TCATTTGAGTGTTGAA","SRA526435","SRS1915196","Mus musculus","10x chromium","Cortex, hippocampus and subventricular zone","TCATTTGAGTGTTGAA",3193,8202,56,0.00682760302365277,"Unknown"
"TCATTTGCACACATGT","SRA526435","SRS1915196","Mus musculus","10x chromium","Cortex, hippocampus and subventricular zone","TCATTTGCACACATGT",3505,8707,91,0.010451360973929,"Unknown"
"TCATTTGCAGATGGCA","SRA526435","SRS1915196","Mus musculus","10x chromium","Cortex, hippocampus and subventricular zone","TCATTTGCAGATGGCA",3701,9927,69,0.00695074040495618,"Unknown"
"TCATTTGGTCTCTTAT","SRA526435","SRS1915196","Mus musculus","10x chromium","Cortex, hippocampus and subventricular zone","TCATTTGGTCTCTTAT",2418,5369,52,0.00968523002421308,"Unknown"
"TCATTTGGTGACAAAT","SRA526435","SRS1915196","Mus musculus","10x chromium","Cortex, hippocampus and subventricular zone","TCATTTGGTGACAAAT",1885,3795,56,0.0147562582345191,"Unknown"
"TCATTTGGTTCCACAA","SRA526435","SRS1915196","Mus musculus","10x chromium","Cortex, hippocampus and subventricular zone","TCATTTGGTTCCACAA",1541,2766,34,0.012292118582791,"Unknown"
"TCATTTGTCAGCTCGG","SRA526435","SRS1915196","Mus musculus","10x chromium","Cortex, hippocampus and subventricular zone","TCATTTGTCAGCTCGG",3648,7752,91,0.0117389060887513,"Unknown"
"TCATTTGTCCAAACTG","SRA526435","SRS1915196","Mus musculus","10x chromium","Cortex, hippocampus and subventricular zone","TCATTTGTCCAAACTG",1639,3314,36,0.0108630054315027,"Unknown"
"TCATTTGTCCTCATTA","SRA526435","SRS1915196","Mus musculus","10x chromium","Cortex, hippocampus and subventricular zone","TCATTTGTCCTCATTA",4327,14769,181,0.0122553998239556,"Unknown"
"TCCACACAGAATGTGT","SRA526435","SRS1915196","Mus musculus","10x chromium","Cortex, hippocampus and subventricular zone","TCCACACAGAATGTGT",3365,9259,35,0.0037801058429636,"Unknown"
"TCCACACAGAGGTTAT","SRA526435","SRS1915196","Mus musculus","10x chromium","Cortex, hippocampus and subventricular zone","TCCACACAGAGGTTAT",2297,4962,30,0.0060459492140266,"Unknown"
"TCCACACCAAGAAAGG","SRA526435","SRS1915196","Mus musculus","10x chromium","Cortex, hippocampus and subventricular zone","TCCACACCAAGAAAGG",3593,9012,33,0.00366178428761651,"Unknown"
"TCCACACCAAGTACCT","SRA526435","SRS1915196","Mus musculus","10x chromium","Cortex, hippocampus and subventricular zone","TCCACACCAAGTACCT",1755,3434,39,0.0113570180547467,"Unknown"
"TCCACACCACAGACTT","SRA526435","SRS1915196","Mus musculus","10x chromium","Cortex, hippocampus and subventricular zone","TCCACACCACAGACTT",1747,3197,47,0.014701282452299,"Unknown"
"TCCACACCACCGCTAG","SRA526435","SRS1915196","Mus musculus","10x chromium","Cortex, hippocampus and subventricular zone","TCCACACCACCGCTAG",2885,7188,105,0.0146076794657763,"Unknown"
"TCCACACCACGGTGTC","SRA526435","SRS1915196","Mus musculus","10x chromium","Cortex, hippocampus and subventricular zone","TCCACACCACGGTGTC",1817,3404,30,0.00881316098707403,"Unknown"
"TCCACACCAGTCACTA","SRA526435","SRS1915196","Mus musculus","10x chromium","Cortex, hippocampus and subventricular zone","TCCACACCAGTCACTA",2033,3725,45,0.0120805369127517,"Unknown"
"TCCACACGTACCGTAT","SRA526435","SRS1915196","Mus musculus","10x chromium","Cortex, hippocampus and subventricular zone","TCCACACGTACCGTAT",2481,5420,34,0.00627306273062731,"Unknown"
"TCCACACGTAGGCTGA","SRA526435","SRS1915196","Mus musculus","10x chromium","Cortex, hippocampus and subventricular zone","TCCACACGTAGGCTGA",2045,4407,86,0.0195144088949399,"Unknown"
"TCCACACGTCACTGGC","SRA526435","SRS1915196","Mus musculus","10x chromium","Cortex, hippocampus and subventricular zone","TCCACACGTCACTGGC",2737,5830,150,0.0257289879931389,"Unknown"
"TCCACACGTGGCGAAT","SRA526435","SRS1915196","Mus musculus","10x chromium","Cortex, hippocampus and subventricular zone","TCCACACGTGGCGAAT",1710,3292,37,0.0112393681652491,"Unknown"
"TCCACACTCAATACCG","SRA526435","SRS1915196","Mus musculus","10x chromium","Cortex, hippocampus and subventricular zone","TCCACACTCAATACCG",2445,5301,44,0.00830032069420864,"Unknown"
"TCCACACTCAGCTCTC","SRA526435","SRS1915196","Mus musculus","10x chromium","Cortex, hippocampus and subventricular zone","TCCACACTCAGCTCTC",2129,4215,53,0.0125741399762752,"Unknown"
"TCCACACTCGTTGACA","SRA526435","SRS1915196","Mus musculus","10x chromium","Cortex, hippocampus and subventricular zone","TCCACACTCGTTGACA",1909,3669,51,0.0139002452984464,"Unknown"
"TCCACACTCTGCGGCA","SRA526435","SRS1915196","Mus musculus","10x chromium","Cortex, hippocampus and subventricular zone","TCCACACTCTGCGGCA",2091,4060,56,0.0137931034482759,"Unknown"
"TCCCGATAGACACTAA","SRA526435","SRS1915196","Mus musculus","10x chromium","Cortex, hippocampus and subventricular zone","TCCCGATAGACACTAA",2335,5473,78,0.0142517814726841,"Unknown"
"TCCCGATAGAGGTTAT","SRA526435","SRS1915196","Mus musculus","10x chromium","Cortex, hippocampus and subventricular zone","TCCCGATAGAGGTTAT",1553,2726,42,0.0154071900220103,"Unknown"
"TCCCGATAGCTGCGAA","SRA526435","SRS1915196","Mus musculus","10x chromium","Cortex, hippocampus and subventricular zone","TCCCGATAGCTGCGAA",3000,7004,65,0.00928041119360365,"Unknown"
"TCCCGATAGGGTTCCC","SRA526435","SRS1915196","Mus musculus","10x chromium","Cortex, hippocampus and subventricular zone","TCCCGATAGGGTTCCC",3737,10031,170,0.0169474628651181,"Unknown"
"TCCCGATAGTCCTCCT","SRA526435","SRS1915196","Mus musculus","10x chromium","Cortex, hippocampus and subventricular zone","TCCCGATAGTCCTCCT",2259,5112,86,0.0168231611893584,"Unknown"
"TCCCGATAGTGAAGAG","SRA526435","SRS1915196","Mus musculus","10x chromium","Cortex, hippocampus and subventricular zone","TCCCGATAGTGAAGAG",2036,3869,26,0.00672008270871026,"Unknown"
"TCCCGATAGTGCGATG","SRA526435","SRS1915196","Mus musculus","10x chromium","Cortex, hippocampus and subventricular zone","TCCCGATAGTGCGATG",2099,4687,45,0.00960102410923832,"Unknown"
"TCCCGATAGTGGGTTG","SRA526435","SRS1915196","Mus musculus","10x chromium","Cortex, hippocampus and subventricular zone","TCCCGATAGTGGGTTG",1198,2018,35,0.0173439048562934,"Unknown"
"TCCCGATCATCGGTTA","SRA526435","SRS1915196","Mus musculus","10x chromium","Cortex, hippocampus and subventricular zone","TCCCGATCATCGGTTA",3693,9523,75,0.00787566943190171,"Unknown"
"TCCCGATGTGAGGGAG","SRA526435","SRS1915196","Mus musculus","10x chromium","Cortex, hippocampus and subventricular zone","TCCCGATGTGAGGGAG",1794,3482,34,0.00976450315910396,"Unknown"
"TCCCGATGTGTGCGTC","SRA526435","SRS1915196","Mus musculus","10x chromium","Cortex, hippocampus and subventricular zone","TCCCGATGTGTGCGTC",3457,10019,121,0.0120770535981635,"Unknown"
"TCCCGATGTGTTTGGT","SRA526435","SRS1915196","Mus musculus","10x chromium","Cortex, hippocampus and subventricular zone","TCCCGATGTGTTTGGT",4858,14070,141,0.0100213219616205,"Unknown"
"TCCCGATGTTCAGCGC","SRA526435","SRS1915196","Mus musculus","10x chromium","Cortex, hippocampus and subventricular zone","TCCCGATGTTCAGCGC",4216,13706,104,0.00758791770027725,"Unknown"
"TCCCGATGTTCGGGCT","SRA526435","SRS1915196","Mus musculus","10x chromium","Cortex, hippocampus and subventricular zone","TCCCGATGTTCGGGCT",1439,2900,43,0.0148275862068966,"Unknown"
"TCCCGATGTTTGTTTC","SRA526435","SRS1915196","Mus musculus","10x chromium","Cortex, hippocampus and subventricular zone","TCCCGATGTTTGTTTC",2901,7257,67,0.00923246520600799,"Unknown"
"TCCCGATTCAACACTG","SRA526435","SRS1915196","Mus musculus","10x chromium","Cortex, hippocampus and subventricular zone","TCCCGATTCAACACTG",2356,5691,49,0.00861008610086101,"Unknown"
"TCCCGATTCAGTTTGG","SRA526435","SRS1915196","Mus musculus","10x chromium","Cortex, hippocampus and subventricular zone","TCCCGATTCAGTTTGG",2467,5440,71,0.0130514705882353,"Unknown"
"TCCCGATTCATGCATG","SRA526435","SRS1915196","Mus musculus","10x chromium","Cortex, hippocampus and subventricular zone","TCCCGATTCATGCATG",2020,4023,60,0.0149142431021626,"Unknown"
"TCCCGATTCTTTAGGG","SRA526435","SRS1915196","Mus musculus","10x chromium","Cortex, hippocampus and subventricular zone","TCCCGATTCTTTAGGG",1542,2910,39,0.0134020618556701,"Unknown"
"TCGAGGCAGCCGCCTA","SRA526435","SRS1915196","Mus musculus","10x chromium","Cortex, hippocampus and subventricular zone","TCGAGGCAGCCGCCTA",2216,4764,72,0.0151133501259446,"Unknown"
"TCGAGGCAGGTGACCA","SRA526435","SRS1915196","Mus musculus","10x chromium","Cortex, hippocampus and subventricular zone","TCGAGGCAGGTGACCA",1745,3349,46,0.0137354434159451,"Unknown"
"TCGAGGCAGTATCTCG","SRA526435","SRS1915196","Mus musculus","10x chromium","Cortex, hippocampus and subventricular zone","TCGAGGCAGTATCTCG",3185,7675,102,0.0132899022801303,"Unknown"
"TCGAGGCCAATGGTCT","SRA526435","SRS1915196","Mus musculus","10x chromium","Cortex, hippocampus and subventricular zone","TCGAGGCCAATGGTCT",1401,2412,40,0.0165837479270315,"Unknown"
"TCGAGGCCACAAGCCC","SRA526435","SRS1915196","Mus musculus","10x chromium","Cortex, hippocampus and subventricular zone","TCGAGGCCACAAGCCC",2046,4035,57,0.0141263940520446,"Unknown"
"TCGAGGCCACGGTAGA","SRA526435","SRS1915196","Mus musculus","10x chromium","Cortex, hippocampus and subventricular zone","TCGAGGCCACGGTAGA",2737,6666,91,0.0136513651365137,"Unknown"
"TCGAGGCCACTGTCGG","SRA526435","SRS1915196","Mus musculus","10x chromium","Cortex, hippocampus and subventricular zone","TCGAGGCCACTGTCGG",1745,3227,43,0.013325069724202,"Unknown"
"TCGAGGCCAGGCGATA","SRA526435","SRS1915196","Mus musculus","10x chromium","Cortex, hippocampus and subventricular zone","TCGAGGCCAGGCGATA",1456,2831,38,0.0134228187919463,"Unknown"
"TCGAGGCCAGTTCCCT","SRA526435","SRS1915196","Mus musculus","10x chromium","Cortex, hippocampus and subventricular zone","TCGAGGCCAGTTCCCT",1593,3080,38,0.0123376623376623,"Unknown"
"TCGAGGCCAGTTTACG","SRA526435","SRS1915196","Mus musculus","10x chromium","Cortex, hippocampus and subventricular zone","TCGAGGCCAGTTTACG",1363,2441,40,0.0163867267513314,"Unknown"
"TCGAGGCCATATGCTG","SRA526435","SRS1915196","Mus musculus","10x chromium","Cortex, hippocampus and subventricular zone","TCGAGGCCATATGCTG",2732,6610,55,0.00832072617246596,"Unknown"
"TCGAGGCCATTACGAC","SRA526435","SRS1915196","Mus musculus","10x chromium","Cortex, hippocampus and subventricular zone","TCGAGGCCATTACGAC",2176,4466,60,0.0134348410210479,"Unknown"
"TCGAGGCGTAAATACG","SRA526435","SRS1915196","Mus musculus","10x chromium","Cortex, hippocampus and subventricular zone","TCGAGGCGTAAATACG",3762,9942,152,0.0152886743110038,"Endothelial cells"
"TCGAGGCGTACTCAAC","SRA526435","SRS1915196","Mus musculus","10x chromium","Cortex, hippocampus and subventricular zone","TCGAGGCGTACTCAAC",3004,7708,71,0.00921120913336793,"Unknown"
"TCGAGGCGTCGTTGTA","SRA526435","SRS1915196","Mus musculus","10x chromium","Cortex, hippocampus and subventricular zone","TCGAGGCGTCGTTGTA",1689,3084,45,0.014591439688716,"Unknown"
"TCGAGGCGTCTGCGGT","SRA526435","SRS1915196","Mus musculus","10x chromium","Cortex, hippocampus and subventricular zone","TCGAGGCGTCTGCGGT",1888,3689,57,0.0154513418270534,"Unknown"
"TCGAGGCGTGGACGAT","SRA526435","SRS1915196","Mus musculus","10x chromium","Cortex, hippocampus and subventricular zone","TCGAGGCGTGGACGAT",1545,3128,64,0.020460358056266,"Endothelial cells"
"TCGAGGCTCAACTCTT","SRA526435","SRS1915196","Mus musculus","10x chromium","Cortex, hippocampus and subventricular zone","TCGAGGCTCAACTCTT",1797,3342,43,0.0128665469778576,"Unknown"
"TCGAGGCTCAGCATGT","SRA526435","SRS1915196","Mus musculus","10x chromium","Cortex, hippocampus and subventricular zone","TCGAGGCTCAGCATGT",2322,4932,15,0.00304136253041363,"Unknown"
"TCGAGGCTCCAGAAGG","SRA526435","SRS1915196","Mus musculus","10x chromium","Cortex, hippocampus and subventricular zone","TCGAGGCTCCAGAAGG",1993,3457,61,0.0176453572461672,"Unknown"
"TCGAGGCTCCTATTCA","SRA526435","SRS1915196","Mus musculus","10x chromium","Cortex, hippocampus and subventricular zone","TCGAGGCTCCTATTCA",1574,2849,62,0.0217620217620218,"Unknown"
"TCGAGGCTCGAATCCA","SRA526435","SRS1915196","Mus musculus","10x chromium","Cortex, hippocampus and subventricular zone","TCGAGGCTCGAATCCA",1638,2861,32,0.0111849003844809,"Unknown"
"TCGAGGCTCGACGGAA","SRA526435","SRS1915196","Mus musculus","10x chromium","Cortex, hippocampus and subventricular zone","TCGAGGCTCGACGGAA",2379,5725,62,0.0108296943231441,"Unknown"
"TCGAGGCTCTAACGGT","SRA526435","SRS1915196","Mus musculus","10x chromium","Cortex, hippocampus and subventricular zone","TCGAGGCTCTAACGGT",1025,1504,23,0.0152925531914894,"Unknown"
"TCGCGAGAGACTCGGA","SRA526435","SRS1915196","Mus musculus","10x chromium","Cortex, hippocampus and subventricular zone","TCGCGAGAGACTCGGA",1573,2845,42,0.0147627416520211,"Unknown"
"TCGCGAGAGACTTGAA","SRA526435","SRS1915196","Mus musculus","10x chromium","Cortex, hippocampus and subventricular zone","TCGCGAGAGACTTGAA",2138,4214,67,0.0158993830090176,"Unknown"
"TCGCGAGCAAGTCTAC","SRA526435","SRS1915196","Mus musculus","10x chromium","Cortex, hippocampus and subventricular zone","TCGCGAGCAAGTCTAC",645,6350,76,0.0119685039370079,"Erythroid-like and erythroid precursor cells"
"TCGCGAGCAATCACAC","SRA526435","SRS1915196","Mus musculus","10x chromium","Cortex, hippocampus and subventricular zone","TCGCGAGCAATCACAC",1452,2617,39,0.0149025601834161,"Unknown"
"TCGCGAGCACGGCCAT","SRA526435","SRS1915196","Mus musculus","10x chromium","Cortex, hippocampus and subventricular zone","TCGCGAGCACGGCCAT",2517,5850,48,0.00820512820512821,"Unknown"
"TCGCGAGCACGGCTAC","SRA526435","SRS1915196","Mus musculus","10x chromium","Cortex, hippocampus and subventricular zone","TCGCGAGCACGGCTAC",882,1420,42,0.0295774647887324,"Unknown"
"TCGCGAGCACTAAGTC","SRA526435","SRS1915196","Mus musculus","10x chromium","Cortex, hippocampus and subventricular zone","TCGCGAGCACTAAGTC",1637,3029,39,0.0128755364806867,"Unknown"
"TCGCGAGCAGCATGAG","SRA526435","SRS1915196","Mus musculus","10x chromium","Cortex, hippocampus and subventricular zone","TCGCGAGCAGCATGAG",2264,4284,63,0.0147058823529412,"Unknown"
"TCGCGAGCATCGGGTC","SRA526435","SRS1915196","Mus musculus","10x chromium","Cortex, hippocampus and subventricular zone","TCGCGAGCATCGGGTC",1511,2694,28,0.0103934669636229,"Unknown"
"TCGCGAGCATGGAATA","SRA526435","SRS1915196","Mus musculus","10x chromium","Cortex, hippocampus and subventricular zone","TCGCGAGCATGGAATA",1866,3364,39,0.0115933412604043,"Unknown"
"TCGCGAGGTAACGACG","SRA526435","SRS1915196","Mus musculus","10x chromium","Cortex, hippocampus and subventricular zone","TCGCGAGGTAACGACG",2323,4183,17,0.00406406885010758,"Unknown"
"TCGCGAGGTACTTCTT","SRA526435","SRS1915196","Mus musculus","10x chromium","Cortex, hippocampus and subventricular zone","TCGCGAGGTACTTCTT",2167,4380,76,0.017351598173516,"Unknown"
"TCGCGAGGTCGATTGT","SRA526435","SRS1915196","Mus musculus","10x chromium","Cortex, hippocampus and subventricular zone","TCGCGAGGTCGATTGT",2642,6282,112,0.0178287169691181,"Unknown"
"TCGCGAGGTGCTCTTC","SRA526435","SRS1915196","Mus musculus","10x chromium","Cortex, hippocampus and subventricular zone","TCGCGAGGTGCTCTTC",1917,3764,20,0.0053134962805526,"Unknown"
"TCGCGAGTCACCACCT","SRA526435","SRS1915196","Mus musculus","10x chromium","Cortex, hippocampus and subventricular zone","TCGCGAGTCACCACCT",2524,5380,86,0.0159851301115242,"Unknown"
"TCGCGAGTCGAGAACG","SRA526435","SRS1915196","Mus musculus","10x chromium","Cortex, hippocampus and subventricular zone","TCGCGAGTCGAGAACG",2410,5120,49,0.0095703125,"Unknown"
"TCGCGAGTCGGTCTAA","SRA526435","SRS1915196","Mus musculus","10x chromium","Cortex, hippocampus and subventricular zone","TCGCGAGTCGGTCTAA",1919,3845,27,0.0070221066319896,"Unknown"
"TCGCGAGTCTCGTATT","SRA526435","SRS1915196","Mus musculus","10x chromium","Cortex, hippocampus and subventricular zone","TCGCGAGTCTCGTATT",2517,5334,84,0.015748031496063,"Unknown"
"TCGCGAGTCTGCGACG","SRA526435","SRS1915196","Mus musculus","10x chromium","Cortex, hippocampus and subventricular zone","TCGCGAGTCTGCGACG",2343,4847,53,0.0109345987208583,"Unknown"
"TCGCGAGTCTGGCGTG","SRA526435","SRS1915196","Mus musculus","10x chromium","Cortex, hippocampus and subventricular zone","TCGCGAGTCTGGCGTG",2535,5832,39,0.00668724279835391,"Unknown"
"TCGCGTTAGAAGGACA","SRA526435","SRS1915196","Mus musculus","10x chromium","Cortex, hippocampus and subventricular zone","TCGCGTTAGAAGGACA",1844,3529,56,0.0158685179937659,"Unknown"
"TCGCGTTAGACGCTTT","SRA526435","SRS1915196","Mus musculus","10x chromium","Cortex, hippocampus and subventricular zone","TCGCGTTAGACGCTTT",1566,2931,40,0.0136472193790515,"Unknown"
"TCGCGTTAGAGCCCAA","SRA526435","SRS1915196","Mus musculus","10x chromium","Cortex, hippocampus and subventricular zone","TCGCGTTAGAGCCCAA",1777,3308,38,0.0114873035066505,"Unknown"
"TCGCGTTAGAGTTGGC","SRA526435","SRS1915196","Mus musculus","10x chromium","Cortex, hippocampus and subventricular zone","TCGCGTTAGAGTTGGC",2154,4901,47,0.00958987961640482,"Unknown"
"TCGCGTTAGCAACGGT","SRA526435","SRS1915196","Mus musculus","10x chromium","Cortex, hippocampus and subventricular zone","TCGCGTTAGCAACGGT",1216,2058,53,0.0257531584062196,"Unknown"
"TCGCGTTAGCTGCCCA","SRA526435","SRS1915196","Mus musculus","10x chromium","Cortex, hippocampus and subventricular zone","TCGCGTTAGCTGCCCA",1718,3357,60,0.0178731009830206,"Unknown"
"TCGCGTTAGGCGTACA","SRA526435","SRS1915196","Mus musculus","10x chromium","Cortex, hippocampus and subventricular zone","TCGCGTTAGGCGTACA",2375,5128,31,0.00604524180967239,"Unknown"
"TCGCGTTCAACACCTA","SRA526435","SRS1915196","Mus musculus","10x chromium","Cortex, hippocampus and subventricular zone","TCGCGTTCAACACCTA",2538,5718,55,0.00961874781392095,"Unknown"
"TCGCGTTCAACTGGCC","SRA526435","SRS1915196","Mus musculus","10x chromium","Cortex, hippocampus and subventricular zone","TCGCGTTCAACTGGCC",743,1107,21,0.018970189701897,"Unknown"
"TCGCGTTCAAGAAAGG","SRA526435","SRS1915196","Mus musculus","10x chromium","Cortex, hippocampus and subventricular zone","TCGCGTTCAAGAAAGG",1917,3755,47,0.0125166444740346,"Unknown"
"TCGCGTTCAAGGGTCA","SRA526435","SRS1915196","Mus musculus","10x chromium","Cortex, hippocampus and subventricular zone","TCGCGTTCAAGGGTCA",2027,4313,41,0.00950614421516346,"Unknown"
"TCGCGTTCACAAGTAA","SRA526435","SRS1915196","Mus musculus","10x chromium","Cortex, hippocampus and subventricular zone","TCGCGTTCACAAGTAA",2916,6131,71,0.0115804925786984,"Unknown"
"TCGCGTTCAGATTGCT","SRA526435","SRS1915196","Mus musculus","10x chromium","Cortex, hippocampus and subventricular zone","TCGCGTTCAGATTGCT",3541,8945,141,0.0157629960871996,"Unknown"
"TCGCGTTCAGGTGGAT","SRA526435","SRS1915196","Mus musculus","10x chromium","Cortex, hippocampus and subventricular zone","TCGCGTTCAGGTGGAT",1649,3013,58,0.0192499170262197,"Unknown"
"TCGCGTTCATGTAGTC","SRA526435","SRS1915196","Mus musculus","10x chromium","Cortex, hippocampus and subventricular zone","TCGCGTTCATGTAGTC",3010,7501,77,0.010265297960272,"Unknown"
"TCGCGTTGTAAACACA","SRA526435","SRS1915196","Mus musculus","10x chromium","Cortex, hippocampus and subventricular zone","TCGCGTTGTAAACACA",3280,7190,37,0.00514603616133519,"Unknown"
"TCGCGTTGTAAATGAC","SRA526435","SRS1915196","Mus musculus","10x chromium","Cortex, hippocampus and subventricular zone","TCGCGTTGTAAATGAC",1390,2483,17,0.00684655658477648,"Unknown"
"TCGCGTTGTCGACTAT","SRA526435","SRS1915196","Mus musculus","10x chromium","Cortex, hippocampus and subventricular zone","TCGCGTTGTCGACTAT",2670,5089,57,0.0112006288072313,"Unknown"
"TCGCGTTGTGTGACCC","SRA526435","SRS1915196","Mus musculus","10x chromium","Cortex, hippocampus and subventricular zone","TCGCGTTGTGTGACCC",2412,5506,48,0.00871776244097348,"Unknown"
"TCGCGTTGTGTTGAGG","SRA526435","SRS1915196","Mus musculus","10x chromium","Cortex, hippocampus and subventricular zone","TCGCGTTGTGTTGAGG",1898,3900,51,0.0130769230769231,"Unknown"
"TCGCGTTGTGTTTGTG","SRA526435","SRS1915196","Mus musculus","10x chromium","Cortex, hippocampus and subventricular zone","TCGCGTTGTGTTTGTG",1737,3274,71,0.0216860109957239,"Unknown"
"TCGCGTTGTTCTGGTA","SRA526435","SRS1915196","Mus musculus","10x chromium","Cortex, hippocampus and subventricular zone","TCGCGTTGTTCTGGTA",1781,3368,48,0.0142517814726841,"Unknown"
"TCGCGTTGTTTGCATG","SRA526435","SRS1915196","Mus musculus","10x chromium","Cortex, hippocampus and subventricular zone","TCGCGTTGTTTGCATG",1187,2045,29,0.0141809290953545,"Unknown"
"TCGCGTTTCAAAGTAG","SRA526435","SRS1915196","Mus musculus","10x chromium","Cortex, hippocampus and subventricular zone","TCGCGTTTCAAAGTAG",1415,2583,48,0.0185830429732869,"Unknown"
"TCGCGTTTCGCGCCAA","SRA526435","SRS1915196","Mus musculus","10x chromium","Cortex, hippocampus and subventricular zone","TCGCGTTTCGCGCCAA",2383,5196,73,0.0140492686682063,"Unknown"
"TCGCGTTTCGTAGGAG","SRA526435","SRS1915196","Mus musculus","10x chromium","Cortex, hippocampus and subventricular zone","TCGCGTTTCGTAGGAG",2895,6890,109,0.0158200290275762,"Unknown"
"TCGGGACAGAAGGTGA","SRA526435","SRS1915196","Mus musculus","10x chromium","Cortex, hippocampus and subventricular zone","TCGGGACAGAAGGTGA",4137,10647,109,0.010237625622241,"Unknown"
"TCGGGACAGCTCCCAG","SRA526435","SRS1915196","Mus musculus","10x chromium","Cortex, hippocampus and subventricular zone","TCGGGACAGCTCCCAG",1717,3334,54,0.0161967606478704,"Unknown"
"TCGGGACAGGCATTGG","SRA526435","SRS1915196","Mus musculus","10x chromium","Cortex, hippocampus and subventricular zone","TCGGGACAGGCATTGG",1946,4039,46,0.0113889576627878,"Unknown"
"TCGGGACAGTATGACA","SRA526435","SRS1915196","Mus musculus","10x chromium","Cortex, hippocampus and subventricular zone","TCGGGACAGTATGACA",2042,4170,19,0.00455635491606715,"Unknown"
"TCGGGACAGTCCGTAT","SRA526435","SRS1915196","Mus musculus","10x chromium","Cortex, hippocampus and subventricular zone","TCGGGACAGTCCGTAT",830,1277,53,0.0415035238841034,"Unknown"
"TCGGGACAGTTTGCGT","SRA526435","SRS1915196","Mus musculus","10x chromium","Cortex, hippocampus and subventricular zone","TCGGGACAGTTTGCGT",2356,4943,64,0.0129476026704431,"Unknown"
"TCGGGACCAAGTTGTC","SRA526435","SRS1915196","Mus musculus","10x chromium","Cortex, hippocampus and subventricular zone","TCGGGACCAAGTTGTC",2125,4581,70,0.015280506439642,"Unknown"
"TCGGGACCAGGTGGAT","SRA526435","SRS1915196","Mus musculus","10x chromium","Cortex, hippocampus and subventricular zone","TCGGGACCAGGTGGAT",1350,2378,48,0.0201850294365013,"Unknown"
"TCGGGACCAGTGAGTG","SRA526435","SRS1915196","Mus musculus","10x chromium","Cortex, hippocampus and subventricular zone","TCGGGACCAGTGAGTG",2879,7056,69,0.00977891156462585,"Unknown"
"TCGGGACGTACTCGCG","SRA526435","SRS1915196","Mus musculus","10x chromium","Cortex, hippocampus and subventricular zone","TCGGGACGTACTCGCG",2294,4811,72,0.014965703595926,"Unknown"
"TCGGGACGTATCAGTC","SRA526435","SRS1915196","Mus musculus","10x chromium","Cortex, hippocampus and subventricular zone","TCGGGACGTATCAGTC",3714,10053,136,0.0135283000099473,"Unknown"
"TCGGGACGTCCGCTGA","SRA526435","SRS1915196","Mus musculus","10x chromium","Cortex, hippocampus and subventricular zone","TCGGGACGTCCGCTGA",1369,2388,59,0.0247068676716918,"Unknown"
"TCGGGACGTCGCGGTT","SRA526435","SRS1915196","Mus musculus","10x chromium","Cortex, hippocampus and subventricular zone","TCGGGACGTCGCGGTT",1695,2925,26,0.00888888888888889,"Unknown"
"TCGGGACGTTCGTTGA","SRA526435","SRS1915196","Mus musculus","10x chromium","Cortex, hippocampus and subventricular zone","TCGGGACGTTCGTTGA",1581,2680,76,0.0283582089552239,"Unknown"
"TCGGGACTCACATGCA","SRA526435","SRS1915196","Mus musculus","10x chromium","Cortex, hippocampus and subventricular zone","TCGGGACTCACATGCA",2246,4360,53,0.0121559633027523,"Unknown"
"TCGGGACTCCACTCCA","SRA526435","SRS1915196","Mus musculus","10x chromium","Cortex, hippocampus and subventricular zone","TCGGGACTCCACTCCA",2486,5691,83,0.0145844315586013,"Unknown"
"TCGGGACTCCGAACGC","SRA526435","SRS1915196","Mus musculus","10x chromium","Cortex, hippocampus and subventricular zone","TCGGGACTCCGAACGC",2346,5057,38,0.00751433656317975,"Unknown"
"TCGGGACTCGATCCCT","SRA526435","SRS1915196","Mus musculus","10x chromium","Cortex, hippocampus and subventricular zone","TCGGGACTCGATCCCT",2915,7014,63,0.00898203592814371,"Unknown"
"TCGGGACTCTACCAGA","SRA526435","SRS1915196","Mus musculus","10x chromium","Cortex, hippocampus and subventricular zone","TCGGGACTCTACCAGA",1869,3250,55,0.0169230769230769,"Unknown"
"TCGGGACTCTAGAGTC","SRA526435","SRS1915196","Mus musculus","10x chromium","Cortex, hippocampus and subventricular zone","TCGGGACTCTAGAGTC",2008,3941,54,0.0137021060644506,"Unknown"
"TCGGGACTCTCAAACG","SRA526435","SRS1915196","Mus musculus","10x chromium","Cortex, hippocampus and subventricular zone","TCGGGACTCTCAAACG",1328,2343,49,0.020913358941528,"Unknown"
"TCGGGACTCTTAGAGC","SRA526435","SRS1915196","Mus musculus","10x chromium","Cortex, hippocampus and subventricular zone","TCGGGACTCTTAGAGC",1786,3162,8,0.00253004427577483,"Unknown"
"TCGGGACTCTTCATGT","SRA526435","SRS1915196","Mus musculus","10x chromium","Cortex, hippocampus and subventricular zone","TCGGGACTCTTCATGT",2536,5541,52,0.00938458761956326,"Unknown"
"TCGGGACTCTTCCTTC","SRA526435","SRS1915196","Mus musculus","10x chromium","Cortex, hippocampus and subventricular zone","TCGGGACTCTTCCTTC",3720,13754,91,0.00661625708884688,"Endothelial cells"
"TCGGTAAAGCCCAACC","SRA526435","SRS1915196","Mus musculus","10x chromium","Cortex, hippocampus and subventricular zone","TCGGTAAAGCCCAACC",1268,2212,62,0.0280289330922242,"Unknown"
"TCGGTAACAAAGCAAT","SRA526435","SRS1915196","Mus musculus","10x chromium","Cortex, hippocampus and subventricular zone","TCGGTAACAAAGCAAT",1612,3082,43,0.0139519792342635,"Unknown"
"TCGGTAACAAGTCTGT","SRA526435","SRS1915196","Mus musculus","10x chromium","Cortex, hippocampus and subventricular zone","TCGGTAACAAGTCTGT",1528,2860,44,0.0153846153846154,"Unknown"
"TCGGTAACAATGGACG","SRA526435","SRS1915196","Mus musculus","10x chromium","Cortex, hippocampus and subventricular zone","TCGGTAACAATGGACG",2594,5480,73,0.0133211678832117,"Unknown"
"TCGGTAACAGTGAGTG","SRA526435","SRS1915196","Mus musculus","10x chromium","Cortex, hippocampus and subventricular zone","TCGGTAACAGTGAGTG",869,1162,8,0.00688468158347676,"Unknown"
"TCGGTAACATCCGCGA","SRA526435","SRS1915196","Mus musculus","10x chromium","Cortex, hippocampus and subventricular zone","TCGGTAACATCCGCGA",2412,5162,60,0.0116234017822549,"Unknown"
"TCGGTAACATCTGGTA","SRA526435","SRS1915196","Mus musculus","10x chromium","Cortex, hippocampus and subventricular zone","TCGGTAACATCTGGTA",3474,8514,60,0.00704721634954193,"Unknown"
"TCGGTAACATGACGGA","SRA526435","SRS1915196","Mus musculus","10x chromium","Cortex, hippocampus and subventricular zone","TCGGTAACATGACGGA",2965,7145,143,0.0200139958012596,"Unknown"
"TCGGTAACATGCTAGT","SRA526435","SRS1915196","Mus musculus","10x chromium","Cortex, hippocampus and subventricular zone","TCGGTAACATGCTAGT",1505,3019,76,0.0251738986419344,"Unknown"
"TCGGTAACATTACGAC","SRA526435","SRS1915196","Mus musculus","10x chromium","Cortex, hippocampus and subventricular zone","TCGGTAACATTACGAC",2593,5592,81,0.0144849785407725,"Unknown"
"TCGGTAAGTAAGGATT","SRA526435","SRS1915196","Mus musculus","10x chromium","Cortex, hippocampus and subventricular zone","TCGGTAAGTAAGGATT",1748,3560,40,0.0112359550561798,"Unknown"
"TCGGTAAGTAATCGTC","SRA526435","SRS1915196","Mus musculus","10x chromium","Cortex, hippocampus and subventricular zone","TCGGTAAGTAATCGTC",826,1268,26,0.0205047318611987,"Unknown"
"TCGGTAAGTCAGCTAT","SRA526435","SRS1915196","Mus musculus","10x chromium","Cortex, hippocampus and subventricular zone","TCGGTAAGTCAGCTAT",1784,3121,20,0.00640820249919897,"Unknown"
"TCGGTAAGTGAGTGAC","SRA526435","SRS1915196","Mus musculus","10x chromium","Cortex, hippocampus and subventricular zone","TCGGTAAGTGAGTGAC",2082,4352,43,0.00988051470588235,"Unknown"
"TCGGTAAGTGTGGTTT","SRA526435","SRS1915196","Mus musculus","10x chromium","Cortex, hippocampus and subventricular zone","TCGGTAAGTGTGGTTT",1723,3024,45,0.0148809523809524,"Unknown"
"TCGGTAAGTTATTCTC","SRA526435","SRS1915196","Mus musculus","10x chromium","Cortex, hippocampus and subventricular zone","TCGGTAAGTTATTCTC",2745,7679,60,0.00781351738507618,"Unknown"
"TCGGTAAGTTTACTCT","SRA526435","SRS1915196","Mus musculus","10x chromium","Cortex, hippocampus and subventricular zone","TCGGTAAGTTTACTCT",792,1113,49,0.0440251572327044,"Unknown"
"TCGGTAATCGGAATCT","SRA526435","SRS1915196","Mus musculus","10x chromium","Cortex, hippocampus and subventricular zone","TCGGTAATCGGAATCT",1640,3132,68,0.0217113665389527,"Unknown"
"TCGGTAATCTGGTGTA","SRA526435","SRS1915196","Mus musculus","10x chromium","Cortex, hippocampus and subventricular zone","TCGGTAATCTGGTGTA",2885,7607,71,0.00933350861049034,"Unknown"
"TCGTACCAGATATGGT","SRA526435","SRS1915196","Mus musculus","10x chromium","Cortex, hippocampus and subventricular zone","TCGTACCAGATATGGT",1489,2689,58,0.0215693566381554,"Unknown"
"TCGTACCAGCCAGTAG","SRA526435","SRS1915196","Mus musculus","10x chromium","Cortex, hippocampus and subventricular zone","TCGTACCAGCCAGTAG",1516,2876,45,0.0156467315716273,"Unknown"
"TCGTACCAGCGATTCT","SRA526435","SRS1915196","Mus musculus","10x chromium","Cortex, hippocampus and subventricular zone","TCGTACCAGCGATTCT",3182,7950,63,0.00792452830188679,"Unknown"
"TCGTACCAGCTAAACA","SRA526435","SRS1915196","Mus musculus","10x chromium","Cortex, hippocampus and subventricular zone","TCGTACCAGCTAAACA",1401,2719,31,0.0114012504597278,"Unknown"
"TCGTACCAGGCTCAGA","SRA526435","SRS1915196","Mus musculus","10x chromium","Cortex, hippocampus and subventricular zone","TCGTACCAGGCTCAGA",2378,5176,74,0.0142967542503864,"Unknown"
"TCGTACCAGTACATGA","SRA526435","SRS1915196","Mus musculus","10x chromium","Cortex, hippocampus and subventricular zone","TCGTACCAGTACATGA",2274,4722,49,0.0103769589157137,"Unknown"
"TCGTACCCACAAGCCC","SRA526435","SRS1915196","Mus musculus","10x chromium","Cortex, hippocampus and subventricular zone","TCGTACCCACAAGCCC",1915,3660,40,0.0109289617486339,"Unknown"
"TCGTACCCAGCCTTGG","SRA526435","SRS1915196","Mus musculus","10x chromium","Cortex, hippocampus and subventricular zone","TCGTACCCAGCCTTGG",1950,3802,75,0.0197264597580221,"Unknown"
"TCGTACCCAGCTGTTA","SRA526435","SRS1915196","Mus musculus","10x chromium","Cortex, hippocampus and subventricular zone","TCGTACCCAGCTGTTA",1701,2984,9,0.00301608579088472,"Unknown"
"TCGTACCCAGGATCGA","SRA526435","SRS1915196","Mus musculus","10x chromium","Cortex, hippocampus and subventricular zone","TCGTACCCAGGATCGA",1605,2960,74,0.025,"Unknown"
"TCGTACCCAGTAGAGC","SRA526435","SRS1915196","Mus musculus","10x chromium","Cortex, hippocampus and subventricular zone","TCGTACCCAGTAGAGC",1774,3379,65,0.0192364604912696,"Unknown"
"TCGTACCCATGATCCA","SRA526435","SRS1915196","Mus musculus","10x chromium","Cortex, hippocampus and subventricular zone","TCGTACCCATGATCCA",2158,4380,34,0.00776255707762557,"Unknown"
"TCGTACCCATGCAACT","SRA526435","SRS1915196","Mus musculus","10x chromium","Cortex, hippocampus and subventricular zone","TCGTACCCATGCAACT",2480,5549,53,0.00955127049918904,"Unknown"
"TCGTACCGTACGAAAT","SRA526435","SRS1915196","Mus musculus","10x chromium","Cortex, hippocampus and subventricular zone","TCGTACCGTACGAAAT",2723,6401,88,0.0137478518981409,"Unknown"
"TCGTACCGTCATCGGC","SRA526435","SRS1915196","Mus musculus","10x chromium","Cortex, hippocampus and subventricular zone","TCGTACCGTCATCGGC",3582,10328,64,0.00619674670797831,"Unknown"
"TCGTACCGTTGAACTC","SRA526435","SRS1915196","Mus musculus","10x chromium","Cortex, hippocampus and subventricular zone","TCGTACCGTTGAACTC",2900,6862,56,0.00816088603905567,"Unknown"
"TCGTACCGTTGATTGC","SRA526435","SRS1915196","Mus musculus","10x chromium","Cortex, hippocampus and subventricular zone","TCGTACCGTTGATTGC",2087,4675,59,0.012620320855615,"Unknown"
"TCGTACCTCCGCTGTT","SRA526435","SRS1915196","Mus musculus","10x chromium","Cortex, hippocampus and subventricular zone","TCGTACCTCCGCTGTT",2313,4944,55,0.0111245954692557,"Unknown"
"TCGTACCTCCTTGGTC","SRA526435","SRS1915196","Mus musculus","10x chromium","Cortex, hippocampus and subventricular zone","TCGTACCTCCTTGGTC",2305,4938,81,0.0164034021871203,"Unknown"
"TCGTACCTCGTAGGTT","SRA526435","SRS1915196","Mus musculus","10x chromium","Cortex, hippocampus and subventricular zone","TCGTACCTCGTAGGTT",1890,3834,76,0.0198226395409494,"Unknown"
"TCGTACCTCGTTACAG","SRA526435","SRS1915196","Mus musculus","10x chromium","Cortex, hippocampus and subventricular zone","TCGTACCTCGTTACAG",2516,5714,32,0.0056002800140007,"Unknown"
"TCGTACCTCTAACTGG","SRA526435","SRS1915196","Mus musculus","10x chromium","Cortex, hippocampus and subventricular zone","TCGTACCTCTAACTGG",2226,4637,57,0.0122924304507225,"Unknown"
"TCGTACCTCTAGAGTC","SRA526435","SRS1915196","Mus musculus","10x chromium","Cortex, hippocampus and subventricular zone","TCGTACCTCTAGAGTC",1227,1746,39,0.0223367697594502,"Cajal-Retzius cells"
"TCGTACCTCTCAAACG","SRA526435","SRS1915196","Mus musculus","10x chromium","Cortex, hippocampus and subventricular zone","TCGTACCTCTCAAACG",1544,2966,99,0.033378287255563,"Unknown"
"TCGTACCTCTGCGGCA","SRA526435","SRS1915196","Mus musculus","10x chromium","Cortex, hippocampus and subventricular zone","TCGTACCTCTGCGGCA",2077,4093,79,0.019301246029807,"Unknown"
"TCGTACCTCTGGCGAC","SRA526435","SRS1915196","Mus musculus","10x chromium","Cortex, hippocampus and subventricular zone","TCGTACCTCTGGCGAC",2318,4681,34,0.00726340525528733,"Unknown"
"TCGTAGAAGAATGTTG","SRA526435","SRS1915196","Mus musculus","10x chromium","Cortex, hippocampus and subventricular zone","TCGTAGAAGAATGTTG",2412,5419,97,0.0178999815464108,"Unknown"
"TCGTAGAAGATCTGAA","SRA526435","SRS1915196","Mus musculus","10x chromium","Cortex, hippocampus and subventricular zone","TCGTAGAAGATCTGAA",2035,4239,65,0.0153338051427223,"Unknown"
"TCGTAGAAGATGTCGG","SRA526435","SRS1915196","Mus musculus","10x chromium","Cortex, hippocampus and subventricular zone","TCGTAGAAGATGTCGG",1507,2575,45,0.0174757281553398,"Unknown"
"TCGTAGAAGATGTTAG","SRA526435","SRS1915196","Mus musculus","10x chromium","Cortex, hippocampus and subventricular zone","TCGTAGAAGATGTTAG",2280,4974,54,0.0108564535585042,"Unknown"
"TCGTAGAAGCTTCGCG","SRA526435","SRS1915196","Mus musculus","10x chromium","Cortex, hippocampus and subventricular zone","TCGTAGAAGCTTCGCG",1716,3296,51,0.0154733009708738,"Unknown"
"TCGTAGAAGGAATGGA","SRA526435","SRS1915196","Mus musculus","10x chromium","Cortex, hippocampus and subventricular zone","TCGTAGAAGGAATGGA",4160,11669,103,0.00882680606735796,"Unknown"
"TCGTAGAAGTGGGATC","SRA526435","SRS1915196","Mus musculus","10x chromium","Cortex, hippocampus and subventricular zone","TCGTAGAAGTGGGATC",1006,1763,40,0.022688598979013,"Unknown"
"TCGTAGACAACACCCG","SRA526435","SRS1915196","Mus musculus","10x chromium","Cortex, hippocampus and subventricular zone","TCGTAGACAACACCCG",1114,1763,61,0.0346001134429949,"Unknown"
"TCGTAGACAATGAAAC","SRA526435","SRS1915196","Mus musculus","10x chromium","Cortex, hippocampus and subventricular zone","TCGTAGACAATGAAAC",2070,4090,47,0.0114914425427873,"Unknown"
"TCGTAGACACCTATCC","SRA526435","SRS1915196","Mus musculus","10x chromium","Cortex, hippocampus and subventricular zone","TCGTAGACACCTATCC",2420,5134,41,0.00798597584729256,"Unknown"
"TCGTAGACAGCTTCGG","SRA526435","SRS1915196","Mus musculus","10x chromium","Cortex, hippocampus and subventricular zone","TCGTAGACAGCTTCGG",1439,2568,30,0.0116822429906542,"Unknown"
"TCGTAGACATCCCACT","SRA526435","SRS1915196","Mus musculus","10x chromium","Cortex, hippocampus and subventricular zone","TCGTAGACATCCCACT",1584,2926,29,0.00991114149008886,"Unknown"
"TCGTAGACATGGATGG","SRA526435","SRS1915196","Mus musculus","10x chromium","Cortex, hippocampus and subventricular zone","TCGTAGACATGGATGG",2329,5030,75,0.0149105367793241,"Unknown"
"TCGTAGAGTGCTGTAT","SRA526435","SRS1915196","Mus musculus","10x chromium","Cortex, hippocampus and subventricular zone","TCGTAGAGTGCTGTAT",2811,7412,98,0.0132218024824609,"Unknown"
"TCGTAGAGTGGGTCAA","SRA526435","SRS1915196","Mus musculus","10x chromium","Cortex, hippocampus and subventricular zone","TCGTAGAGTGGGTCAA",902,1266,50,0.0394944707740916,"Unknown"
"TCGTAGAGTGGTGTAG","SRA526435","SRS1915196","Mus musculus","10x chromium","Cortex, hippocampus and subventricular zone","TCGTAGAGTGGTGTAG",1168,1772,20,0.0112866817155756,"Unknown"
"TCGTAGAGTTAGAACA","SRA526435","SRS1915196","Mus musculus","10x chromium","Cortex, hippocampus and subventricular zone","TCGTAGAGTTAGAACA",1662,3699,30,0.008110300081103,"Unknown"
"TCGTAGAGTTGCTCCT","SRA526435","SRS1915196","Mus musculus","10x chromium","Cortex, hippocampus and subventricular zone","TCGTAGAGTTGCTCCT",3017,6955,94,0.0135154565061107,"Unknown"
"TCGTAGATCAGAGGTG","SRA526435","SRS1915196","Mus musculus","10x chromium","Cortex, hippocampus and subventricular zone","TCGTAGATCAGAGGTG",1910,3700,43,0.0116216216216216,"Unknown"
"TCGTAGATCAGCAACT","SRA526435","SRS1915196","Mus musculus","10x chromium","Cortex, hippocampus and subventricular zone","TCGTAGATCAGCAACT",2910,7073,87,0.0123002969037184,"Unknown"
"TCGTAGATCCAGATCA","SRA526435","SRS1915196","Mus musculus","10x chromium","Cortex, hippocampus and subventricular zone","TCGTAGATCCAGATCA",1675,3091,29,0.00938207699773536,"Unknown"
"TCGTAGATCTAACTCT","SRA526435","SRS1915196","Mus musculus","10x chromium","Cortex, hippocampus and subventricular zone","TCGTAGATCTAACTCT",2182,4438,54,0.0121676430824696,"Unknown"
"TCGTAGATCTCGTATT","SRA526435","SRS1915196","Mus musculus","10x chromium","Cortex, hippocampus and subventricular zone","TCGTAGATCTCGTATT",1765,3548,74,0.0208568207440812,"Unknown"
"TCGTAGATCTCTTGAT","SRA526435","SRS1915196","Mus musculus","10x chromium","Cortex, hippocampus and subventricular zone","TCGTAGATCTCTTGAT",2081,3930,37,0.0094147582697201,"Unknown"
"TCGTAGATCTGAGGGA","SRA526435","SRS1915196","Mus musculus","10x chromium","Cortex, hippocampus and subventricular zone","TCGTAGATCTGAGGGA",223,3274,8,0.00244349419670128,"Erythroid-like and erythroid precursor cells"
"TCTATTGAGGGATACC","SRA526435","SRS1915196","Mus musculus","10x chromium","Cortex, hippocampus and subventricular zone","TCTATTGAGGGATACC",2242,5199,13,0.00250048086170417,"Unknown"
"TCTATTGAGTACGCCC","SRA526435","SRS1915196","Mus musculus","10x chromium","Cortex, hippocampus and subventricular zone","TCTATTGAGTACGCCC",3483,8621,64,0.00742373274562116,"Unknown"
"TCTATTGAGTTAGCGG","SRA526435","SRS1915196","Mus musculus","10x chromium","Cortex, hippocampus and subventricular zone","TCTATTGAGTTAGCGG",2760,5887,82,0.0139289960930865,"Unknown"
"TCTATTGAGTTATCGC","SRA526435","SRS1915196","Mus musculus","10x chromium","Cortex, hippocampus and subventricular zone","TCTATTGAGTTATCGC",3997,12713,207,0.016282545425942,"Unknown"
"TCTATTGCAAAGCAAT","SRA526435","SRS1915196","Mus musculus","10x chromium","Cortex, hippocampus and subventricular zone","TCTATTGCAAAGCAAT",764,1143,56,0.0489938757655293,"Unknown"
"TCTATTGCACATAACC","SRA526435","SRS1915196","Mus musculus","10x chromium","Cortex, hippocampus and subventricular zone","TCTATTGCACATAACC",1664,2968,54,0.0181940700808625,"Unknown"
"TCTATTGCACGTCAGC","SRA526435","SRS1915196","Mus musculus","10x chromium","Cortex, hippocampus and subventricular zone","TCTATTGCACGTCAGC",2989,7017,109,0.0155337038620493,"Unknown"
"TCTATTGGTAAATACG","SRA526435","SRS1915196","Mus musculus","10x chromium","Cortex, hippocampus and subventricular zone","TCTATTGGTAAATACG",1679,3568,45,0.0126121076233184,"Unknown"
"TCTATTGGTAGGGACT","SRA526435","SRS1915196","Mus musculus","10x chromium","Cortex, hippocampus and subventricular zone","TCTATTGGTAGGGACT",2617,6485,78,0.0120277563608327,"Unknown"
"TCTATTGGTCAACTGT","SRA526435","SRS1915196","Mus musculus","10x chromium","Cortex, hippocampus and subventricular zone","TCTATTGGTCAACTGT",2014,4182,40,0.00956480153036825,"Unknown"
"TCTATTGGTCGAAAGC","SRA526435","SRS1915196","Mus musculus","10x chromium","Cortex, hippocampus and subventricular zone","TCTATTGGTCGAAAGC",2489,5683,68,0.0119655111736759,"Unknown"
"TCTATTGGTGCACGAA","SRA526435","SRS1915196","Mus musculus","10x chromium","Cortex, hippocampus and subventricular zone","TCTATTGGTGCACGAA",2365,4858,59,0.0121449156031289,"Unknown"
"TCTATTGGTGCTGTAT","SRA526435","SRS1915196","Mus musculus","10x chromium","Cortex, hippocampus and subventricular zone","TCTATTGGTGCTGTAT",1709,3211,64,0.0199314855185301,"Unknown"
"TCTATTGTCAGGTTCA","SRA526435","SRS1915196","Mus musculus","10x chromium","Cortex, hippocampus and subventricular zone","TCTATTGTCAGGTTCA",1883,3623,35,0.009660502346122,"Unknown"
"TCTATTGTCAGTACGT","SRA526435","SRS1915196","Mus musculus","10x chromium","Cortex, hippocampus and subventricular zone","TCTATTGTCAGTACGT",2905,6792,60,0.0088339222614841,"Unknown"
"TCTATTGTCCTTGGTC","SRA526435","SRS1915196","Mus musculus","10x chromium","Cortex, hippocampus and subventricular zone","TCTATTGTCCTTGGTC",3346,6833,44,0.00643933850431728,"Unknown"
"TCTATTGTCGAACTGT","SRA526435","SRS1915196","Mus musculus","10x chromium","Cortex, hippocampus and subventricular zone","TCTATTGTCGAACTGT",3072,8101,102,0.0125910381434391,"Unknown"
"TCTATTGTCTACCTGC","SRA526435","SRS1915196","Mus musculus","10x chromium","Cortex, hippocampus and subventricular zone","TCTATTGTCTACCTGC",3168,8000,129,0.016125,"Unknown"
"TCTATTGTCTGTTGAG","SRA526435","SRS1915196","Mus musculus","10x chromium","Cortex, hippocampus and subventricular zone","TCTATTGTCTGTTGAG",2981,7057,81,0.0114779651409948,"Unknown"
"TCTATTGTCTTCTGGC","SRA526435","SRS1915196","Mus musculus","10x chromium","Cortex, hippocampus and subventricular zone","TCTATTGTCTTCTGGC",1520,2787,12,0.00430570505920344,"Unknown"
"TCTCATAAGCTTCGCG","SRA526435","SRS1915196","Mus musculus","10x chromium","Cortex, hippocampus and subventricular zone","TCTCATAAGCTTCGCG",2299,4573,85,0.0185873605947955,"Unknown"
"TCTCATAAGGAGTCTG","SRA526435","SRS1915196","Mus musculus","10x chromium","Cortex, hippocampus and subventricular zone","TCTCATAAGGAGTCTG",979,1405,37,0.0263345195729537,"Cajal-Retzius cells"
"TCTCATAAGGGCTTCC","SRA526435","SRS1915196","Mus musculus","10x chromium","Cortex, hippocampus and subventricular zone","TCTCATAAGGGCTTCC",4555,13978,172,0.012305050794105,"Unknown"
"TCTCATACAAAGCAAT","SRA526435","SRS1915196","Mus musculus","10x chromium","Cortex, hippocampus and subventricular zone","TCTCATACAAAGCAAT",2369,5168,54,0.0104489164086687,"Unknown"
"TCTCATACAAGAGTCG","SRA526435","SRS1915196","Mus musculus","10x chromium","Cortex, hippocampus and subventricular zone","TCTCATACAAGAGTCG",2209,4487,28,0.0062402496099844,"Unknown"
"TCTCATACACGAGAGT","SRA526435","SRS1915196","Mus musculus","10x chromium","Cortex, hippocampus and subventricular zone","TCTCATACACGAGAGT",1320,2530,45,0.0177865612648221,"Unknown"
"TCTCATACACGCATCG","SRA526435","SRS1915196","Mus musculus","10x chromium","Cortex, hippocampus and subventricular zone","TCTCATACACGCATCG",1229,2094,152,0.0725883476599809,"Cajal-Retzius cells"
"TCTCATACACGGCTAC","SRA526435","SRS1915196","Mus musculus","10x chromium","Cortex, hippocampus and subventricular zone","TCTCATACACGGCTAC",2491,5572,70,0.0125628140703518,"Unknown"
"TCTCATACACTTAAGC","SRA526435","SRS1915196","Mus musculus","10x chromium","Cortex, hippocampus and subventricular zone","TCTCATACACTTAAGC",2459,5549,78,0.0140565867723914,"Unknown"
"TCTCATACAGACACTT","SRA526435","SRS1915196","Mus musculus","10x chromium","Cortex, hippocampus and subventricular zone","TCTCATACAGACACTT",1572,2789,30,0.0107565435640014,"Unknown"
"TCTCATACAGATGAGC","SRA526435","SRS1915196","Mus musculus","10x chromium","Cortex, hippocampus and subventricular zone","TCTCATACAGATGAGC",744,1408,55,0.0390625,"Unknown"
"TCTCATACAGGTCGTC","SRA526435","SRS1915196","Mus musculus","10x chromium","Cortex, hippocampus and subventricular zone","TCTCATACAGGTCGTC",2400,5184,57,0.0109953703703704,"Unknown"
"TCTCATACAGTAACGG","SRA526435","SRS1915196","Mus musculus","10x chromium","Cortex, hippocampus and subventricular zone","TCTCATACAGTAACGG",945,1404,66,0.047008547008547,"Unknown"
"TCTCATAGTCGACTGC","SRA526435","SRS1915196","Mus musculus","10x chromium","Cortex, hippocampus and subventricular zone","TCTCATAGTCGACTGC",2273,5431,70,0.0128889707236236,"Unknown"
"TCTCATAGTTAAGACA","SRA526435","SRS1915196","Mus musculus","10x chromium","Cortex, hippocampus and subventricular zone","TCTCATAGTTAAGACA",1223,2037,35,0.0171821305841924,"Unknown"
"TCTCATAGTTAAGTAG","SRA526435","SRS1915196","Mus musculus","10x chromium","Cortex, hippocampus and subventricular zone","TCTCATAGTTAAGTAG",1445,2823,36,0.0127523910733262,"Unknown"
"TCTCATAGTTACGGAG","SRA526435","SRS1915196","Mus musculus","10x chromium","Cortex, hippocampus and subventricular zone","TCTCATAGTTACGGAG",1497,2704,69,0.0255177514792899,"Unknown"
"TCTCATATCAAGGTAA","SRA526435","SRS1915196","Mus musculus","10x chromium","Cortex, hippocampus and subventricular zone","TCTCATATCAAGGTAA",2062,3987,24,0.00601956358164033,"Unknown"
"TCTCATATCACTTACT","SRA526435","SRS1915196","Mus musculus","10x chromium","Cortex, hippocampus and subventricular zone","TCTCATATCACTTACT",1554,3138,26,0.0082855321861058,"Unknown"
"TCTCATATCATCTGTT","SRA526435","SRS1915196","Mus musculus","10x chromium","Cortex, hippocampus and subventricular zone","TCTCATATCATCTGTT",1922,3771,70,0.0185627154600902,"Unknown"
"TCTCATATCCGCAGTG","SRA526435","SRS1915196","Mus musculus","10x chromium","Cortex, hippocampus and subventricular zone","TCTCATATCCGCAGTG",1835,3527,44,0.0124751913807769,"Unknown"
"TCTCATATCCTTGACC","SRA526435","SRS1915196","Mus musculus","10x chromium","Cortex, hippocampus and subventricular zone","TCTCATATCCTTGACC",1746,3576,65,0.0181767337807606,"Unknown"
"TCTCATATCGTAGGTT","SRA526435","SRS1915196","Mus musculus","10x chromium","Cortex, hippocampus and subventricular zone","TCTCATATCGTAGGTT",986,1796,48,0.0267260579064588,"Unknown"
"TCTCATATCTGGCGTG","SRA526435","SRS1915196","Mus musculus","10x chromium","Cortex, hippocampus and subventricular zone","TCTCATATCTGGCGTG",851,1381,58,0.0419985517740768,"Unknown"
"TCTCATATCTGTGCAA","SRA526435","SRS1915196","Mus musculus","10x chromium","Cortex, hippocampus and subventricular zone","TCTCATATCTGTGCAA",842,1206,29,0.0240464344941957,"Oligodendrocyte progenitor cells"
"TCTCTAAAGAAGGGTA","SRA526435","SRS1915196","Mus musculus","10x chromium","Cortex, hippocampus and subventricular zone","TCTCTAAAGAAGGGTA",1504,2895,52,0.0179620034542314,"Unknown"
"TCTCTAAAGAATGTTG","SRA526435","SRS1915196","Mus musculus","10x chromium","Cortex, hippocampus and subventricular zone","TCTCTAAAGAATGTTG",2078,4507,69,0.0153095185267362,"Unknown"
"TCTCTAAAGCCACCTG","SRA526435","SRS1915196","Mus musculus","10x chromium","Cortex, hippocampus and subventricular zone","TCTCTAAAGCCACCTG",2633,6276,98,0.0156150414276609,"Unknown"
"TCTCTAAAGCTAAACA","SRA526435","SRS1915196","Mus musculus","10x chromium","Cortex, hippocampus and subventricular zone","TCTCTAAAGCTAAACA",1413,2886,196,0.0679140679140679,"Unknown"
"TCTCTAAAGCTAAGAT","SRA526435","SRS1915196","Mus musculus","10x chromium","Cortex, hippocampus and subventricular zone","TCTCTAAAGCTAAGAT",2361,5603,83,0.0148134927717294,"Unknown"
"TCTCTAAAGGGTGTTG","SRA526435","SRS1915196","Mus musculus","10x chromium","Cortex, hippocampus and subventricular zone","TCTCTAAAGGGTGTTG",2526,5382,72,0.0133779264214047,"Unknown"
"TCTCTAAAGGTGCAAC","SRA526435","SRS1915196","Mus musculus","10x chromium","Cortex, hippocampus and subventricular zone","TCTCTAAAGGTGCAAC",1125,1847,44,0.0238224147265836,"Unknown"
"TCTCTAAAGGTGTGGT","SRA526435","SRS1915196","Mus musculus","10x chromium","Cortex, hippocampus and subventricular zone","TCTCTAAAGGTGTGGT",96,4939,5,0.00101235067827495,"Erythroid-like and erythroid precursor cells"
"TCTCTAACAAGGTTTC","SRA526435","SRS1915196","Mus musculus","10x chromium","Cortex, hippocampus and subventricular zone","TCTCTAACAAGGTTTC",2876,8183,172,0.0210191861175608,"Unknown"
"TCTCTAACACATTAGC","SRA526435","SRS1915196","Mus musculus","10x chromium","Cortex, hippocampus and subventricular zone","TCTCTAACACATTAGC",2172,4343,46,0.0105917568501036,"Unknown"
"TCTCTAAGTCTAGGTT","SRA526435","SRS1915196","Mus musculus","10x chromium","Cortex, hippocampus and subventricular zone","TCTCTAAGTCTAGGTT",1872,3494,53,0.0151688609044076,"Unknown"
"TCTCTAAGTCTGCAAT","SRA526435","SRS1915196","Mus musculus","10x chromium","Cortex, hippocampus and subventricular zone","TCTCTAAGTCTGCAAT",2826,6877,59,0.00857932237894431,"Unknown"
"TCTCTAAGTTAAGAAC","SRA526435","SRS1915196","Mus musculus","10x chromium","Cortex, hippocampus and subventricular zone","TCTCTAAGTTAAGAAC",1694,3180,42,0.0132075471698113,"Unknown"
"TCTCTAAGTTCCAACA","SRA526435","SRS1915196","Mus musculus","10x chromium","Cortex, hippocampus and subventricular zone","TCTCTAAGTTCCAACA",1027,1627,33,0.0202827289489859,"Unknown"
"TCTCTAAGTTCTCATT","SRA526435","SRS1915196","Mus musculus","10x chromium","Cortex, hippocampus and subventricular zone","TCTCTAAGTTCTCATT",2264,5104,57,0.0111677115987461,"Unknown"
"TCTCTAATCAAGGTAA","SRA526435","SRS1915196","Mus musculus","10x chromium","Cortex, hippocampus and subventricular zone","TCTCTAATCAAGGTAA",2224,4776,43,0.00900335008375209,"Unknown"
"TCTCTAATCATTGCGA","SRA526435","SRS1915196","Mus musculus","10x chromium","Cortex, hippocampus and subventricular zone","TCTCTAATCATTGCGA",1837,3632,50,0.0137665198237885,"Unknown"
"TCTCTAATCGTACCGG","SRA526435","SRS1915196","Mus musculus","10x chromium","Cortex, hippocampus and subventricular zone","TCTCTAATCGTACCGG",776,1135,27,0.0237885462555066,"Unknown"
"TCTCTAATCTCACATT","SRA526435","SRS1915196","Mus musculus","10x chromium","Cortex, hippocampus and subventricular zone","TCTCTAATCTCACATT",2860,7071,51,0.0072125583368689,"Unknown"
"TCTCTAATCTTCAACT","SRA526435","SRS1915196","Mus musculus","10x chromium","Cortex, hippocampus and subventricular zone","TCTCTAATCTTCAACT",1530,2831,25,0.00883080183680678,"Unknown"
"TCTGAGAAGACTAGAT","SRA526435","SRS1915196","Mus musculus","10x chromium","Cortex, hippocampus and subventricular zone","TCTGAGAAGACTAGAT",1435,2623,35,0.0133434998093786,"Unknown"
"TCTGAGAAGATCGGGT","SRA526435","SRS1915196","Mus musculus","10x chromium","Cortex, hippocampus and subventricular zone","TCTGAGAAGATCGGGT",1552,2985,58,0.0194304857621441,"Unknown"
"TCTGAGAAGCGAAGGG","SRA526435","SRS1915196","Mus musculus","10x chromium","Cortex, hippocampus and subventricular zone","TCTGAGAAGCGAAGGG",1443,2815,46,0.0163410301953819,"Unknown"
"TCTGAGAAGCTCAACT","SRA526435","SRS1915196","Mus musculus","10x chromium","Cortex, hippocampus and subventricular zone","TCTGAGAAGCTCAACT",2250,5304,40,0.00754147812971342,"Unknown"
"TCTGAGAAGCTCCCAG","SRA526435","SRS1915196","Mus musculus","10x chromium","Cortex, hippocampus and subventricular zone","TCTGAGAAGCTCCCAG",815,1189,38,0.031959629941127,"Unknown"
"TCTGAGAAGGGATACC","SRA526435","SRS1915196","Mus musculus","10x chromium","Cortex, hippocampus and subventricular zone","TCTGAGAAGGGATACC",1500,2787,74,0.0265518478650879,"Unknown"
"TCTGAGAAGGGTATCG","SRA526435","SRS1915196","Mus musculus","10x chromium","Cortex, hippocampus and subventricular zone","TCTGAGAAGGGTATCG",2125,4326,37,0.00855293573740176,"Unknown"
"TCTGAGAAGTAGTGCG","SRA526435","SRS1915196","Mus musculus","10x chromium","Cortex, hippocampus and subventricular zone","TCTGAGAAGTAGTGCG",2118,4436,43,0.00969341749323715,"Unknown"
"TCTGAGAAGTCATGCT","SRA526435","SRS1915196","Mus musculus","10x chromium","Cortex, hippocampus and subventricular zone","TCTGAGAAGTCATGCT",2694,6255,90,0.0143884892086331,"Unknown"
"TCTGAGAAGTTCCACA","SRA526435","SRS1915196","Mus musculus","10x chromium","Cortex, hippocampus and subventricular zone","TCTGAGAAGTTCCACA",821,1083,14,0.012927054478301,"Unknown"
"TCTGAGACAACTTGAC","SRA526435","SRS1915196","Mus musculus","10x chromium","Cortex, hippocampus and subventricular zone","TCTGAGACAACTTGAC",1744,2766,64,0.0231381055676067,"Oligodendrocyte progenitor cells"
"TCTGAGACACACTGCG","SRA526435","SRS1915196","Mus musculus","10x chromium","Cortex, hippocampus and subventricular zone","TCTGAGACACACTGCG",827,1357,2,0.00147383935151069,"Unknown"
"TCTGAGACACGAAAGC","SRA526435","SRS1915196","Mus musculus","10x chromium","Cortex, hippocampus and subventricular zone","TCTGAGACACGAAAGC",3642,9831,85,0.00864611941816702,"Unknown"
"TCTGAGACAGACGCCT","SRA526435","SRS1915196","Mus musculus","10x chromium","Cortex, hippocampus and subventricular zone","TCTGAGACAGACGCCT",2174,4652,69,0.0148323301805675,"Unknown"
"TCTGAGACAGCATACT","SRA526435","SRS1915196","Mus musculus","10x chromium","Cortex, hippocampus and subventricular zone","TCTGAGACAGCATACT",2558,5467,68,0.0124382659593927,"Unknown"
"TCTGAGACAGGACCCT","SRA526435","SRS1915196","Mus musculus","10x chromium","Cortex, hippocampus and subventricular zone","TCTGAGACAGGACCCT",2351,4585,60,0.0130861504907306,"Unknown"
"TCTGAGACAGTAGAGC","SRA526435","SRS1915196","Mus musculus","10x chromium","Cortex, hippocampus and subventricular zone","TCTGAGACAGTAGAGC",2037,4339,59,0.0135976031343628,"Unknown"
"TCTGAGACAGTGGGAT","SRA526435","SRS1915196","Mus musculus","10x chromium","Cortex, hippocampus and subventricular zone","TCTGAGACAGTGGGAT",3783,9701,104,0.0107205442737862,"Unknown"
"TCTGAGACAGTTAACC","SRA526435","SRS1915196","Mus musculus","10x chromium","Cortex, hippocampus and subventricular zone","TCTGAGACAGTTAACC",1742,3250,31,0.00953846153846154,"Unknown"
"TCTGAGACATAAGACA","SRA526435","SRS1915196","Mus musculus","10x chromium","Cortex, hippocampus and subventricular zone","TCTGAGACATAAGACA",2029,4327,42,0.00970649410677143,"Unknown"
"TCTGAGAGTCTCACCT","SRA526435","SRS1915196","Mus musculus","10x chromium","Cortex, hippocampus and subventricular zone","TCTGAGAGTCTCACCT",358,12491,16,0.0012809222640301,"Erythroid-like and erythroid precursor cells"
"TCTGAGAGTGAAATCA","SRA526435","SRS1915196","Mus musculus","10x chromium","Cortex, hippocampus and subventricular zone","TCTGAGAGTGAAATCA",2341,5007,66,0.0131815458358298,"Unknown"
"TCTGAGAGTGACTCAT","SRA526435","SRS1915196","Mus musculus","10x chromium","Cortex, hippocampus and subventricular zone","TCTGAGAGTGACTCAT",2155,4348,40,0.00919963201471941,"Unknown"
"TCTGAGAGTGTTCGAT","SRA526435","SRS1915196","Mus musculus","10x chromium","Cortex, hippocampus and subventricular zone","TCTGAGAGTGTTCGAT",2424,5253,48,0.00913763563677898,"Unknown"
"TCTGAGAGTTTGTTGG","SRA526435","SRS1915196","Mus musculus","10x chromium","Cortex, hippocampus and subventricular zone","TCTGAGAGTTTGTTGG",1587,3148,41,0.0130241423125794,"Unknown"
"TCTGAGATCAGTTCGA","SRA526435","SRS1915196","Mus musculus","10x chromium","Cortex, hippocampus and subventricular zone","TCTGAGATCAGTTCGA",2124,4065,46,0.0113161131611316,"Unknown"
"TCTGAGATCGGTGTCG","SRA526435","SRS1915196","Mus musculus","10x chromium","Cortex, hippocampus and subventricular zone","TCTGAGATCGGTGTCG",3984,11138,127,0.0114024061770515,"Unknown"
"TCTGAGATCTATCCCG","SRA526435","SRS1915196","Mus musculus","10x chromium","Cortex, hippocampus and subventricular zone","TCTGAGATCTATCCCG",1825,3592,54,0.0150334075723831,"Unknown"
"TCTGAGATCTCCGGTT","SRA526435","SRS1915196","Mus musculus","10x chromium","Cortex, hippocampus and subventricular zone","TCTGAGATCTCCGGTT",2208,4773,79,0.0165514351560863,"Unknown"
"TCTGGAAAGGCTCATT","SRA526435","SRS1915196","Mus musculus","10x chromium","Cortex, hippocampus and subventricular zone","TCTGGAAAGGCTCATT",3587,8164,74,0.00906418422341989,"Unknown"
"TCTGGAACAATGGACG","SRA526435","SRS1915196","Mus musculus","10x chromium","Cortex, hippocampus and subventricular zone","TCTGGAACAATGGACG",1088,1703,22,0.0129183793305931,"Unknown"
"TCTGGAACACAGACTT","SRA526435","SRS1915196","Mus musculus","10x chromium","Cortex, hippocampus and subventricular zone","TCTGGAACACAGACTT",2297,5555,90,0.0162016201620162,"Unknown"
"TCTGGAACACCATGTA","SRA526435","SRS1915196","Mus musculus","10x chromium","Cortex, hippocampus and subventricular zone","TCTGGAACACCATGTA",1538,2782,33,0.011861969805895,"Unknown"
"TCTGGAACAGGAACGT","SRA526435","SRS1915196","Mus musculus","10x chromium","Cortex, hippocampus and subventricular zone","TCTGGAACAGGAACGT",1385,2485,48,0.0193158953722334,"Unknown"
"TCTGGAACAGTTTACG","SRA526435","SRS1915196","Mus musculus","10x chromium","Cortex, hippocampus and subventricular zone","TCTGGAACAGTTTACG",1170,1692,48,0.0283687943262411,"Unknown"
"TCTGGAACATACTCTT","SRA526435","SRS1915196","Mus musculus","10x chromium","Cortex, hippocampus and subventricular zone","TCTGGAACATACTCTT",2144,4574,61,0.0133362483602973,"Unknown"
"TCTGGAACATTCCTCG","SRA526435","SRS1915196","Mus musculus","10x chromium","Cortex, hippocampus and subventricular zone","TCTGGAACATTCCTCG",2558,5680,48,0.00845070422535211,"Unknown"
"TCTGGAAGTACAGCAG","SRA526435","SRS1915196","Mus musculus","10x chromium","Cortex, hippocampus and subventricular zone","TCTGGAAGTACAGCAG",2261,5041,123,0.0243999206506646,"Unknown"
"TCTGGAAGTACCGAGA","SRA526435","SRS1915196","Mus musculus","10x chromium","Cortex, hippocampus and subventricular zone","TCTGGAAGTACCGAGA",1714,3198,19,0.00594121325828643,"Unknown"
"TCTGGAAGTATCACCA","SRA526435","SRS1915196","Mus musculus","10x chromium","Cortex, hippocampus and subventricular zone","TCTGGAAGTATCACCA",727,1020,8,0.00784313725490196,"Unknown"
"TCTGGAAGTCTAACGT","SRA526435","SRS1915196","Mus musculus","10x chromium","Cortex, hippocampus and subventricular zone","TCTGGAAGTCTAACGT",2443,5511,126,0.0228633641807294,"Unknown"
"TCTGGAAGTCTCCACT","SRA526435","SRS1915196","Mus musculus","10x chromium","Cortex, hippocampus and subventricular zone","TCTGGAAGTCTCCACT",1177,2091,33,0.0157819225251076,"Unknown"
"TCTGGAAGTTAAAGTG","SRA526435","SRS1915196","Mus musculus","10x chromium","Cortex, hippocampus and subventricular zone","TCTGGAAGTTAAAGTG",3062,8616,90,0.0104456824512535,"Unknown"
"TCTGGAAGTTACCAGT","SRA526435","SRS1915196","Mus musculus","10x chromium","Cortex, hippocampus and subventricular zone","TCTGGAAGTTACCAGT",2113,4280,59,0.013785046728972,"Unknown"
"TCTGGAATCAGGCCCA","SRA526435","SRS1915196","Mus musculus","10x chromium","Cortex, hippocampus and subventricular zone","TCTGGAATCAGGCCCA",2654,5861,62,0.0105783995905136,"Unknown"
"TCTGGAATCCGCGTTT","SRA526435","SRS1915196","Mus musculus","10x chromium","Cortex, hippocampus and subventricular zone","TCTGGAATCCGCGTTT",1839,3533,56,0.0158505519388622,"Unknown"
"TCTGGAATCCTCGCAT","SRA526435","SRS1915196","Mus musculus","10x chromium","Cortex, hippocampus and subventricular zone","TCTGGAATCCTCGCAT",3199,8678,141,0.0162479834063148,"Endothelial cells"
"TCTGGAATCGCCAGCA","SRA526435","SRS1915196","Mus musculus","10x chromium","Cortex, hippocampus and subventricular zone","TCTGGAATCGCCAGCA",4027,11103,147,0.0132396649554175,"Unknown"
"TCTGGAATCTAGCACA","SRA526435","SRS1915196","Mus musculus","10x chromium","Cortex, hippocampus and subventricular zone","TCTGGAATCTAGCACA",1408,2419,33,0.0136420008267879,"Unknown"
"TCTGGAATCTTGTCAT","SRA526435","SRS1915196","Mus musculus","10x chromium","Cortex, hippocampus and subventricular zone","TCTGGAATCTTGTCAT",1644,3025,28,0.00925619834710744,"Unknown"
"TCTTCGGAGAAGCCCA","SRA526435","SRS1915196","Mus musculus","10x chromium","Cortex, hippocampus and subventricular zone","TCTTCGGAGAAGCCCA",1210,2208,30,0.0135869565217391,"Unknown"
"TCTTCGGAGCGTGTCC","SRA526435","SRS1915196","Mus musculus","10x chromium","Cortex, hippocampus and subventricular zone","TCTTCGGAGCGTGTCC",1786,3421,32,0.00935399006138556,"Unknown"
"TCTTCGGAGCTGTTCA","SRA526435","SRS1915196","Mus musculus","10x chromium","Cortex, hippocampus and subventricular zone","TCTTCGGAGCTGTTCA",1566,2680,31,0.0115671641791045,"Unknown"
"TCTTCGGCAATAAGCA","SRA526435","SRS1915196","Mus musculus","10x chromium","Cortex, hippocampus and subventricular zone","TCTTCGGCAATAAGCA",2328,5054,72,0.0142461416699644,"Unknown"
"TCTTCGGCACAGGTTT","SRA526435","SRS1915196","Mus musculus","10x chromium","Cortex, hippocampus and subventricular zone","TCTTCGGCACAGGTTT",2003,4072,47,0.0115422396856582,"Unknown"
"TCTTCGGCATGCCACG","SRA526435","SRS1915196","Mus musculus","10x chromium","Cortex, hippocampus and subventricular zone","TCTTCGGCATGCCACG",2067,3909,48,0.012279355333845,"Unknown"
"TCTTCGGGTAAGGATT","SRA526435","SRS1915196","Mus musculus","10x chromium","Cortex, hippocampus and subventricular zone","TCTTCGGGTAAGGATT",1322,2368,77,0.0325168918918919,"Unknown"
"TCTTCGGGTAGCGATG","SRA526435","SRS1915196","Mus musculus","10x chromium","Cortex, hippocampus and subventricular zone","TCTTCGGGTAGCGATG",2659,6145,102,0.0165988608624898,"Unknown"
"TCTTCGGGTAGTGAAT","SRA526435","SRS1915196","Mus musculus","10x chromium","Cortex, hippocampus and subventricular zone","TCTTCGGGTAGTGAAT",1540,2735,29,0.0106032906764168,"Unknown"
"TCTTCGGGTATGAATG","SRA526435","SRS1915196","Mus musculus","10x chromium","Cortex, hippocampus and subventricular zone","TCTTCGGGTATGAATG",3598,10106,177,0.0175143479121314,"Unknown"
"TCTTCGGGTATTACCG","SRA526435","SRS1915196","Mus musculus","10x chromium","Cortex, hippocampus and subventricular zone","TCTTCGGGTATTACCG",1835,4048,70,0.0172924901185771,"Unknown"
"TCTTCGGGTCCAGTAT","SRA526435","SRS1915196","Mus musculus","10x chromium","Cortex, hippocampus and subventricular zone","TCTTCGGGTCCAGTAT",4271,12129,137,0.0112952428064968,"Endothelial cells"
"TCTTCGGGTCCCTACT","SRA526435","SRS1915196","Mus musculus","10x chromium","Cortex, hippocampus and subventricular zone","TCTTCGGGTCCCTACT",1801,3339,43,0.0128781072177299,"Unknown"
"TCTTCGGGTCCTGCTT","SRA526435","SRS1915196","Mus musculus","10x chromium","Cortex, hippocampus and subventricular zone","TCTTCGGGTCCTGCTT",1560,2891,45,0.0155655482531996,"Unknown"
"TCTTCGGGTGCCTTGG","SRA526435","SRS1915196","Mus musculus","10x chromium","Cortex, hippocampus and subventricular zone","TCTTCGGGTGCCTTGG",2601,5615,59,0.0105075690115761,"Unknown"
"TCTTCGGGTTCAGGCC","SRA526435","SRS1915196","Mus musculus","10x chromium","Cortex, hippocampus and subventricular zone","TCTTCGGGTTCAGGCC",1841,3715,49,0.0131897711978466,"Unknown"
"TCTTCGGTCATCACCC","SRA526435","SRS1915196","Mus musculus","10x chromium","Cortex, hippocampus and subventricular zone","TCTTCGGTCATCACCC",1233,2150,46,0.0213953488372093,"Unknown"
"TCTTCGGTCGGCATCG","SRA526435","SRS1915196","Mus musculus","10x chromium","Cortex, hippocampus and subventricular zone","TCTTCGGTCGGCATCG",1845,3486,57,0.0163511187607573,"Unknown"
"TCTTCGGTCGTAGGTT","SRA526435","SRS1915196","Mus musculus","10x chromium","Cortex, hippocampus and subventricular zone","TCTTCGGTCGTAGGTT",2403,5241,256,0.0488456401450105,"Cajal-Retzius cells"
"TCTTCGGTCTCGTTTA","SRA526435","SRS1915196","Mus musculus","10x chromium","Cortex, hippocampus and subventricular zone","TCTTCGGTCTCGTTTA",2105,4183,50,0.011953143676787,"Unknown"
"TCTTCGGTCTGTTTGT","SRA526435","SRS1915196","Mus musculus","10x chromium","Cortex, hippocampus and subventricular zone","TCTTCGGTCTGTTTGT",1105,1722,9,0.00522648083623693,"Unknown"
"TCTTTCCAGAATGTGT","SRA526435","SRS1915196","Mus musculus","10x chromium","Cortex, hippocampus and subventricular zone","TCTTTCCAGAATGTGT",2543,5924,45,0.00759621877110061,"Unknown"
"TCTTTCCAGAGTCGGT","SRA526435","SRS1915196","Mus musculus","10x chromium","Cortex, hippocampus and subventricular zone","TCTTTCCAGAGTCGGT",2277,4743,68,0.014336917562724,"Pericytes"
"TCTTTCCAGCCATCGC","SRA526435","SRS1915196","Mus musculus","10x chromium","Cortex, hippocampus and subventricular zone","TCTTTCCAGCCATCGC",1089,1671,17,0.0101735487731897,"Unknown"
"TCTTTCCAGCTAAGAT","SRA526435","SRS1915196","Mus musculus","10x chromium","Cortex, hippocampus and subventricular zone","TCTTTCCAGCTAAGAT",2311,4782,63,0.0131744040150565,"Microglia"
"TCTTTCCAGTGAAGTT","SRA526435","SRS1915196","Mus musculus","10x chromium","Cortex, hippocampus and subventricular zone","TCTTTCCAGTGAAGTT",2422,4912,66,0.0134364820846906,"Unknown"
"TCTTTCCCAAGGGTCA","SRA526435","SRS1915196","Mus musculus","10x chromium","Cortex, hippocampus and subventricular zone","TCTTTCCCAAGGGTCA",2232,4506,58,0.0128717265867732,"Unknown"
"TCTTTCCCAATCTACG","SRA526435","SRS1915196","Mus musculus","10x chromium","Cortex, hippocampus and subventricular zone","TCTTTCCCAATCTACG",1685,3306,31,0.00937689050211736,"Unknown"
"TCTTTCCCAGACGCAA","SRA526435","SRS1915196","Mus musculus","10x chromium","Cortex, hippocampus and subventricular zone","TCTTTCCCAGACGCAA",1742,3021,44,0.0145647136709699,"Unknown"
"TCTTTCCCATGTAAGA","SRA526435","SRS1915196","Mus musculus","10x chromium","Cortex, hippocampus and subventricular zone","TCTTTCCCATGTAAGA",1791,4008,45,0.0112275449101796,"Unknown"
"TCTTTCCGTCCGTTAA","SRA526435","SRS1915196","Mus musculus","10x chromium","Cortex, hippocampus and subventricular zone","TCTTTCCGTCCGTTAA",1614,2774,28,0.0100937274693583,"Unknown"
"TCTTTCCGTGTGAATA","SRA526435","SRS1915196","Mus musculus","10x chromium","Cortex, hippocampus and subventricular zone","TCTTTCCGTGTGAATA",1437,2614,37,0.0141545524100995,"Unknown"
"TCTTTCCGTTAGAACA","SRA526435","SRS1915196","Mus musculus","10x chromium","Cortex, hippocampus and subventricular zone","TCTTTCCGTTAGAACA",769,1194,11,0.00921273031825796,"Unknown"
"TCTTTCCGTTCCGGCA","SRA526435","SRS1915196","Mus musculus","10x chromium","Cortex, hippocampus and subventricular zone","TCTTTCCGTTCCGGCA",1887,3718,64,0.0172135556750941,"Unknown"
"TCTTTCCTCATGTCTT","SRA526435","SRS1915196","Mus musculus","10x chromium","Cortex, hippocampus and subventricular zone","TCTTTCCTCATGTCTT",1429,2318,20,0.00862812769628991,"Unknown"
"TCTTTCCTCGGATGTT","SRA526435","SRS1915196","Mus musculus","10x chromium","Cortex, hippocampus and subventricular zone","TCTTTCCTCGGATGTT",2381,5564,81,0.0145578720345075,"Unknown"
"TGAAAGAAGACCGGAT","SRA526435","SRS1915196","Mus musculus","10x chromium","Cortex, hippocampus and subventricular zone","TGAAAGAAGACCGGAT",2544,5971,75,0.0125607100988109,"Unknown"
"TGAAAGAAGCAGCCTC","SRA526435","SRS1915196","Mus musculus","10x chromium","Cortex, hippocampus and subventricular zone","TGAAAGAAGCAGCCTC",1188,2009,34,0.0169238427078148,"Unknown"
"TGAAAGAAGCGCCTTG","SRA526435","SRS1915196","Mus musculus","10x chromium","Cortex, hippocampus and subventricular zone","TGAAAGAAGCGCCTTG",1261,2264,45,0.0198763250883392,"Unknown"
"TGAAAGAAGGCAATTA","SRA526435","SRS1915196","Mus musculus","10x chromium","Cortex, hippocampus and subventricular zone","TGAAAGAAGGCAATTA",2419,5257,48,0.00913068289899182,"Unknown"
"TGAAAGAAGGCTAGAC","SRA526435","SRS1915196","Mus musculus","10x chromium","Cortex, hippocampus and subventricular zone","TGAAAGAAGGCTAGAC",2188,4546,56,0.0123185217773867,"Unknown"
"TGAAAGACACGACGAA","SRA526435","SRS1915196","Mus musculus","10x chromium","Cortex, hippocampus and subventricular zone","TGAAAGACACGACGAA",2869,6285,58,0.00922832140015911,"Unknown"
"TGAAAGACACGGACAA","SRA526435","SRS1915196","Mus musculus","10x chromium","Cortex, hippocampus and subventricular zone","TGAAAGACACGGACAA",2801,6526,70,0.0107263254673613,"Unknown"
"TGAAAGACACGGCTAC","SRA526435","SRS1915196","Mus musculus","10x chromium","Cortex, hippocampus and subventricular zone","TGAAAGACACGGCTAC",2244,4421,51,0.0115358516172812,"Unknown"
"TGAAAGACATCGACGC","SRA526435","SRS1915196","Mus musculus","10x chromium","Cortex, hippocampus and subventricular zone","TGAAAGACATCGACGC",2042,4019,46,0.0114456332421,"Unknown"
"TGAAAGAGTCCGAAGA","SRA526435","SRS1915196","Mus musculus","10x chromium","Cortex, hippocampus and subventricular zone","TGAAAGAGTCCGAAGA",3287,8975,72,0.00802228412256267,"Unknown"
"TGAAAGAGTGAACCTT","SRA526435","SRS1915196","Mus musculus","10x chromium","Cortex, hippocampus and subventricular zone","TGAAAGAGTGAACCTT",3491,10232,78,0.00762314308053167,"Unknown"
"TGAAAGAGTTAGATGA","SRA526435","SRS1915196","Mus musculus","10x chromium","Cortex, hippocampus and subventricular zone","TGAAAGAGTTAGATGA",3665,10564,126,0.0119273002650511,"Unknown"
"TGAAAGAGTTGTACAC","SRA526435","SRS1915196","Mus musculus","10x chromium","Cortex, hippocampus and subventricular zone","TGAAAGAGTTGTACAC",3020,6477,52,0.00802840821367917,"Unknown"
"TGAAAGATCCAAGTAC","SRA526435","SRS1915196","Mus musculus","10x chromium","Cortex, hippocampus and subventricular zone","TGAAAGATCCAAGTAC",2424,5341,54,0.0101104662048306,"Unknown"
"TGAAAGATCCGTTGCT","SRA526435","SRS1915196","Mus musculus","10x chromium","Cortex, hippocampus and subventricular zone","TGAAAGATCCGTTGCT",1619,2994,65,0.0217100868403474,"Unknown"
"TGAAAGATCGTCCGTT","SRA526435","SRS1915196","Mus musculus","10x chromium","Cortex, hippocampus and subventricular zone","TGAAAGATCGTCCGTT",2769,6415,79,0.0123148869836321,"Unknown"
"TGAAAGATCTAGCACA","SRA526435","SRS1915196","Mus musculus","10x chromium","Cortex, hippocampus and subventricular zone","TGAAAGATCTAGCACA",1549,3201,58,0.0181193377069666,"Unknown"
"TGAAAGATCTCGTATT","SRA526435","SRS1915196","Mus musculus","10x chromium","Cortex, hippocampus and subventricular zone","TGAAAGATCTCGTATT",2480,5615,54,0.00961709706144256,"Unknown"
"TGAAAGATCTGCGGCA","SRA526435","SRS1915196","Mus musculus","10x chromium","Cortex, hippocampus and subventricular zone","TGAAAGATCTGCGGCA",2752,6232,39,0.00625802310654686,"Unknown"
"TGACAACAGACACGAC","SRA526435","SRS1915196","Mus musculus","10x chromium","Cortex, hippocampus and subventricular zone","TGACAACAGACACGAC",2164,4360,56,0.0128440366972477,"Unknown"
"TGACAACAGACTACAA","SRA526435","SRS1915196","Mus musculus","10x chromium","Cortex, hippocampus and subventricular zone","TGACAACAGACTACAA",1832,3828,72,0.0188087774294671,"Unknown"
"TGACAACAGACTTGAA","SRA526435","SRS1915196","Mus musculus","10x chromium","Cortex, hippocampus and subventricular zone","TGACAACAGACTTGAA",2443,5125,44,0.00858536585365854,"Unknown"
"TGACAACAGAGACGAA","SRA526435","SRS1915196","Mus musculus","10x chromium","Cortex, hippocampus and subventricular zone","TGACAACAGAGACGAA",2975,6968,106,0.0152123995407577,"Unknown"
"TGACAACAGAGGACGG","SRA526435","SRS1915196","Mus musculus","10x chromium","Cortex, hippocampus and subventricular zone","TGACAACAGAGGACGG",2186,4681,65,0.0138859218115787,"Pericytes"
"TGACAACAGATATACG","SRA526435","SRS1915196","Mus musculus","10x chromium","Cortex, hippocampus and subventricular zone","TGACAACAGATATACG",488,1083,48,0.0443213296398892,"Unknown"
"TGACAACAGCCACCTG","SRA526435","SRS1915196","Mus musculus","10x chromium","Cortex, hippocampus and subventricular zone","TGACAACAGCCACCTG",1702,3516,47,0.0133674630261661,"Unknown"
"TGACAACAGGCAGGTT","SRA526435","SRS1915196","Mus musculus","10x chromium","Cortex, hippocampus and subventricular zone","TGACAACAGGCAGGTT",307,7653,9,0.00117600940807526,"Erythroid-like and erythroid precursor cells"
"TGACAACAGTTGTCGT","SRA526435","SRS1915196","Mus musculus","10x chromium","Cortex, hippocampus and subventricular zone","TGACAACAGTTGTCGT",2831,5769,93,0.016120644825793,"Unknown"
"TGACAACAGTTTCCTT","SRA526435","SRS1915196","Mus musculus","10x chromium","Cortex, hippocampus and subventricular zone","TGACAACAGTTTCCTT",3398,8621,114,0.0132235239531377,"Unknown"
"TGACAACCAACTGGCC","SRA526435","SRS1915196","Mus musculus","10x chromium","Cortex, hippocampus and subventricular zone","TGACAACCAACTGGCC",2490,6171,82,0.013287959812024,"Endothelial cells"
"TGACAACCAATCCGAT","SRA526435","SRS1915196","Mus musculus","10x chromium","Cortex, hippocampus and subventricular zone","TGACAACCAATCCGAT",1526,2569,85,0.0330868042039704,"Unknown"
"TGACAACCAGATTGCT","SRA526435","SRS1915196","Mus musculus","10x chromium","Cortex, hippocampus and subventricular zone","TGACAACCAGATTGCT",1919,4435,80,0.0180383314543405,"Unknown"
"TGACAACCATAACCTG","SRA526435","SRS1915196","Mus musculus","10x chromium","Cortex, hippocampus and subventricular zone","TGACAACCATAACCTG",1321,2175,53,0.024367816091954,"Unknown"
"TGACAACCATCACCCT","SRA526435","SRS1915196","Mus musculus","10x chromium","Cortex, hippocampus and subventricular zone","TGACAACCATCACCCT",1887,3437,16,0.0046552225778295,"Unknown"
"TGACAACCATGATCCA","SRA526435","SRS1915196","Mus musculus","10x chromium","Cortex, hippocampus and subventricular zone","TGACAACCATGATCCA",1246,2062,33,0.016003879728419,"Unknown"
"TGACAACCATTTGCTT","SRA526435","SRS1915196","Mus musculus","10x chromium","Cortex, hippocampus and subventricular zone","TGACAACCATTTGCTT",2124,4255,59,0.0138660399529965,"Unknown"
"TGACAACGTACTCAAC","SRA526435","SRS1915196","Mus musculus","10x chromium","Cortex, hippocampus and subventricular zone","TGACAACGTACTCAAC",1988,3967,53,0.0133602218300983,"Unknown"
"TGACAACGTATGCTTG","SRA526435","SRS1915196","Mus musculus","10x chromium","Cortex, hippocampus and subventricular zone","TGACAACGTATGCTTG",856,1505,36,0.0239202657807309,"Unknown"
"TGACAACGTCCAAGTT","SRA526435","SRS1915196","Mus musculus","10x chromium","Cortex, hippocampus and subventricular zone","TGACAACGTCCAAGTT",2048,4143,34,0.00820661356504948,"Unknown"
"TGACAACGTCTCCACT","SRA526435","SRS1915196","Mus musculus","10x chromium","Cortex, hippocampus and subventricular zone","TGACAACGTCTCCACT",1514,2638,43,0.0163002274450341,"Unknown"
"TGACAACGTGCAGTAG","SRA526435","SRS1915196","Mus musculus","10x chromium","Cortex, hippocampus and subventricular zone","TGACAACGTGCAGTAG",3088,7720,106,0.0137305699481865,"Unknown"
"TGACAACGTTGATTCG","SRA526435","SRS1915196","Mus musculus","10x chromium","Cortex, hippocampus and subventricular zone","TGACAACGTTGATTCG",897,1317,53,0.0402429764616553,"Unknown"
"TGACAACTCACGAAGG","SRA526435","SRS1915196","Mus musculus","10x chromium","Cortex, hippocampus and subventricular zone","TGACAACTCACGAAGG",2468,5624,110,0.0195590327169275,"Unknown"
"TGACAACTCAGCGACC","SRA526435","SRS1915196","Mus musculus","10x chromium","Cortex, hippocampus and subventricular zone","TGACAACTCAGCGACC",2333,4511,29,0.00642872977166925,"Unknown"
"TGACAACTCCAGGGCT","SRA526435","SRS1915196","Mus musculus","10x chromium","Cortex, hippocampus and subventricular zone","TGACAACTCCAGGGCT",1905,3828,53,0.0138453500522466,"Unknown"
"TGACAACTCCGAACGC","SRA526435","SRS1915196","Mus musculus","10x chromium","Cortex, hippocampus and subventricular zone","TGACAACTCCGAACGC",2056,4126,46,0.0111488124091129,"Unknown"
"TGACAACTCGCGATCG","SRA526435","SRS1915196","Mus musculus","10x chromium","Cortex, hippocampus and subventricular zone","TGACAACTCGCGATCG",732,1088,130,0.119485294117647,"Unknown"
"TGACAACTCGGCCGAT","SRA526435","SRS1915196","Mus musculus","10x chromium","Cortex, hippocampus and subventricular zone","TGACAACTCGGCCGAT",2575,5617,52,0.00925761082428343,"Unknown"
"TGACAACTCTCAACTT","SRA526435","SRS1915196","Mus musculus","10x chromium","Cortex, hippocampus and subventricular zone","TGACAACTCTCAACTT",976,1454,57,0.0392022008253095,"Unknown"
"TGACAACTCTGCGACG","SRA526435","SRS1915196","Mus musculus","10x chromium","Cortex, hippocampus and subventricular zone","TGACAACTCTGCGACG",1648,3401,47,0.0138194648632755,"Unknown"
"TGACGGCAGCAATATG","SRA526435","SRS1915196","Mus musculus","10x chromium","Cortex, hippocampus and subventricular zone","TGACGGCAGCAATATG",2342,5203,37,0.00711128195271959,"Unknown"
"TGACGGCCAACCGCCA","SRA526435","SRS1915196","Mus musculus","10x chromium","Cortex, hippocampus and subventricular zone","TGACGGCCAACCGCCA",1827,3377,35,0.010364228605271,"Unknown"
"TGACGGCCACATGTGT","SRA526435","SRS1915196","Mus musculus","10x chromium","Cortex, hippocampus and subventricular zone","TGACGGCCACATGTGT",2356,4708,135,0.0286745964316058,"Endothelial cells"
"TGACGGCCACCCATGG","SRA526435","SRS1915196","Mus musculus","10x chromium","Cortex, hippocampus and subventricular zone","TGACGGCCACCCATGG",2329,5269,72,0.0136648320364396,"Unknown"
"TGACGGCCACGAAAGC","SRA526435","SRS1915196","Mus musculus","10x chromium","Cortex, hippocampus and subventricular zone","TGACGGCCACGAAAGC",1801,3603,46,0.012767138495698,"Unknown"
"TGACGGCCAGTACACT","SRA526435","SRS1915196","Mus musculus","10x chromium","Cortex, hippocampus and subventricular zone","TGACGGCCAGTACACT",2213,4219,55,0.0130362645176582,"Unknown"
"TGACGGCCATCTCCCA","SRA526435","SRS1915196","Mus musculus","10x chromium","Cortex, hippocampus and subventricular zone","TGACGGCCATCTCCCA",2423,5142,51,0.00991831971995333,"Unknown"
"TGACGGCCATTAACCG","SRA526435","SRS1915196","Mus musculus","10x chromium","Cortex, hippocampus and subventricular zone","TGACGGCCATTAACCG",1329,3932,129,0.0328077314343845,"Microglia"
"TGACGGCGTATAGGGC","SRA526435","SRS1915196","Mus musculus","10x chromium","Cortex, hippocampus and subventricular zone","TGACGGCGTATAGGGC",2547,5898,108,0.0183112919633774,"Unknown"
"TGACGGCGTCAAAGAT","SRA526435","SRS1915196","Mus musculus","10x chromium","Cortex, hippocampus and subventricular zone","TGACGGCGTCAAAGAT",1898,3424,51,0.0148948598130841,"Unknown"
"TGACGGCGTCAGAAGC","SRA526435","SRS1915196","Mus musculus","10x chromium","Cortex, hippocampus and subventricular zone","TGACGGCGTCAGAAGC",2438,5372,45,0.00837676842889054,"Unknown"
"TGACGGCGTCGCTTTC","SRA526435","SRS1915196","Mus musculus","10x chromium","Cortex, hippocampus and subventricular zone","TGACGGCGTCGCTTTC",2091,4128,55,0.0133236434108527,"Unknown"
"TGACGGCGTCGGATCC","SRA526435","SRS1915196","Mus musculus","10x chromium","Cortex, hippocampus and subventricular zone","TGACGGCGTCGGATCC",1037,1845,50,0.02710027100271,"Unknown"
"TGACGGCGTTCCGTCT","SRA526435","SRS1915196","Mus musculus","10x chromium","Cortex, hippocampus and subventricular zone","TGACGGCGTTCCGTCT",2420,5396,78,0.0144551519644181,"Unknown"
"TGACGGCTCACTATTC","SRA526435","SRS1915196","Mus musculus","10x chromium","Cortex, hippocampus and subventricular zone","TGACGGCTCACTATTC",1590,2885,158,0.0547660311958406,"Cajal-Retzius cells"
"TGACGGCTCCTTGCCA","SRA526435","SRS1915196","Mus musculus","10x chromium","Cortex, hippocampus and subventricular zone","TGACGGCTCCTTGCCA",2696,5753,55,0.00956022944550669,"Unknown"
"TGACGGCTCGTCCAGG","SRA526435","SRS1915196","Mus musculus","10x chromium","Cortex, hippocampus and subventricular zone","TGACGGCTCGTCCAGG",2040,3995,59,0.0147684605757196,"Unknown"
"TGACGGCTCTTCGGTC","SRA526435","SRS1915196","Mus musculus","10x chromium","Cortex, hippocampus and subventricular zone","TGACGGCTCTTCGGTC",2089,4176,76,0.0181992337164751,"Unknown"
"TGACGGCTCTTGACGA","SRA526435","SRS1915196","Mus musculus","10x chromium","Cortex, hippocampus and subventricular zone","TGACGGCTCTTGACGA",1766,3304,59,0.0178571428571429,"Unknown"
"TGACTAGAGAATTCCC","SRA526435","SRS1915196","Mus musculus","10x chromium","Cortex, hippocampus and subventricular zone","TGACTAGAGAATTCCC",2848,6842,52,0.00760011692487577,"Unknown"
"TGACTAGAGATCTGCT","SRA526435","SRS1915196","Mus musculus","10x chromium","Cortex, hippocampus and subventricular zone","TGACTAGAGATCTGCT",2430,5195,87,0.0167468719923003,"Unknown"
"TGACTAGAGCGGATCA","SRA526435","SRS1915196","Mus musculus","10x chromium","Cortex, hippocampus and subventricular zone","TGACTAGAGCGGATCA",2540,5829,55,0.00943558071710413,"Unknown"
"TGACTAGAGCGTAGTG","SRA526435","SRS1915196","Mus musculus","10x chromium","Cortex, hippocampus and subventricular zone","TGACTAGAGCGTAGTG",1542,2798,55,0.0196568977841315,"Unknown"
"TGACTAGAGGCAGTCA","SRA526435","SRS1915196","Mus musculus","10x chromium","Cortex, hippocampus and subventricular zone","TGACTAGAGGCAGTCA",2552,5558,114,0.0205109751709248,"Unknown"
"TGACTAGAGTACCGGA","SRA526435","SRS1915196","Mus musculus","10x chromium","Cortex, hippocampus and subventricular zone","TGACTAGAGTACCGGA",2271,5183,65,0.0125409994211846,"Unknown"
"TGACTAGAGTATGACA","SRA526435","SRS1915196","Mus musculus","10x chromium","Cortex, hippocampus and subventricular zone","TGACTAGAGTATGACA",3340,7872,40,0.00508130081300813,"Unknown"
"TGACTAGAGTGGACGT","SRA526435","SRS1915196","Mus musculus","10x chromium","Cortex, hippocampus and subventricular zone","TGACTAGAGTGGACGT",1393,2610,42,0.0160919540229885,"Unknown"
"TGACTAGCAACTTGAC","SRA526435","SRS1915196","Mus musculus","10x chromium","Cortex, hippocampus and subventricular zone","TGACTAGCAACTTGAC",2472,5605,46,0.00820695807314897,"Unknown"
"TGACTAGCAATGAATG","SRA526435","SRS1915196","Mus musculus","10x chromium","Cortex, hippocampus and subventricular zone","TGACTAGCAATGAATG",2834,7066,59,0.00834984432493631,"Unknown"
"TGACTAGCACAGCCCA","SRA526435","SRS1915196","Mus musculus","10x chromium","Cortex, hippocampus and subventricular zone","TGACTAGCACAGCCCA",1893,3575,71,0.0198601398601399,"Unknown"
"TGACTAGCACGAAGCA","SRA526435","SRS1915196","Mus musculus","10x chromium","Cortex, hippocampus and subventricular zone","TGACTAGCACGAAGCA",3172,8406,47,0.00559124434927433,"Unknown"
"TGACTAGCAGCTGCAC","SRA526435","SRS1915196","Mus musculus","10x chromium","Cortex, hippocampus and subventricular zone","TGACTAGCAGCTGCAC",1399,2423,21,0.00866694180767643,"Unknown"
"TGACTAGCAGGCTCAC","SRA526435","SRS1915196","Mus musculus","10x chromium","Cortex, hippocampus and subventricular zone","TGACTAGCAGGCTCAC",2405,5309,87,0.0163872669052552,"Unknown"
"TGACTAGCATTACGAC","SRA526435","SRS1915196","Mus musculus","10x chromium","Cortex, hippocampus and subventricular zone","TGACTAGCATTACGAC",1296,2341,42,0.0179410508329774,"Unknown"
"TGACTAGCATTGTGCA","SRA526435","SRS1915196","Mus musculus","10x chromium","Cortex, hippocampus and subventricular zone","TGACTAGCATTGTGCA",3142,8255,115,0.013930950938825,"Unknown"
"TGACTAGGTCCAACTA","SRA526435","SRS1915196","Mus musculus","10x chromium","Cortex, hippocampus and subventricular zone","TGACTAGGTCCAACTA",1414,2543,49,0.0192685804168305,"Unknown"
"TGACTAGGTTCCTCCA","SRA526435","SRS1915196","Mus musculus","10x chromium","Cortex, hippocampus and subventricular zone","TGACTAGGTTCCTCCA",2407,4791,55,0.0114798580672094,"Unknown"
"TGACTAGGTTTAGCTG","SRA526435","SRS1915196","Mus musculus","10x chromium","Cortex, hippocampus and subventricular zone","TGACTAGGTTTAGCTG",2370,5180,93,0.017953667953668,"Unknown"
"TGACTAGTCAAGATCC","SRA526435","SRS1915196","Mus musculus","10x chromium","Cortex, hippocampus and subventricular zone","TGACTAGTCAAGATCC",2447,4879,50,0.0102480016396803,"Unknown"
"TGACTAGTCGGTTCGG","SRA526435","SRS1915196","Mus musculus","10x chromium","Cortex, hippocampus and subventricular zone","TGACTAGTCGGTTCGG",2179,4183,58,0.0138656466650729,"Unknown"
"TGACTAGTCTGCAAGT","SRA526435","SRS1915196","Mus musculus","10x chromium","Cortex, hippocampus and subventricular zone","TGACTAGTCTGCAAGT",78,1960,2,0.00102040816326531,"Erythroid-like and erythroid precursor cells"
"TGACTAGTCTGGCGAC","SRA526435","SRS1915196","Mus musculus","10x chromium","Cortex, hippocampus and subventricular zone","TGACTAGTCTGGCGAC",2708,6209,82,0.0132066355290707,"Unknown"
"TGACTAGTCTTGTCAT","SRA526435","SRS1915196","Mus musculus","10x chromium","Cortex, hippocampus and subventricular zone","TGACTAGTCTTGTCAT",2422,5255,31,0.00589914367269267,"Unknown"
"TGACTTTAGAGCTGCA","SRA526435","SRS1915196","Mus musculus","10x chromium","Cortex, hippocampus and subventricular zone","TGACTTTAGAGCTGCA",1556,2484,43,0.0173107890499195,"Unknown"
"TGACTTTAGAGCTGGT","SRA526435","SRS1915196","Mus musculus","10x chromium","Cortex, hippocampus and subventricular zone","TGACTTTAGAGCTGGT",1325,2169,29,0.0133702166897188,"Unknown"
"TGACTTTAGATGGGTC","SRA526435","SRS1915196","Mus musculus","10x chromium","Cortex, hippocampus and subventricular zone","TGACTTTAGATGGGTC",2357,5178,9,0.00173812282734647,"Unknown"
"TGACTTTAGCAGATCG","SRA526435","SRS1915196","Mus musculus","10x chromium","Cortex, hippocampus and subventricular zone","TGACTTTAGCAGATCG",1314,2138,19,0.00888681010289991,"Unknown"
"TGACTTTAGCAGCGTA","SRA526435","SRS1915196","Mus musculus","10x chromium","Cortex, hippocampus and subventricular zone","TGACTTTAGCAGCGTA",1603,3148,60,0.0190597204574333,"Unknown"
"TGACTTTAGCAGGCTA","SRA526435","SRS1915196","Mus musculus","10x chromium","Cortex, hippocampus and subventricular zone","TGACTTTAGCAGGCTA",1054,1799,51,0.028349082823791,"Unknown"
"TGACTTTAGCCTTGAT","SRA526435","SRS1915196","Mus musculus","10x chromium","Cortex, hippocampus and subventricular zone","TGACTTTAGCCTTGAT",3209,7813,93,0.0119032381927557,"Unknown"
"TGACTTTAGCGTAATA","SRA526435","SRS1915196","Mus musculus","10x chromium","Cortex, hippocampus and subventricular zone","TGACTTTAGCGTAATA",764,1101,68,0.0617620345140781,"Unknown"
"TGACTTTAGGACTGGT","SRA526435","SRS1915196","Mus musculus","10x chromium","Cortex, hippocampus and subventricular zone","TGACTTTAGGACTGGT",2834,6733,102,0.0151492648150899,"Unknown"
"TGACTTTAGGCACATG","SRA526435","SRS1915196","Mus musculus","10x chromium","Cortex, hippocampus and subventricular zone","TGACTTTAGGCACATG",2218,4488,52,0.0115864527629234,"Unknown"
"TGACTTTAGGGAACGG","SRA526435","SRS1915196","Mus musculus","10x chromium","Cortex, hippocampus and subventricular zone","TGACTTTAGGGAACGG",2270,4684,36,0.00768573868488471,"Unknown"
"TGACTTTAGTCCATAC","SRA526435","SRS1915196","Mus musculus","10x chromium","Cortex, hippocampus and subventricular zone","TGACTTTAGTCCATAC",2996,6374,106,0.0166300596171949,"Unknown"
"TGACTTTCACCCTATC","SRA526435","SRS1915196","Mus musculus","10x chromium","Cortex, hippocampus and subventricular zone","TGACTTTCACCCTATC",615,1063,8,0.00752587017873942,"Unknown"
"TGACTTTCACGGACAA","SRA526435","SRS1915196","Mus musculus","10x chromium","Cortex, hippocampus and subventricular zone","TGACTTTCACGGACAA",1922,4554,49,0.0107597716293368,"Unknown"
"TGACTTTCACTCAGGC","SRA526435","SRS1915196","Mus musculus","10x chromium","Cortex, hippocampus and subventricular zone","TGACTTTCACTCAGGC",2469,5291,87,0.0164430164430164,"Unknown"
"TGACTTTCAGATCCAT","SRA526435","SRS1915196","Mus musculus","10x chromium","Cortex, hippocampus and subventricular zone","TGACTTTCAGATCCAT",1445,2590,49,0.0189189189189189,"Unknown"
"TGACTTTCAGGACCCT","SRA526435","SRS1915196","Mus musculus","10x chromium","Cortex, hippocampus and subventricular zone","TGACTTTCAGGACCCT",2285,4210,51,0.0121140142517815,"Unknown"
"TGACTTTCATCACCCT","SRA526435","SRS1915196","Mus musculus","10x chromium","Cortex, hippocampus and subventricular zone","TGACTTTCATCACCCT",1309,2622,47,0.0179252479023646,"Unknown"
"TGACTTTCATCATCCC","SRA526435","SRS1915196","Mus musculus","10x chromium","Cortex, hippocampus and subventricular zone","TGACTTTCATCATCCC",2396,5152,83,0.016110248447205,"Unknown"
"TGACTTTCATGTTGAC","SRA526435","SRS1915196","Mus musculus","10x chromium","Cortex, hippocampus and subventricular zone","TGACTTTCATGTTGAC",2263,4580,59,0.012882096069869,"Unknown"
"TGACTTTGTAAGTAGT","SRA526435","SRS1915196","Mus musculus","10x chromium","Cortex, hippocampus and subventricular zone","TGACTTTGTAAGTAGT",1467,3208,50,0.0155860349127182,"Unknown"
"TGACTTTGTAATCGTC","SRA526435","SRS1915196","Mus musculus","10x chromium","Cortex, hippocampus and subventricular zone","TGACTTTGTAATCGTC",1466,2728,48,0.0175953079178886,"Unknown"
"TGACTTTGTACCATCA","SRA526435","SRS1915196","Mus musculus","10x chromium","Cortex, hippocampus and subventricular zone","TGACTTTGTACCATCA",836,1213,55,0.0453421269579555,"Unknown"
"TGACTTTGTAGCGCAA","SRA526435","SRS1915196","Mus musculus","10x chromium","Cortex, hippocampus and subventricular zone","TGACTTTGTAGCGCAA",2237,4752,66,0.0138888888888889,"Unknown"
"TGACTTTGTATGAATG","SRA526435","SRS1915196","Mus musculus","10x chromium","Cortex, hippocampus and subventricular zone","TGACTTTGTATGAATG",3417,10146,122,0.0120244431302977,"Unknown"
"TGACTTTGTCTCTCTG","SRA526435","SRS1915196","Mus musculus","10x chromium","Cortex, hippocampus and subventricular zone","TGACTTTGTCTCTCTG",2598,6296,83,0.0131829733163914,"Unknown"
"TGACTTTGTGATGATA","SRA526435","SRS1915196","Mus musculus","10x chromium","Cortex, hippocampus and subventricular zone","TGACTTTGTGATGATA",1187,1815,118,0.0650137741046832,"Unknown"
"TGACTTTGTTTAGCTG","SRA526435","SRS1915196","Mus musculus","10x chromium","Cortex, hippocampus and subventricular zone","TGACTTTGTTTAGCTG",6026,24936,118,0.0047321142123837,"Unknown"
"TGACTTTGTTTGGCGC","SRA526435","SRS1915196","Mus musculus","10x chromium","Cortex, hippocampus and subventricular zone","TGACTTTGTTTGGCGC",2880,7094,80,0.0112771356075557,"Unknown"
"TGACTTTTCATGCATG","SRA526435","SRS1915196","Mus musculus","10x chromium","Cortex, hippocampus and subventricular zone","TGACTTTTCATGCATG",3353,8496,105,0.0123587570621469,"Unknown"
"TGACTTTTCATTCACT","SRA526435","SRS1915196","Mus musculus","10x chromium","Cortex, hippocampus and subventricular zone","TGACTTTTCATTCACT",2470,5638,45,0.00798155374246187,"Unknown"
"TGAGAGGAGACTGTAA","SRA526435","SRS1915196","Mus musculus","10x chromium","Cortex, hippocampus and subventricular zone","TGAGAGGAGACTGTAA",723,1058,59,0.055765595463138,"Unknown"
"TGAGAGGAGACTTTCG","SRA526435","SRS1915196","Mus musculus","10x chromium","Cortex, hippocampus and subventricular zone","TGAGAGGAGACTTTCG",1199,2065,81,0.039225181598063,"Unknown"
"TGAGAGGAGCAGCGTA","SRA526435","SRS1915196","Mus musculus","10x chromium","Cortex, hippocampus and subventricular zone","TGAGAGGAGCAGCGTA",1830,3508,28,0.00798175598631699,"Unknown"
"TGAGAGGAGCCAGTTT","SRA526435","SRS1915196","Mus musculus","10x chromium","Cortex, hippocampus and subventricular zone","TGAGAGGAGCCAGTTT",1503,2857,67,0.0234511725586279,"Unknown"
"TGAGAGGAGCGTTTAC","SRA526435","SRS1915196","Mus musculus","10x chromium","Cortex, hippocampus and subventricular zone","TGAGAGGAGCGTTTAC",2496,5853,64,0.0109345634717239,"Unknown"
"TGAGAGGAGGACGAAA","SRA526435","SRS1915196","Mus musculus","10x chromium","Cortex, hippocampus and subventricular zone","TGAGAGGAGGACGAAA",2408,5114,40,0.00782166601486117,"Unknown"
"TGAGAGGAGGTAGCCA","SRA526435","SRS1915196","Mus musculus","10x chromium","Cortex, hippocampus and subventricular zone","TGAGAGGAGGTAGCCA",1813,3543,77,0.021732994637313,"Pericytes"
"TGAGAGGAGTCTCGGC","SRA526435","SRS1915196","Mus musculus","10x chromium","Cortex, hippocampus and subventricular zone","TGAGAGGAGTCTCGGC",2355,5257,94,0.0178809206771923,"Unknown"
"TGAGAGGCAAGGTTTC","SRA526435","SRS1915196","Mus musculus","10x chromium","Cortex, hippocampus and subventricular zone","TGAGAGGCAAGGTTTC",2101,4081,40,0.0098015192354815,"Unknown"
"TGAGAGGCACGTTGGC","SRA526435","SRS1915196","Mus musculus","10x chromium","Cortex, hippocampus and subventricular zone","TGAGAGGCACGTTGGC",2760,6372,86,0.0134965473948525,"Unknown"
"TGAGAGGCACTACAGT","SRA526435","SRS1915196","Mus musculus","10x chromium","Cortex, hippocampus and subventricular zone","TGAGAGGCACTACAGT",3840,11500,127,0.0110434782608696,"Unknown"
"TGAGAGGCATCCGCGA","SRA526435","SRS1915196","Mus musculus","10x chromium","Cortex, hippocampus and subventricular zone","TGAGAGGCATCCGCGA",2674,6137,85,0.0138504155124654,"Unknown"
"TGAGAGGGTAAGTAGT","SRA526435","SRS1915196","Mus musculus","10x chromium","Cortex, hippocampus and subventricular zone","TGAGAGGGTAAGTAGT",1288,2099,32,0.0152453549309195,"Unknown"
"TGAGAGGGTAGCTCCG","SRA526435","SRS1915196","Mus musculus","10x chromium","Cortex, hippocampus and subventricular zone","TGAGAGGGTAGCTCCG",2766,6923,89,0.0128556983966489,"Unknown"
"TGAGAGGGTATGAAAC","SRA526435","SRS1915196","Mus musculus","10x chromium","Cortex, hippocampus and subventricular zone","TGAGAGGGTATGAAAC",2036,3986,61,0.0153035624686402,"Unknown"
"TGAGAGGGTATTAGCC","SRA526435","SRS1915196","Mus musculus","10x chromium","Cortex, hippocampus and subventricular zone","TGAGAGGGTATTAGCC",1114,1645,27,0.0164133738601824,"Unknown"
"TGAGAGGGTCGACTAT","SRA526435","SRS1915196","Mus musculus","10x chromium","Cortex, hippocampus and subventricular zone","TGAGAGGGTCGACTAT",2499,6273,118,0.0188107763430575,"Unknown"
"TGAGAGGGTTCCGTCT","SRA526435","SRS1915196","Mus musculus","10x chromium","Cortex, hippocampus and subventricular zone","TGAGAGGGTTCCGTCT",1993,3888,51,0.0131172839506173,"Unknown"
"TGAGAGGGTTCGGGCT","SRA526435","SRS1915196","Mus musculus","10x chromium","Cortex, hippocampus and subventricular zone","TGAGAGGGTTCGGGCT",2496,5666,88,0.0155312389692905,"Unknown"
"TGAGAGGGTTTAGGAA","SRA526435","SRS1915196","Mus musculus","10x chromium","Cortex, hippocampus and subventricular zone","TGAGAGGGTTTAGGAA",2651,6292,80,0.0127145581691036,"Unknown"
"TGAGAGGTCAGCGATT","SRA526435","SRS1915196","Mus musculus","10x chromium","Cortex, hippocampus and subventricular zone","TGAGAGGTCAGCGATT",1980,3899,42,0.0107719928186715,"Unknown"
"TGAGAGGTCCAATGGT","SRA526435","SRS1915196","Mus musculus","10x chromium","Cortex, hippocampus and subventricular zone","TGAGAGGTCCAATGGT",1898,4064,56,0.0137795275590551,"Unknown"
"TGAGAGGTCGACCAGC","SRA526435","SRS1915196","Mus musculus","10x chromium","Cortex, hippocampus and subventricular zone","TGAGAGGTCGACCAGC",995,1551,34,0.0219213410702772,"Unknown"
"TGAGCATAGAAACCGC","SRA526435","SRS1915196","Mus musculus","10x chromium","Cortex, hippocampus and subventricular zone","TGAGCATAGAAACCGC",3761,10957,35,0.00319430501049557,"Unknown"
"TGAGCATAGACCGGAT","SRA526435","SRS1915196","Mus musculus","10x chromium","Cortex, hippocampus and subventricular zone","TGAGCATAGACCGGAT",1954,3776,65,0.0172139830508475,"Unknown"
"TGAGCATAGATCCCAT","SRA526435","SRS1915196","Mus musculus","10x chromium","Cortex, hippocampus and subventricular zone","TGAGCATAGATCCCAT",1992,4103,67,0.0163295149890324,"Unknown"
"TGAGCATAGCCCAACC","SRA526435","SRS1915196","Mus musculus","10x chromium","Cortex, hippocampus and subventricular zone","TGAGCATAGCCCAACC",984,1445,38,0.0262975778546713,"Unknown"
"TGAGCATAGGCCCGTT","SRA526435","SRS1915196","Mus musculus","10x chromium","Cortex, hippocampus and subventricular zone","TGAGCATAGGCCCGTT",2030,4011,57,0.0142109199700823,"Unknown"
"TGAGCATCAAACTGTC","SRA526435","SRS1915196","Mus musculus","10x chromium","Cortex, hippocampus and subventricular zone","TGAGCATCAAACTGTC",2188,4208,32,0.00760456273764259,"Unknown"
"TGAGCATCACACCGCA","SRA526435","SRS1915196","Mus musculus","10x chromium","Cortex, hippocampus and subventricular zone","TGAGCATCACACCGCA",1488,2579,16,0.0062039550213261,"Unknown"
"TGAGCATCATGCTGGC","SRA526435","SRS1915196","Mus musculus","10x chromium","Cortex, hippocampus and subventricular zone","TGAGCATCATGCTGGC",2099,3993,40,0.0100175306786877,"Unknown"
"TGAGCATGTAATCACC","SRA526435","SRS1915196","Mus musculus","10x chromium","Cortex, hippocampus and subventricular zone","TGAGCATGTAATCACC",1445,2441,112,0.045882834903728,"Unknown"
"TGAGCATGTACAAGTA","SRA526435","SRS1915196","Mus musculus","10x chromium","Cortex, hippocampus and subventricular zone","TGAGCATGTACAAGTA",2043,4420,91,0.0205882352941176,"Unknown"
"TGAGCATGTACTCGCG","SRA526435","SRS1915196","Mus musculus","10x chromium","Cortex, hippocampus and subventricular zone","TGAGCATGTACTCGCG",2670,6412,66,0.0102932002495321,"Unknown"
"TGAGCATGTAGCCTCG","SRA526435","SRS1915196","Mus musculus","10x chromium","Cortex, hippocampus and subventricular zone","TGAGCATGTAGCCTCG",2332,5390,61,0.011317254174397,"Unknown"
"TGAGCATGTATCACCA","SRA526435","SRS1915196","Mus musculus","10x chromium","Cortex, hippocampus and subventricular zone","TGAGCATGTATCACCA",1854,4560,7,0.00153508771929825,"Microglia"
"TGAGCATGTCCGTGAC","SRA526435","SRS1915196","Mus musculus","10x chromium","Cortex, hippocampus and subventricular zone","TGAGCATGTCCGTGAC",103,4057,1,0.000246487552378605,"Erythroid-like and erythroid precursor cells"
"TGAGCATGTCTGCAAT","SRA526435","SRS1915196","Mus musculus","10x chromium","Cortex, hippocampus and subventricular zone","TGAGCATGTCTGCAAT",1766,3595,65,0.0180806675938804,"Unknown"
"TGAGCATGTGAGGGTT","SRA526435","SRS1915196","Mus musculus","10x chromium","Cortex, hippocampus and subventricular zone","TGAGCATGTGAGGGTT",2601,5710,58,0.0101576182136602,"Unknown"
"TGAGCATGTGCATCTA","SRA526435","SRS1915196","Mus musculus","10x chromium","Cortex, hippocampus and subventricular zone","TGAGCATGTGCATCTA",590,1039,69,0.0664100096246391,"Unknown"
"TGAGCATGTTACGGAG","SRA526435","SRS1915196","Mus musculus","10x chromium","Cortex, hippocampus and subventricular zone","TGAGCATGTTACGGAG",2169,4373,90,0.0205808369540361,"Unknown"
"TGAGCATGTTCGGCAC","SRA526435","SRS1915196","Mus musculus","10x chromium","Cortex, hippocampus and subventricular zone","TGAGCATGTTCGGCAC",2584,5794,93,0.0160510873317225,"Unknown"
"TGAGCATGTTGAGTTC","SRA526435","SRS1915196","Mus musculus","10x chromium","Cortex, hippocampus and subventricular zone","TGAGCATGTTGAGTTC",2330,5461,56,0.0102545321369713,"Unknown"
"TGAGCATTCAGTGCAT","SRA526435","SRS1915196","Mus musculus","10x chromium","Cortex, hippocampus and subventricular zone","TGAGCATTCAGTGCAT",1926,3927,41,0.0104405398523046,"Unknown"
"TGAGCATTCCCACTTG","SRA526435","SRS1915196","Mus musculus","10x chromium","Cortex, hippocampus and subventricular zone","TGAGCATTCCCACTTG",1465,2649,46,0.0173650434126085,"Unknown"
"TGAGCCGAGAGACTAT","SRA526435","SRS1915196","Mus musculus","10x chromium","Cortex, hippocampus and subventricular zone","TGAGCCGAGAGACTAT",1399,2193,41,0.0186958504331965,"Pericytes"
"TGAGCCGAGATCGGGT","SRA526435","SRS1915196","Mus musculus","10x chromium","Cortex, hippocampus and subventricular zone","TGAGCCGAGATCGGGT",2097,4592,108,0.0235191637630662,"Unknown"
"TGAGCCGAGCATCATC","SRA526435","SRS1915196","Mus musculus","10x chromium","Cortex, hippocampus and subventricular zone","TGAGCCGAGCATCATC",1193,1857,34,0.0183091007000538,"Unknown"
"TGAGCCGAGTGAACAT","SRA526435","SRS1915196","Mus musculus","10x chromium","Cortex, hippocampus and subventricular zone","TGAGCCGAGTGAACAT",918,1488,19,0.0127688172043011,"Unknown"
"TGAGCCGAGTGTCTCA","SRA526435","SRS1915196","Mus musculus","10x chromium","Cortex, hippocampus and subventricular zone","TGAGCCGAGTGTCTCA",4551,17748,100,0.00563443768311922,"Unknown"
"TGAGCCGCAGGCTGAA","SRA526435","SRS1915196","Mus musculus","10x chromium","Cortex, hippocampus and subventricular zone","TGAGCCGCAGGCTGAA",2294,4818,60,0.012453300124533,"Unknown"
"TGAGCCGGTCCGAAGA","SRA526435","SRS1915196","Mus musculus","10x chromium","Cortex, hippocampus and subventricular zone","TGAGCCGGTCCGAAGA",2695,6135,80,0.013039934800326,"Unknown"
"TGAGCCGGTGAGCGAT","SRA526435","SRS1915196","Mus musculus","10x chromium","Cortex, hippocampus and subventricular zone","TGAGCCGGTGAGCGAT",838,1287,52,0.0404040404040404,"Unknown"
"TGAGCCGGTGCCTGGT","SRA526435","SRS1915196","Mus musculus","10x chromium","Cortex, hippocampus and subventricular zone","TGAGCCGGTGCCTGGT",2700,6434,122,0.018961765620143,"Unknown"
"TGAGCCGGTTTAAGCC","SRA526435","SRS1915196","Mus musculus","10x chromium","Cortex, hippocampus and subventricular zone","TGAGCCGGTTTAAGCC",2316,4713,34,0.00721408869085508,"Unknown"
"TGAGCCGTCAAACAAG","SRA526435","SRS1915196","Mus musculus","10x chromium","Cortex, hippocampus and subventricular zone","TGAGCCGTCAAACAAG",1229,1894,27,0.0142555438225977,"Unknown"
"TGAGCCGTCAGGTTCA","SRA526435","SRS1915196","Mus musculus","10x chromium","Cortex, hippocampus and subventricular zone","TGAGCCGTCAGGTTCA",1824,3296,26,0.00788834951456311,"Unknown"
"TGAGCCGTCCGGGTGT","SRA526435","SRS1915196","Mus musculus","10x chromium","Cortex, hippocampus and subventricular zone","TGAGCCGTCCGGGTGT",1852,3594,72,0.0200333889816361,"Unknown"
"TGAGCCGTCTAGCACA","SRA526435","SRS1915196","Mus musculus","10x chromium","Cortex, hippocampus and subventricular zone","TGAGCCGTCTAGCACA",2585,5811,73,0.0125623816898985,"Unknown"
"TGAGCCGTCTGTTGAG","SRA526435","SRS1915196","Mus musculus","10x chromium","Cortex, hippocampus and subventricular zone","TGAGCCGTCTGTTGAG",2626,5592,47,0.00840486409155937,"Unknown"
"TGAGCCGTCTTGAGGT","SRA526435","SRS1915196","Mus musculus","10x chromium","Cortex, hippocampus and subventricular zone","TGAGCCGTCTTGAGGT",451,2901,35,0.0120648052395726,"Erythroid-like and erythroid precursor cells"
"TGAGGGAAGCGTTTAC","SRA526435","SRS1915196","Mus musculus","10x chromium","Cortex, hippocampus and subventricular zone","TGAGGGAAGCGTTTAC",2025,3236,50,0.015451174289246,"Unknown"
"TGAGGGAAGCTCCTTC","SRA526435","SRS1915196","Mus musculus","10x chromium","Cortex, hippocampus and subventricular zone","TGAGGGAAGCTCCTTC",2711,6374,71,0.011139002196423,"Unknown"
"TGAGGGAAGGACGAAA","SRA526435","SRS1915196","Mus musculus","10x chromium","Cortex, hippocampus and subventricular zone","TGAGGGAAGGACGAAA",2091,4095,48,0.0117216117216117,"Unknown"
"TGAGGGAAGGCATTGG","SRA526435","SRS1915196","Mus musculus","10x chromium","Cortex, hippocampus and subventricular zone","TGAGGGAAGGCATTGG",1903,3638,129,0.0354590434304563,"Unknown"
"TGAGGGAAGGCTCTTA","SRA526435","SRS1915196","Mus musculus","10x chromium","Cortex, hippocampus and subventricular zone","TGAGGGAAGGCTCTTA",1821,3054,98,0.0320890635232482,"Unknown"
"TGAGGGAAGTGAACAT","SRA526435","SRS1915196","Mus musculus","10x chromium","Cortex, hippocampus and subventricular zone","TGAGGGAAGTGAACAT",1969,3644,46,0.0126234906695939,"Unknown"
"TGAGGGACACATCCGG","SRA526435","SRS1915196","Mus musculus","10x chromium","Cortex, hippocampus and subventricular zone","TGAGGGACACATCCGG",2116,4029,77,0.0191114420451725,"Unknown"
"TGAGGGACAGGCGATA","SRA526435","SRS1915196","Mus musculus","10x chromium","Cortex, hippocampus and subventricular zone","TGAGGGACAGGCGATA",2721,6261,81,0.0129372304743651,"Unknown"
"TGAGGGACAGGTCGTC","SRA526435","SRS1915196","Mus musculus","10x chromium","Cortex, hippocampus and subventricular zone","TGAGGGACAGGTCGTC",1147,1965,58,0.0295165394402036,"Unknown"
"TGAGGGAGTGATAAAC","SRA526435","SRS1915196","Mus musculus","10x chromium","Cortex, hippocampus and subventricular zone","TGAGGGAGTGATAAAC",2151,4849,46,0.0094864920602186,"Unknown"
"TGAGGGAGTGTTTGTG","SRA526435","SRS1915196","Mus musculus","10x chromium","Cortex, hippocampus and subventricular zone","TGAGGGAGTGTTTGTG",1552,2564,56,0.0218408736349454,"Unknown"
"TGAGGGAGTTATCACG","SRA526435","SRS1915196","Mus musculus","10x chromium","Cortex, hippocampus and subventricular zone","TGAGGGAGTTATCACG",1851,3441,24,0.00697471665213601,"Unknown"
"TGAGGGATCATTCACT","SRA526435","SRS1915196","Mus musculus","10x chromium","Cortex, hippocampus and subventricular zone","TGAGGGATCATTCACT",3010,7298,65,0.0089065497396547,"Unknown"
"TGAGGGATCCAGATCA","SRA526435","SRS1915196","Mus musculus","10x chromium","Cortex, hippocampus and subventricular zone","TGAGGGATCCAGATCA",2360,4711,66,0.0140097643812354,"Unknown"
"TGAGGGATCTACTCAT","SRA526435","SRS1915196","Mus musculus","10x chromium","Cortex, hippocampus and subventricular zone","TGAGGGATCTACTCAT",2996,6769,47,0.00694341852563156,"Unknown"
"TGAGGGATCTCTGAGA","SRA526435","SRS1915196","Mus musculus","10x chromium","Cortex, hippocampus and subventricular zone","TGAGGGATCTCTGAGA",636,1143,57,0.0498687664041995,"Unknown"
"TGAGGGATCTGTCTCG","SRA526435","SRS1915196","Mus musculus","10x chromium","Cortex, hippocampus and subventricular zone","TGAGGGATCTGTCTCG",1025,1702,86,0.0505287896592244,"Unknown"
"TGATTTCAGCCTCGTG","SRA526435","SRS1915196","Mus musculus","10x chromium","Cortex, hippocampus and subventricular zone","TGATTTCAGCCTCGTG",1133,1893,23,0.0121500264131009,"Unknown"
"TGATTTCAGCTAACAA","SRA526435","SRS1915196","Mus musculus","10x chromium","Cortex, hippocampus and subventricular zone","TGATTTCAGCTAACAA",2873,7526,68,0.00903534414031358,"Unknown"
"TGATTTCCACGGTGTC","SRA526435","SRS1915196","Mus musculus","10x chromium","Cortex, hippocampus and subventricular zone","TGATTTCCACGGTGTC",1498,3098,40,0.012911555842479,"Unknown"
"TGATTTCCACGTGAGA","SRA526435","SRS1915196","Mus musculus","10x chromium","Cortex, hippocampus and subventricular zone","TGATTTCCACGTGAGA",1696,2972,41,0.0137954239569314,"Unknown"
"TGATTTCCAGTCAGCC","SRA526435","SRS1915196","Mus musculus","10x chromium","Cortex, hippocampus and subventricular zone","TGATTTCCAGTCAGCC",2634,6010,82,0.0136439267886855,"Unknown"
"TGATTTCCATTAGCCA","SRA526435","SRS1915196","Mus musculus","10x chromium","Cortex, hippocampus and subventricular zone","TGATTTCCATTAGCCA",1869,3334,34,0.0101979604079184,"Unknown"
"TGATTTCCATTTGCTT","SRA526435","SRS1915196","Mus musculus","10x chromium","Cortex, hippocampus and subventricular zone","TGATTTCCATTTGCTT",2121,4180,84,0.0200956937799043,"Unknown"
"TGATTTCGTACAGCAG","SRA526435","SRS1915196","Mus musculus","10x chromium","Cortex, hippocampus and subventricular zone","TGATTTCGTACAGCAG",2698,6037,62,0.0102700016564519,"Unknown"
"TGATTTCGTGGTCTCG","SRA526435","SRS1915196","Mus musculus","10x chromium","Cortex, hippocampus and subventricular zone","TGATTTCGTGGTCTCG",449,7352,14,0.00190424374319913,"Erythroid-like and erythroid precursor cells"
"TGATTTCTCGCTTGTC","SRA526435","SRS1915196","Mus musculus","10x chromium","Cortex, hippocampus and subventricular zone","TGATTTCTCGCTTGTC",1631,3152,79,0.0250634517766497,"Unknown"
"TGCACCTAGATGTTAG","SRA526435","SRS1915196","Mus musculus","10x chromium","Cortex, hippocampus and subventricular zone","TGCACCTAGATGTTAG",3315,8897,130,0.0146116668539957,"Unknown"
"TGCACCTAGCCCTAAT","SRA526435","SRS1915196","Mus musculus","10x chromium","Cortex, hippocampus and subventricular zone","TGCACCTAGCCCTAAT",1839,3323,46,0.0138429130303942,"Unknown"
"TGCACCTAGGCTACGA","SRA526435","SRS1915196","Mus musculus","10x chromium","Cortex, hippocampus and subventricular zone","TGCACCTAGGCTACGA",2155,4305,49,0.0113821138211382,"Unknown"
"TGCACCTCAGGATTGG","SRA526435","SRS1915196","Mus musculus","10x chromium","Cortex, hippocampus and subventricular zone","TGCACCTCAGGATTGG",814,1191,63,0.052896725440806,"Unknown"
"TGCACCTCATCTATGG","SRA526435","SRS1915196","Mus musculus","10x chromium","Cortex, hippocampus and subventricular zone","TGCACCTCATCTATGG",393,12504,22,0.00175943698016635,"Erythroid-like and erythroid precursor cells"
"TGCACCTCATGCATGT","SRA526435","SRS1915196","Mus musculus","10x chromium","Cortex, hippocampus and subventricular zone","TGCACCTCATGCATGT",2813,5998,49,0.00816938979659887,"Unknown"
"TGCACCTCATGCTGGC","SRA526435","SRS1915196","Mus musculus","10x chromium","Cortex, hippocampus and subventricular zone","TGCACCTCATGCTGGC",2842,6610,62,0.00937972768532526,"Unknown"
"TGCACCTCATTCTTAC","SRA526435","SRS1915196","Mus musculus","10x chromium","Cortex, hippocampus and subventricular zone","TGCACCTCATTCTTAC",833,1135,11,0.00969162995594714,"Unknown"
"TGCACCTGTAACGCGA","SRA526435","SRS1915196","Mus musculus","10x chromium","Cortex, hippocampus and subventricular zone","TGCACCTGTAACGCGA",2462,5235,58,0.0110792741165234,"Unknown"
"TGCACCTGTACTCAAC","SRA526435","SRS1915196","Mus musculus","10x chromium","Cortex, hippocampus and subventricular zone","TGCACCTGTACTCAAC",3101,6915,41,0.0059291395516992,"Unknown"
"TGCACCTGTAGCGTGA","SRA526435","SRS1915196","Mus musculus","10x chromium","Cortex, hippocampus and subventricular zone","TGCACCTGTAGCGTGA",815,1050,11,0.0104761904761905,"Oligodendrocyte progenitor cells"
"TGCACCTGTATTCGTG","SRA526435","SRS1915196","Mus musculus","10x chromium","Cortex, hippocampus and subventricular zone","TGCACCTGTATTCGTG",1683,2972,34,0.0114401076716016,"Unknown"
"TGCACCTGTCCGACGT","SRA526435","SRS1915196","Mus musculus","10x chromium","Cortex, hippocampus and subventricular zone","TGCACCTGTCCGACGT",1212,1926,44,0.0228452751817238,"Unknown"
"TGCACCTGTCTAAACC","SRA526435","SRS1915196","Mus musculus","10x chromium","Cortex, hippocampus and subventricular zone","TGCACCTGTCTAAACC",1731,2915,128,0.0439108061749571,"Unknown"
"TGCACCTGTTAGTGGG","SRA526435","SRS1915196","Mus musculus","10x chromium","Cortex, hippocampus and subventricular zone","TGCACCTGTTAGTGGG",1262,2076,64,0.0308285163776493,"Unknown"
"TGCACCTGTTGGACCC","SRA526435","SRS1915196","Mus musculus","10x chromium","Cortex, hippocampus and subventricular zone","TGCACCTGTTGGACCC",2637,5740,37,0.00644599303135888,"Unknown"
"TGCACCTTCACCACCT","SRA526435","SRS1915196","Mus musculus","10x chromium","Cortex, hippocampus and subventricular zone","TGCACCTTCACCACCT",1495,2462,8,0.00324939073923639,"Unknown"
"TGCACCTTCACCGTAA","SRA526435","SRS1915196","Mus musculus","10x chromium","Cortex, hippocampus and subventricular zone","TGCACCTTCACCGTAA",2006,3662,74,0.020207536865101,"Unknown"
"TGCACCTTCATGTCTT","SRA526435","SRS1915196","Mus musculus","10x chromium","Cortex, hippocampus and subventricular zone","TGCACCTTCATGTCTT",2444,5919,59,0.00996789998310525,"Unknown"
"TGCACCTTCCAAACTG","SRA526435","SRS1915196","Mus musculus","10x chromium","Cortex, hippocampus and subventricular zone","TGCACCTTCCAAACTG",2371,4641,68,0.0146520146520147,"Unknown"
"TGCACCTTCGTCTGCT","SRA526435","SRS1915196","Mus musculus","10x chromium","Cortex, hippocampus and subventricular zone","TGCACCTTCGTCTGCT",3687,11771,145,0.0123184096508368,"Microglia"
"TGCACCTTCTCGATGA","SRA526435","SRS1915196","Mus musculus","10x chromium","Cortex, hippocampus and subventricular zone","TGCACCTTCTCGATGA",2827,6522,78,0.0119595216191352,"Unknown"
"TGCACCTTCTTATCTG","SRA526435","SRS1915196","Mus musculus","10x chromium","Cortex, hippocampus and subventricular zone","TGCACCTTCTTATCTG",1561,2851,47,0.0164854437039635,"Unknown"
"TGCCAAAAGAGTAATC","SRA526435","SRS1915196","Mus musculus","10x chromium","Cortex, hippocampus and subventricular zone","TGCCAAAAGAGTAATC",663,1116,47,0.0421146953405018,"Unknown"
"TGCCAAAAGATGTGTA","SRA526435","SRS1915196","Mus musculus","10x chromium","Cortex, hippocampus and subventricular zone","TGCCAAAAGATGTGTA",1338,2649,45,0.0169875424688562,"Unknown"
"TGCCAAAAGCAGGTCA","SRA526435","SRS1915196","Mus musculus","10x chromium","Cortex, hippocampus and subventricular zone","TGCCAAAAGCAGGTCA",1228,2025,41,0.0202469135802469,"Unknown"
"TGCCAAAAGCGCCTTG","SRA526435","SRS1915196","Mus musculus","10x chromium","Cortex, hippocampus and subventricular zone","TGCCAAAAGCGCCTTG",887,1383,44,0.0318148951554591,"Unknown"
"TGCCAAAAGCGTCAAG","SRA526435","SRS1915196","Mus musculus","10x chromium","Cortex, hippocampus and subventricular zone","TGCCAAAAGCGTCAAG",2452,4028,21,0.00521350546176763,"Unknown"
"TGCCAAAAGTGTGGCA","SRA526435","SRS1915196","Mus musculus","10x chromium","Cortex, hippocampus and subventricular zone","TGCCAAAAGTGTGGCA",1067,1575,51,0.0323809523809524,"Unknown"
"TGCCAAACAACTGCGC","SRA526435","SRS1915196","Mus musculus","10x chromium","Cortex, hippocampus and subventricular zone","TGCCAAACAACTGCGC",1698,3195,37,0.0115805946791862,"Unknown"
"TGCCAAACACTATCTT","SRA526435","SRS1915196","Mus musculus","10x chromium","Cortex, hippocampus and subventricular zone","TGCCAAACACTATCTT",3983,10954,116,0.0105897389081614,"Unknown"
"TGCCAAACAGATCGGA","SRA526435","SRS1915196","Mus musculus","10x chromium","Cortex, hippocampus and subventricular zone","TGCCAAACAGATCGGA",1426,2792,37,0.0132521489971347,"Unknown"
"TGCCAAACATAGAAAC","SRA526435","SRS1915196","Mus musculus","10x chromium","Cortex, hippocampus and subventricular zone","TGCCAAACATAGAAAC",2288,4990,35,0.00701402805611222,"Unknown"
"TGCCAAACATGAAGTA","SRA526435","SRS1915196","Mus musculus","10x chromium","Cortex, hippocampus and subventricular zone","TGCCAAACATGAAGTA",3103,8086,127,0.0157061587929755,"Unknown"
"TGCCAAACATTCTTAC","SRA526435","SRS1915196","Mus musculus","10x chromium","Cortex, hippocampus and subventricular zone","TGCCAAACATTCTTAC",1969,3726,16,0.00429414922168545,"Unknown"
"TGCCAAACATTGGGCC","SRA526435","SRS1915196","Mus musculus","10x chromium","Cortex, hippocampus and subventricular zone","TGCCAAACATTGGGCC",2387,4953,62,0.0125176660609731,"Unknown"
"TGCCAAAGTAATCGTC","SRA526435","SRS1915196","Mus musculus","10x chromium","Cortex, hippocampus and subventricular zone","TGCCAAAGTAATCGTC",3645,10455,138,0.0131994261119082,"Unknown"
"TGCCAAAGTAGCGTGA","SRA526435","SRS1915196","Mus musculus","10x chromium","Cortex, hippocampus and subventricular zone","TGCCAAAGTAGCGTGA",1630,2679,33,0.0123180291153415,"Unknown"
"TGCCAAAGTGCGATAG","SRA526435","SRS1915196","Mus musculus","10x chromium","Cortex, hippocampus and subventricular zone","TGCCAAAGTGCGATAG",2318,4802,47,0.00978758850478967,"Unknown"
"TGCCAAAGTGCGCTTG","SRA526435","SRS1915196","Mus musculus","10x chromium","Cortex, hippocampus and subventricular zone","TGCCAAAGTGCGCTTG",2693,6536,107,0.0163708690330477,"Unknown"
"TGCCAAAGTTGTCGCG","SRA526435","SRS1915196","Mus musculus","10x chromium","Cortex, hippocampus and subventricular zone","TGCCAAAGTTGTCGCG",2085,4262,34,0.00797747536367902,"Unknown"
"TGCCAAATCAATCTCT","SRA526435","SRS1915196","Mus musculus","10x chromium","Cortex, hippocampus and subventricular zone","TGCCAAATCAATCTCT",3389,9287,211,0.022719931086465,"Unknown"
"TGCCAAATCTCATTCA","SRA526435","SRS1915196","Mus musculus","10x chromium","Cortex, hippocampus and subventricular zone","TGCCAAATCTCATTCA",2831,7069,119,0.016834064224077,"Unknown"
"TGCCAAATCTGCAGTA","SRA526435","SRS1915196","Mus musculus","10x chromium","Cortex, hippocampus and subventricular zone","TGCCAAATCTGCAGTA",2550,5709,75,0.0131371518654756,"Unknown"
"TGCCAAATCTTGCCGT","SRA526435","SRS1915196","Mus musculus","10x chromium","Cortex, hippocampus and subventricular zone","TGCCAAATCTTGCCGT",2460,5507,85,0.0154349010350463,"Unknown"
"TGCCCATAGAAGAAGC","SRA526435","SRS1915196","Mus musculus","10x chromium","Cortex, hippocampus and subventricular zone","TGCCCATAGAAGAAGC",1349,2419,47,0.0194295163290616,"Unknown"
"TGCCCATAGAAGGTTT","SRA526435","SRS1915196","Mus musculus","10x chromium","Cortex, hippocampus and subventricular zone","TGCCCATAGAAGGTTT",2039,4243,51,0.0120197973132218,"Unknown"
"TGCCCATAGGCAATTA","SRA526435","SRS1915196","Mus musculus","10x chromium","Cortex, hippocampus and subventricular zone","TGCCCATAGGCAATTA",2100,4031,69,0.0171173406102704,"Unknown"
"TGCCCATAGTACCGGA","SRA526435","SRS1915196","Mus musculus","10x chromium","Cortex, hippocampus and subventricular zone","TGCCCATAGTACCGGA",3653,9743,112,0.0114954326182901,"Unknown"
"TGCCCATAGTCAAGCG","SRA526435","SRS1915196","Mus musculus","10x chromium","Cortex, hippocampus and subventricular zone","TGCCCATAGTCAAGCG",1445,2572,34,0.0132192846034215,"Unknown"
"TGCCCATCAAGTTCTG","SRA526435","SRS1915196","Mus musculus","10x chromium","Cortex, hippocampus and subventricular zone","TGCCCATCAAGTTCTG",2043,3935,32,0.00813214739517154,"Unknown"
"TGCCCATCAGCCACCA","SRA526435","SRS1915196","Mus musculus","10x chromium","Cortex, hippocampus and subventricular zone","TGCCCATCAGCCACCA",2975,6766,55,0.00812887969258055,"Unknown"
"TGCCCATCAGTATAAG","SRA526435","SRS1915196","Mus musculus","10x chromium","Cortex, hippocampus and subventricular zone","TGCCCATCAGTATAAG",3375,9117,178,0.0195239662169573,"Unknown"
"TGCCCATCATGCAATC","SRA526435","SRS1915196","Mus musculus","10x chromium","Cortex, hippocampus and subventricular zone","TGCCCATCATGCAATC",1817,3187,31,0.0097270160025102,"Unknown"
"TGCCCATGTACAGTGG","SRA526435","SRS1915196","Mus musculus","10x chromium","Cortex, hippocampus and subventricular zone","TGCCCATGTACAGTGG",1376,2397,43,0.017939090529829,"Unknown"
"TGCCCATGTACCGCTG","SRA526435","SRS1915196","Mus musculus","10x chromium","Cortex, hippocampus and subventricular zone","TGCCCATGTACCGCTG",1368,2293,51,0.0222416048844309,"Unknown"
"TGCCCATGTACCGTTA","SRA526435","SRS1915196","Mus musculus","10x chromium","Cortex, hippocampus and subventricular zone","TGCCCATGTACCGTTA",1701,3300,77,0.0233333333333333,"Unknown"
"TGCCCATGTCATGCAT","SRA526435","SRS1915196","Mus musculus","10x chromium","Cortex, hippocampus and subventricular zone","TGCCCATGTCATGCAT",2086,5166,109,0.0210994967092528,"Unknown"
"TGCCCATGTCTCTTTA","SRA526435","SRS1915196","Mus musculus","10x chromium","Cortex, hippocampus and subventricular zone","TGCCCATGTCTCTTTA",2980,7680,70,0.00911458333333333,"Unknown"
"TGCCCATGTGGTGTAG","SRA526435","SRS1915196","Mus musculus","10x chromium","Cortex, hippocampus and subventricular zone","TGCCCATGTGGTGTAG",2024,3790,32,0.00844327176781003,"Unknown"
"TGCCCATGTTAAAGTG","SRA526435","SRS1915196","Mus musculus","10x chromium","Cortex, hippocampus and subventricular zone","TGCCCATGTTAAAGTG",2708,6792,99,0.0145759717314488,"Unknown"
"TGCCCATGTTCCTCCA","SRA526435","SRS1915196","Mus musculus","10x chromium","Cortex, hippocampus and subventricular zone","TGCCCATGTTCCTCCA",1973,4158,97,0.0233285233285233,"Unknown"
"TGCCCATTCACTTATC","SRA526435","SRS1915196","Mus musculus","10x chromium","Cortex, hippocampus and subventricular zone","TGCCCATTCACTTATC",1262,1896,31,0.0163502109704641,"Cajal-Retzius cells"
"TGCCCATTCCTTCAAT","SRA526435","SRS1915196","Mus musculus","10x chromium","Cortex, hippocampus and subventricular zone","TGCCCATTCCTTCAAT",1470,2263,110,0.0486080424215643,"Unknown"
"TGCCCATTCGCAAACT","SRA526435","SRS1915196","Mus musculus","10x chromium","Cortex, hippocampus and subventricular zone","TGCCCATTCGCAAACT",1667,2989,66,0.0220809635329542,"Unknown"
"TGCCCATTCTATGTGG","SRA526435","SRS1915196","Mus musculus","10x chromium","Cortex, hippocampus and subventricular zone","TGCCCATTCTATGTGG",1973,4050,56,0.0138271604938272,"Unknown"
"TGCCCATTCTTCATGT","SRA526435","SRS1915196","Mus musculus","10x chromium","Cortex, hippocampus and subventricular zone","TGCCCATTCTTCATGT",2218,4813,60,0.0124662372740494,"Unknown"
"TGCCCTAAGACAGACC","SRA526435","SRS1915196","Mus musculus","10x chromium","Cortex, hippocampus and subventricular zone","TGCCCTAAGACAGACC",1360,2605,32,0.0122840690978887,"Unknown"
"TGCCCTAAGACTAGGC","SRA526435","SRS1915196","Mus musculus","10x chromium","Cortex, hippocampus and subventricular zone","TGCCCTAAGACTAGGC",1028,1504,28,0.0186170212765957,"Unknown"
"TGCCCTAAGATAGGAG","SRA526435","SRS1915196","Mus musculus","10x chromium","Cortex, hippocampus and subventricular zone","TGCCCTAAGATAGGAG",1766,3474,90,0.0259067357512953,"Unknown"
"TGCCCTAAGCCACTAT","SRA526435","SRS1915196","Mus musculus","10x chromium","Cortex, hippocampus and subventricular zone","TGCCCTAAGCCACTAT",1397,2259,25,0.0110668437361664,"Unknown"
"TGCCCTAAGGCGTACA","SRA526435","SRS1915196","Mus musculus","10x chromium","Cortex, hippocampus and subventricular zone","TGCCCTAAGGCGTACA",1596,2669,60,0.0224803297115024,"Unknown"
"TGCCCTACAACGCACC","SRA526435","SRS1915196","Mus musculus","10x chromium","Cortex, hippocampus and subventricular zone","TGCCCTACAACGCACC",2994,7699,89,0.0115599428497207,"Unknown"
"TGCCCTACAATACGCT","SRA526435","SRS1915196","Mus musculus","10x chromium","Cortex, hippocampus and subventricular zone","TGCCCTACAATACGCT",1863,3838,40,0.0104220948410631,"Unknown"
"TGCCCTACACATCCGG","SRA526435","SRS1915196","Mus musculus","10x chromium","Cortex, hippocampus and subventricular zone","TGCCCTACACATCCGG",1238,2012,9,0.00447316103379722,"Unknown"
"TGCCCTACAGAGTGTG","SRA526435","SRS1915196","Mus musculus","10x chromium","Cortex, hippocampus and subventricular zone","TGCCCTACAGAGTGTG",4874,14325,204,0.0142408376963351,"Unknown"
"TGCCCTACAGGGTTAG","SRA526435","SRS1915196","Mus musculus","10x chromium","Cortex, hippocampus and subventricular zone","TGCCCTACAGGGTTAG",2173,4271,42,0.00983376258487474,"Unknown"
"TGCCCTACATGAACCT","SRA526435","SRS1915196","Mus musculus","10x chromium","Cortex, hippocampus and subventricular zone","TGCCCTACATGAACCT",2570,5599,65,0.0116092159314163,"Unknown"
"TGCCCTACATGCCTAA","SRA526435","SRS1915196","Mus musculus","10x chromium","Cortex, hippocampus and subventricular zone","TGCCCTACATGCCTAA",1769,3343,56,0.0167514208794496,"Unknown"
"TGCCCTACATTCTCAT","SRA526435","SRS1915196","Mus musculus","10x chromium","Cortex, hippocampus and subventricular zone","TGCCCTACATTCTCAT",2757,5951,56,0.0094101831624937,"Unknown"
"TGCCCTACATTGGGCC","SRA526435","SRS1915196","Mus musculus","10x chromium","Cortex, hippocampus and subventricular zone","TGCCCTACATTGGGCC",135,7609,9,0.00118280983046392,"Erythroid-like and erythroid precursor cells"
"TGCCCTAGTAGCACGA","SRA526435","SRS1915196","Mus musculus","10x chromium","Cortex, hippocampus and subventricular zone","TGCCCTAGTAGCACGA",1916,3709,50,0.0134807225667296,"Unknown"
"TGCCCTAGTGTGTGCC","SRA526435","SRS1915196","Mus musculus","10x chromium","Cortex, hippocampus and subventricular zone","TGCCCTAGTGTGTGCC",1518,2846,41,0.0144061841180604,"Unknown"
"TGCCCTATCGGAATCT","SRA526435","SRS1915196","Mus musculus","10x chromium","Cortex, hippocampus and subventricular zone","TGCCCTATCGGAATCT",2409,5129,60,0.0116981867810489,"Unknown"
"TGCCCTATCGTAGGTT","SRA526435","SRS1915196","Mus musculus","10x chromium","Cortex, hippocampus and subventricular zone","TGCCCTATCGTAGGTT",2687,6228,82,0.0131663455362877,"Unknown"
"TGCCCTATCTGCTGCT","SRA526435","SRS1915196","Mus musculus","10x chromium","Cortex, hippocampus and subventricular zone","TGCCCTATCTGCTGCT",1633,3148,48,0.0152477763659466,"Unknown"
"TGCGCAGAGCCACGCT","SRA526435","SRS1915196","Mus musculus","10x chromium","Cortex, hippocampus and subventricular zone","TGCGCAGAGCCACGCT",2477,5948,57,0.00958305312710155,"Unknown"
"TGCGCAGAGCCAGGAT","SRA526435","SRS1915196","Mus musculus","10x chromium","Cortex, hippocampus and subventricular zone","TGCGCAGAGCCAGGAT",1680,3204,85,0.0265293383270911,"Unknown"
"TGCGCAGAGCGTGTCC","SRA526435","SRS1915196","Mus musculus","10x chromium","Cortex, hippocampus and subventricular zone","TGCGCAGAGCGTGTCC",1567,2924,27,0.00923392612859097,"Unknown"
"TGCGCAGAGGGAAACA","SRA526435","SRS1915196","Mus musculus","10x chromium","Cortex, hippocampus and subventricular zone","TGCGCAGAGGGAAACA",1519,2858,87,0.0304408677396781,"Unknown"
"TGCGCAGCAAGGACTG","SRA526435","SRS1915196","Mus musculus","10x chromium","Cortex, hippocampus and subventricular zone","TGCGCAGCAAGGACTG",2194,4647,68,0.0146330966214762,"Unknown"
"TGCGCAGCACCAGCAC","SRA526435","SRS1915196","Mus musculus","10x chromium","Cortex, hippocampus and subventricular zone","TGCGCAGCACCAGCAC",1969,4199,51,0.0121457489878543,"Unknown"
"TGCGCAGCACTGTGTA","SRA526435","SRS1915196","Mus musculus","10x chromium","Cortex, hippocampus and subventricular zone","TGCGCAGCACTGTGTA",2228,4627,49,0.010590015128593,"Unknown"
"TGCGCAGCATCCGGGT","SRA526435","SRS1915196","Mus musculus","10x chromium","Cortex, hippocampus and subventricular zone","TGCGCAGCATCCGGGT",1370,2413,41,0.016991297140489,"Unknown"
"TGCGCAGCATCTACGA","SRA526435","SRS1915196","Mus musculus","10x chromium","Cortex, hippocampus and subventricular zone","TGCGCAGCATCTACGA",2278,5059,63,0.0124530539632338,"Unknown"
"TGCGCAGCATGACGGA","SRA526435","SRS1915196","Mus musculus","10x chromium","Cortex, hippocampus and subventricular zone","TGCGCAGCATGACGGA",1552,2599,42,0.0161600615621393,"Unknown"
"TGCGCAGCATGTCCTC","SRA526435","SRS1915196","Mus musculus","10x chromium","Cortex, hippocampus and subventricular zone","TGCGCAGCATGTCCTC",1054,1692,22,0.0130023640661939,"Unknown"
"TGCGCAGGTAAGTGGC","SRA526435","SRS1915196","Mus musculus","10x chromium","Cortex, hippocampus and subventricular zone","TGCGCAGGTAAGTGGC",2751,6221,66,0.0106092268124096,"Unknown"
"TGCGCAGGTATCTGCA","SRA526435","SRS1915196","Mus musculus","10x chromium","Cortex, hippocampus and subventricular zone","TGCGCAGGTATCTGCA",1724,3103,66,0.0212697389622946,"Unknown"
"TGCGCAGTCAAACAAG","SRA526435","SRS1915196","Mus musculus","10x chromium","Cortex, hippocampus and subventricular zone","TGCGCAGTCAAACAAG",1261,3273,94,0.028719828903147,"Microglia"
"TGCGCAGTCAACACTG","SRA526435","SRS1915196","Mus musculus","10x chromium","Cortex, hippocampus and subventricular zone","TGCGCAGTCAACACTG",2903,6587,82,0.0124487627144375,"Unknown"
"TGCGCAGTCAGCTGGC","SRA526435","SRS1915196","Mus musculus","10x chromium","Cortex, hippocampus and subventricular zone","TGCGCAGTCAGCTGGC",2093,4433,58,0.0130836905030453,"Unknown"
"TGCGCAGTCCATGCTC","SRA526435","SRS1915196","Mus musculus","10x chromium","Cortex, hippocampus and subventricular zone","TGCGCAGTCCATGCTC",4418,13134,84,0.00639561443581544,"Unknown"
"TGCGCAGTCCCGGATG","SRA526435","SRS1915196","Mus musculus","10x chromium","Cortex, hippocampus and subventricular zone","TGCGCAGTCCCGGATG",1139,1758,36,0.0204778156996587,"Unknown"
"TGCGCAGTCCGGCACA","SRA526435","SRS1915196","Mus musculus","10x chromium","Cortex, hippocampus and subventricular zone","TGCGCAGTCCGGCACA",1651,3001,32,0.0106631122959014,"Unknown"
"TGCGCAGTCCGTTGTC","SRA526435","SRS1915196","Mus musculus","10x chromium","Cortex, hippocampus and subventricular zone","TGCGCAGTCCGTTGTC",1654,2852,154,0.0539971949509116,"Unknown"
"TGCGGGTAGATCCGAG","SRA526435","SRS1915196","Mus musculus","10x chromium","Cortex, hippocampus and subventricular zone","TGCGGGTAGATCCGAG",2925,6779,101,0.0148989526478832,"Unknown"
"TGCGGGTAGCCCGAAA","SRA526435","SRS1915196","Mus musculus","10x chromium","Cortex, hippocampus and subventricular zone","TGCGGGTAGCCCGAAA",1792,3628,46,0.0126791620727674,"Unknown"
"TGCGGGTAGCCGCCTA","SRA526435","SRS1915196","Mus musculus","10x chromium","Cortex, hippocampus and subventricular zone","TGCGGGTAGCCGCCTA",2355,5067,114,0.0224985198342214,"Unknown"
"TGCGGGTAGGAGCGTT","SRA526435","SRS1915196","Mus musculus","10x chromium","Cortex, hippocampus and subventricular zone","TGCGGGTAGGAGCGTT",1901,3539,65,0.0183667702740887,"Unknown"
"TGCGGGTAGGAGTAGA","SRA526435","SRS1915196","Mus musculus","10x chromium","Cortex, hippocampus and subventricular zone","TGCGGGTAGGAGTAGA",2001,3974,39,0.00981378963261198,"Unknown"
"TGCGGGTAGGCTATCT","SRA526435","SRS1915196","Mus musculus","10x chromium","Cortex, hippocampus and subventricular zone","TGCGGGTAGGCTATCT",1978,3931,50,0.0127194098193844,"Unknown"
"TGCGGGTAGTGATCGG","SRA526435","SRS1915196","Mus musculus","10x chromium","Cortex, hippocampus and subventricular zone","TGCGGGTAGTGATCGG",741,1013,48,0.0473840078973346,"Oligodendrocyte progenitor cells"
"TGCGGGTCAAACTGCT","SRA526435","SRS1915196","Mus musculus","10x chromium","Cortex, hippocampus and subventricular zone","TGCGGGTCAAACTGCT",3161,7640,86,0.0112565445026178,"Unknown"
"TGCGGGTCAGGGAGAG","SRA526435","SRS1915196","Mus musculus","10x chromium","Cortex, hippocampus and subventricular zone","TGCGGGTCAGGGAGAG",1228,1908,15,0.00786163522012579,"Unknown"
"TGCGGGTCATACGCCG","SRA526435","SRS1915196","Mus musculus","10x chromium","Cortex, hippocampus and subventricular zone","TGCGGGTCATACGCCG",1861,3493,74,0.0211852275980533,"Unknown"
"TGCGGGTCATCGGAAG","SRA526435","SRS1915196","Mus musculus","10x chromium","Cortex, hippocampus and subventricular zone","TGCGGGTCATCGGAAG",2587,6087,98,0.0160998850008214,"Unknown"
"TGCGGGTGTCCAACTA","SRA526435","SRS1915196","Mus musculus","10x chromium","Cortex, hippocampus and subventricular zone","TGCGGGTGTCCAACTA",3265,8495,75,0.00882872277810477,"Unknown"
"TGCGGGTTCACATAGC","SRA526435","SRS1915196","Mus musculus","10x chromium","Cortex, hippocampus and subventricular zone","TGCGGGTTCACATAGC",1881,3691,65,0.0176104036846383,"Unknown"
"TGCGGGTTCACGCATA","SRA526435","SRS1915196","Mus musculus","10x chromium","Cortex, hippocampus and subventricular zone","TGCGGGTTCACGCATA",3038,7405,106,0.0143146522619851,"Unknown"
"TGCGGGTTCATGCTCC","SRA526435","SRS1915196","Mus musculus","10x chromium","Cortex, hippocampus and subventricular zone","TGCGGGTTCATGCTCC",2087,4026,58,0.0144063586686538,"Unknown"
"TGCGGGTTCTGGTTCC","SRA526435","SRS1915196","Mus musculus","10x chromium","Cortex, hippocampus and subventricular zone","TGCGGGTTCTGGTTCC",1854,3176,40,0.0125944584382872,"Unknown"
"TGCGGGTTCTTAGCCC","SRA526435","SRS1915196","Mus musculus","10x chromium","Cortex, hippocampus and subventricular zone","TGCGGGTTCTTAGCCC",2769,6010,85,0.0141430948419301,"Unknown"
"TGCGTGGAGAAACCAT","SRA526435","SRS1915196","Mus musculus","10x chromium","Cortex, hippocampus and subventricular zone","TGCGTGGAGAAACCAT",2645,5687,62,0.0109020573237208,"Unknown"
"TGCGTGGAGAGGTAGA","SRA526435","SRS1915196","Mus musculus","10x chromium","Cortex, hippocampus and subventricular zone","TGCGTGGAGAGGTAGA",1492,2889,65,0.0224991346486674,"Pericytes"
"TGCGTGGAGAGTAAGG","SRA526435","SRS1915196","Mus musculus","10x chromium","Cortex, hippocampus and subventricular zone","TGCGTGGAGAGTAAGG",813,1079,59,0.0546802594995366,"Unknown"
"TGCGTGGAGCCATCGC","SRA526435","SRS1915196","Mus musculus","10x chromium","Cortex, hippocampus and subventricular zone","TGCGTGGAGCCATCGC",2985,7075,83,0.0117314487632509,"Unknown"
"TGCGTGGAGCCCGAAA","SRA526435","SRS1915196","Mus musculus","10x chromium","Cortex, hippocampus and subventricular zone","TGCGTGGAGCCCGAAA",2332,5106,68,0.0133176654915785,"Unknown"
"TGCGTGGAGGAGTTTA","SRA526435","SRS1915196","Mus musculus","10x chromium","Cortex, hippocampus and subventricular zone","TGCGTGGAGGAGTTTA",1662,3120,33,0.0105769230769231,"Unknown"
"TGCGTGGAGTACACCT","SRA526435","SRS1915196","Mus musculus","10x chromium","Cortex, hippocampus and subventricular zone","TGCGTGGAGTACACCT",1741,3646,47,0.0128908392759188,"Unknown"
"TGCGTGGAGTACGTAA","SRA526435","SRS1915196","Mus musculus","10x chromium","Cortex, hippocampus and subventricular zone","TGCGTGGAGTACGTAA",998,1568,171,0.10905612244898,"Cajal-Retzius cells"
"TGCGTGGCACACCGAC","SRA526435","SRS1915196","Mus musculus","10x chromium","Cortex, hippocampus and subventricular zone","TGCGTGGCACACCGAC",2131,4322,58,0.013419713095789,"Unknown"
"TGCGTGGCACCATGTA","SRA526435","SRS1915196","Mus musculus","10x chromium","Cortex, hippocampus and subventricular zone","TGCGTGGCACCATGTA",2407,5076,62,0.012214342001576,"Unknown"
"TGCGTGGCAGGGTTAG","SRA526435","SRS1915196","Mus musculus","10x chromium","Cortex, hippocampus and subventricular zone","TGCGTGGCAGGGTTAG",1413,2375,23,0.00968421052631579,"Unknown"
"TGCGTGGCATTATCTC","SRA526435","SRS1915196","Mus musculus","10x chromium","Cortex, hippocampus and subventricular zone","TGCGTGGCATTATCTC",2674,6246,52,0.00832532821005444,"Unknown"
"TGCGTGGGTACGAAAT","SRA526435","SRS1915196","Mus musculus","10x chromium","Cortex, hippocampus and subventricular zone","TGCGTGGGTACGAAAT",2190,4644,65,0.0139965546942291,"Unknown"
"TGCGTGGGTATAATGG","SRA526435","SRS1915196","Mus musculus","10x chromium","Cortex, hippocampus and subventricular zone","TGCGTGGGTATAATGG",1717,3154,36,0.0114140773620799,"Unknown"
"TGCGTGGGTGAGCGAT","SRA526435","SRS1915196","Mus musculus","10x chromium","Cortex, hippocampus and subventricular zone","TGCGTGGGTGAGCGAT",1666,3744,76,0.0202991452991453,"Unknown"
"TGCGTGGGTGATAAGT","SRA526435","SRS1915196","Mus musculus","10x chromium","Cortex, hippocampus and subventricular zone","TGCGTGGGTGATAAGT",1771,3363,34,0.0101100208147487,"Unknown"
"TGCGTGGGTTAAGGGC","SRA526435","SRS1915196","Mus musculus","10x chromium","Cortex, hippocampus and subventricular zone","TGCGTGGGTTAAGGGC",3671,9387,140,0.0149142431021626,"Endothelial cells"
"TGCGTGGGTTTGTTTC","SRA526435","SRS1915196","Mus musculus","10x chromium","Cortex, hippocampus and subventricular zone","TGCGTGGGTTTGTTTC",2569,5594,41,0.00732928137289954,"Unknown"
"TGCGTGGTCAAACCAC","SRA526435","SRS1915196","Mus musculus","10x chromium","Cortex, hippocampus and subventricular zone","TGCGTGGTCAAACCAC",2458,5605,68,0.0121320249776985,"Unknown"
"TGCGTGGTCACATGCA","SRA526435","SRS1915196","Mus musculus","10x chromium","Cortex, hippocampus and subventricular zone","TGCGTGGTCACATGCA",2497,4937,92,0.0186347984606036,"Unknown"
"TGCGTGGTCACCTCGT","SRA526435","SRS1915196","Mus musculus","10x chromium","Cortex, hippocampus and subventricular zone","TGCGTGGTCACCTCGT",1048,1724,20,0.0116009280742459,"Unknown"
"TGCGTGGTCACTCCTG","SRA526435","SRS1915196","Mus musculus","10x chromium","Cortex, hippocampus and subventricular zone","TGCGTGGTCACTCCTG",1601,2807,34,0.0121125757035981,"Unknown"
"TGCGTGGTCAGGTAAA","SRA526435","SRS1915196","Mus musculus","10x chromium","Cortex, hippocampus and subventricular zone","TGCGTGGTCAGGTAAA",2354,4703,45,0.00956836062088029,"Unknown"
"TGCGTGGTCCCGGATG","SRA526435","SRS1915196","Mus musculus","10x chromium","Cortex, hippocampus and subventricular zone","TGCGTGGTCCCGGATG",2990,7563,38,0.00502446119264842,"Unknown"
"TGCTACCAGAACTCGG","SRA526435","SRS1915196","Mus musculus","10x chromium","Cortex, hippocampus and subventricular zone","TGCTACCAGAACTCGG",3118,9365,67,0.00715429791777896,"Unknown"
"TGCTACCAGAAGGCCT","SRA526435","SRS1915196","Mus musculus","10x chromium","Cortex, hippocampus and subventricular zone","TGCTACCAGAAGGCCT",2258,4577,69,0.0150753768844221,"Unknown"
"TGCTACCAGAGACGAA","SRA526435","SRS1915196","Mus musculus","10x chromium","Cortex, hippocampus and subventricular zone","TGCTACCAGAGACGAA",1136,1776,30,0.0168918918918919,"Unknown"
"TGCTACCAGCGATAGC","SRA526435","SRS1915196","Mus musculus","10x chromium","Cortex, hippocampus and subventricular zone","TGCTACCAGCGATAGC",1831,4934,183,0.0370895824888529,"Microglia"
"TGCTACCAGCTGTTCA","SRA526435","SRS1915196","Mus musculus","10x chromium","Cortex, hippocampus and subventricular zone","TGCTACCAGCTGTTCA",1072,1702,35,0.0205640423031727,"Unknown"
"TGCTACCAGGCAGGTT","SRA526435","SRS1915196","Mus musculus","10x chromium","Cortex, hippocampus and subventricular zone","TGCTACCAGGCAGGTT",812,1240,140,0.112903225806452,"Unknown"
"TGCTACCAGGCAGTCA","SRA526435","SRS1915196","Mus musculus","10x chromium","Cortex, hippocampus and subventricular zone","TGCTACCAGGCAGTCA",2873,7089,87,0.0122725349132459,"Unknown"
"TGCTACCAGGTTCCTA","SRA526435","SRS1915196","Mus musculus","10x chromium","Cortex, hippocampus and subventricular zone","TGCTACCAGGTTCCTA",747,1089,47,0.0431588613406795,"Unknown"
"TGCTACCAGTACACCT","SRA526435","SRS1915196","Mus musculus","10x chromium","Cortex, hippocampus and subventricular zone","TGCTACCAGTACACCT",2311,4523,41,0.00906478001326553,"Unknown"
"TGCTACCAGTCAATAG","SRA526435","SRS1915196","Mus musculus","10x chromium","Cortex, hippocampus and subventricular zone","TGCTACCAGTCAATAG",2509,5953,101,0.0169662355115068,"Unknown"
"TGCTACCCAAGAAAGG","SRA526435","SRS1915196","Mus musculus","10x chromium","Cortex, hippocampus and subventricular zone","TGCTACCCAAGAAAGG",2177,4554,73,0.0160298638559508,"Unknown"
"TGCTACCCAAGCCGCT","SRA526435","SRS1915196","Mus musculus","10x chromium","Cortex, hippocampus and subventricular zone","TGCTACCCAAGCCGCT",2902,7166,100,0.0139547864917667,"Unknown"
"TGCTACCCAGCAGTTT","SRA526435","SRS1915196","Mus musculus","10x chromium","Cortex, hippocampus and subventricular zone","TGCTACCCAGCAGTTT",2675,6716,71,0.0105717689100655,"Unknown"
"TGCTACCCATGAAGTA","SRA526435","SRS1915196","Mus musculus","10x chromium","Cortex, hippocampus and subventricular zone","TGCTACCCATGAAGTA",3632,8979,84,0.00935516204477113,"Cajal-Retzius cells"
"TGCTACCGTGAGCGAT","SRA526435","SRS1915196","Mus musculus","10x chromium","Cortex, hippocampus and subventricular zone","TGCTACCGTGAGCGAT",1920,3872,48,0.012396694214876,"Unknown"
"TGCTACCGTGTTTGTG","SRA526435","SRS1915196","Mus musculus","10x chromium","Cortex, hippocampus and subventricular zone","TGCTACCGTGTTTGTG",1108,1619,69,0.0426189005558987,"Unknown"
"TGCTACCGTTATCCGA","SRA526435","SRS1915196","Mus musculus","10x chromium","Cortex, hippocampus and subventricular zone","TGCTACCGTTATCCGA",2477,5288,58,0.0109682299546142,"Unknown"
"TGCTACCGTTGAACTC","SRA526435","SRS1915196","Mus musculus","10x chromium","Cortex, hippocampus and subventricular zone","TGCTACCGTTGAACTC",2765,6048,104,0.0171957671957672,"Pericytes"
"TGCTACCTCAACCAAC","SRA526435","SRS1915196","Mus musculus","10x chromium","Cortex, hippocampus and subventricular zone","TGCTACCTCAACCAAC",2755,6207,54,0.00869985500241663,"Unknown"
"TGCTACCTCCCTCAGT","SRA526435","SRS1915196","Mus musculus","10x chromium","Cortex, hippocampus and subventricular zone","TGCTACCTCCCTCAGT",1434,2692,23,0.00854383358098068,"Unknown"
"TGCTACCTCGGAGGTA","SRA526435","SRS1915196","Mus musculus","10x chromium","Cortex, hippocampus and subventricular zone","TGCTACCTCGGAGGTA",2228,4547,65,0.0142951396525181,"Unknown"
"TGCTACCTCTACTCAT","SRA526435","SRS1915196","Mus musculus","10x chromium","Cortex, hippocampus and subventricular zone","TGCTACCTCTACTCAT",3311,8373,61,0.00728532186790875,"Unknown"
"TGCTACCTCTGCTTGC","SRA526435","SRS1915196","Mus musculus","10x chromium","Cortex, hippocampus and subventricular zone","TGCTACCTCTGCTTGC",3134,8204,132,0.0160897123354461,"Unknown"
"TGCTACCTCTTCCTTC","SRA526435","SRS1915196","Mus musculus","10x chromium","Cortex, hippocampus and subventricular zone","TGCTACCTCTTCCTTC",2595,6070,86,0.014168039538715,"Unknown"
"TGCTGCTAGGATGGTC","SRA526435","SRS1915196","Mus musculus","10x chromium","Cortex, hippocampus and subventricular zone","TGCTGCTAGGATGGTC",2427,5456,71,0.0130131964809384,"Unknown"
"TGCTGCTAGGTACTCT","SRA526435","SRS1915196","Mus musculus","10x chromium","Cortex, hippocampus and subventricular zone","TGCTGCTAGGTACTCT",1144,1949,32,0.0164186762442278,"Unknown"
"TGCTGCTAGTATGACA","SRA526435","SRS1915196","Mus musculus","10x chromium","Cortex, hippocampus and subventricular zone","TGCTGCTAGTATGACA",2427,4964,50,0.0100725221595488,"Unknown"
"TGCTGCTCACACATGT","SRA526435","SRS1915196","Mus musculus","10x chromium","Cortex, hippocampus and subventricular zone","TGCTGCTCACACATGT",2191,4047,54,0.0133432171979244,"Unknown"
"TGCTGCTCACTTCGAA","SRA526435","SRS1915196","Mus musculus","10x chromium","Cortex, hippocampus and subventricular zone","TGCTGCTCACTTCGAA",3058,8051,68,0.00844615575704881,"Unknown"
"TGCTGCTCAGCTGTAT","SRA526435","SRS1915196","Mus musculus","10x chromium","Cortex, hippocampus and subventricular zone","TGCTGCTCAGCTGTAT",1588,2669,46,0.0172349194454852,"Unknown"
"TGCTGCTCAGGGTACA","SRA526435","SRS1915196","Mus musculus","10x chromium","Cortex, hippocampus and subventricular zone","TGCTGCTCAGGGTACA",1634,3034,37,0.0121951219512195,"Unknown"
"TGCTGCTCAGTTTACG","SRA526435","SRS1915196","Mus musculus","10x chromium","Cortex, hippocampus and subventricular zone","TGCTGCTCAGTTTACG",1236,2094,70,0.0334288443170965,"Unknown"
"TGCTGCTGTAGGGACT","SRA526435","SRS1915196","Mus musculus","10x chromium","Cortex, hippocampus and subventricular zone","TGCTGCTGTAGGGACT",2076,4527,51,0.0112657388999337,"Unknown"
"TGCTGCTGTATGAAAC","SRA526435","SRS1915196","Mus musculus","10x chromium","Cortex, hippocampus and subventricular zone","TGCTGCTGTATGAAAC",2069,4392,74,0.0168488160291439,"Unknown"
"TGCTGCTGTCATGCAT","SRA526435","SRS1915196","Mus musculus","10x chromium","Cortex, hippocampus and subventricular zone","TGCTGCTGTCATGCAT",2898,7299,84,0.011508425811755,"Unknown"
"TGCTGCTGTCTAGCGC","SRA526435","SRS1915196","Mus musculus","10x chromium","Cortex, hippocampus and subventricular zone","TGCTGCTGTCTAGCGC",1998,3776,53,0.0140360169491525,"Unknown"
"TGCTGCTGTGACCAAG","SRA526435","SRS1915196","Mus musculus","10x chromium","Cortex, hippocampus and subventricular zone","TGCTGCTGTGACCAAG",1827,4032,36,0.00892857142857143,"Unknown"
"TGCTGCTGTGCAGTAG","SRA526435","SRS1915196","Mus musculus","10x chromium","Cortex, hippocampus and subventricular zone","TGCTGCTGTGCAGTAG",2259,4519,61,0.0134985616286789,"Unknown"
"TGCTGCTGTGGCTCCA","SRA526435","SRS1915196","Mus musculus","10x chromium","Cortex, hippocampus and subventricular zone","TGCTGCTGTGGCTCCA",1597,3046,52,0.0170715692711753,"Unknown"
"TGCTGCTGTTAGTGGG","SRA526435","SRS1915196","Mus musculus","10x chromium","Cortex, hippocampus and subventricular zone","TGCTGCTGTTAGTGGG",1910,3554,19,0.00534608891389983,"Unknown"
"TGCTGCTGTTGTTTGG","SRA526435","SRS1915196","Mus musculus","10x chromium","Cortex, hippocampus and subventricular zone","TGCTGCTGTTGTTTGG",1069,1640,113,0.0689024390243902,"Unknown"
"TGCTGCTTCATCTGCC","SRA526435","SRS1915196","Mus musculus","10x chromium","Cortex, hippocampus and subventricular zone","TGCTGCTTCATCTGCC",1419,2449,51,0.0208248264597795,"Unknown"
"TGCTGCTTCCGTCAAA","SRA526435","SRS1915196","Mus musculus","10x chromium","Cortex, hippocampus and subventricular zone","TGCTGCTTCCGTCAAA",1154,1819,9,0.00494777350192413,"Unknown"
"TGCTGCTTCCTCAATT","SRA526435","SRS1915196","Mus musculus","10x chromium","Cortex, hippocampus and subventricular zone","TGCTGCTTCCTCAATT",3508,9471,74,0.00781332488649562,"Unknown"
"TGCTGCTTCGCAAACT","SRA526435","SRS1915196","Mus musculus","10x chromium","Cortex, hippocampus and subventricular zone","TGCTGCTTCGCAAACT",108,3177,4,0.00125904941768964,"Erythroid-like and erythroid precursor cells"
"TGGACGCAGACGCAAC","SRA526435","SRS1915196","Mus musculus","10x chromium","Cortex, hippocampus and subventricular zone","TGGACGCAGACGCAAC",2731,6987,48,0.0068699012451696,"Unknown"
"TGGACGCAGACGCTTT","SRA526435","SRS1915196","Mus musculus","10x chromium","Cortex, hippocampus and subventricular zone","TGGACGCAGACGCTTT",2440,5310,48,0.00903954802259887,"Unknown"
"TGGACGCAGCCCGAAA","SRA526435","SRS1915196","Mus musculus","10x chromium","Cortex, hippocampus and subventricular zone","TGGACGCAGCCCGAAA",2257,4891,73,0.0149253731343284,"Unknown"
"TGGACGCAGGTGACCA","SRA526435","SRS1915196","Mus musculus","10x chromium","Cortex, hippocampus and subventricular zone","TGGACGCAGGTGACCA",2698,6032,51,0.00845490716180371,"Unknown"
"TGGACGCCACCGTTGG","SRA526435","SRS1915196","Mus musculus","10x chromium","Cortex, hippocampus and subventricular zone","TGGACGCCACCGTTGG",993,1813,40,0.0220628792057363,"Unknown"
"TGGACGCCAGCCTTGG","SRA526435","SRS1915196","Mus musculus","10x chromium","Cortex, hippocampus and subventricular zone","TGGACGCCAGCCTTGG",1430,2511,61,0.0242931103146157,"Unknown"
"TGGACGCCAGCTCCGA","SRA526435","SRS1915196","Mus musculus","10x chromium","Cortex, hippocampus and subventricular zone","TGGACGCCAGCTCCGA",1113,1782,32,0.0179573512906846,"Unknown"
"TGGACGCCATTCCTCG","SRA526435","SRS1915196","Mus musculus","10x chromium","Cortex, hippocampus and subventricular zone","TGGACGCCATTCCTCG",1636,3102,40,0.0128949065119278,"Unknown"
"TGGACGCGTAGATTAG","SRA526435","SRS1915196","Mus musculus","10x chromium","Cortex, hippocampus and subventricular zone","TGGACGCGTAGATTAG",1640,3238,54,0.0166769610870908,"Unknown"
"TGGACGCGTCGGATCC","SRA526435","SRS1915196","Mus musculus","10x chromium","Cortex, hippocampus and subventricular zone","TGGACGCGTCGGATCC",1651,2799,29,0.0103608431582708,"Unknown"
"TGGACGCGTGGGTATG","SRA526435","SRS1915196","Mus musculus","10x chromium","Cortex, hippocampus and subventricular zone","TGGACGCGTGGGTATG",2642,6060,75,0.0123762376237624,"Unknown"
"TGGACGCGTGGTAACG","SRA526435","SRS1915196","Mus musculus","10x chromium","Cortex, hippocampus and subventricular zone","TGGACGCGTGGTAACG",1927,4082,58,0.0142087212150906,"Unknown"
"TGGACGCGTGGTCCGT","SRA526435","SRS1915196","Mus musculus","10x chromium","Cortex, hippocampus and subventricular zone","TGGACGCGTGGTCCGT",2104,4183,47,0.0112359550561798,"Unknown"
"TGGACGCGTTACAGAA","SRA526435","SRS1915196","Mus musculus","10x chromium","Cortex, hippocampus and subventricular zone","TGGACGCGTTACAGAA",2129,4027,33,0.00819468587037497,"Unknown"
"TGGACGCGTTCGTCTC","SRA526435","SRS1915196","Mus musculus","10x chromium","Cortex, hippocampus and subventricular zone","TGGACGCGTTCGTCTC",1026,1618,24,0.0148331273176761,"Unknown"
"TGGACGCTCACCGTAA","SRA526435","SRS1915196","Mus musculus","10x chromium","Cortex, hippocampus and subventricular zone","TGGACGCTCACCGTAA",1616,3908,62,0.0158648925281474,"Microglia"
"TGGACGCTCCAACCAA","SRA526435","SRS1915196","Mus musculus","10x chromium","Cortex, hippocampus and subventricular zone","TGGACGCTCCAACCAA",2285,4564,53,0.011612620508326,"Unknown"
"TGGACGCTCCATGAAC","SRA526435","SRS1915196","Mus musculus","10x chromium","Cortex, hippocampus and subventricular zone","TGGACGCTCCATGAAC",1354,2284,49,0.0214535901926445,"Unknown"
"TGGACGCTCGCATGAT","SRA526435","SRS1915196","Mus musculus","10x chromium","Cortex, hippocampus and subventricular zone","TGGACGCTCGCATGAT",2018,3959,70,0.0176812326345037,"Unknown"
"TGGACGCTCTAGAGTC","SRA526435","SRS1915196","Mus musculus","10x chromium","Cortex, hippocampus and subventricular zone","TGGACGCTCTAGAGTC",2302,5145,108,0.0209912536443149,"Unknown"
"TGGACGCTCTCAAACG","SRA526435","SRS1915196","Mus musculus","10x chromium","Cortex, hippocampus and subventricular zone","TGGACGCTCTCAAACG",2660,6578,59,0.00896929157798723,"Unknown"
"TGGCCAGAGAAACCTA","SRA526435","SRS1915196","Mus musculus","10x chromium","Cortex, hippocampus and subventricular zone","TGGCCAGAGAAACCTA",2766,6417,63,0.00981767180925666,"Unknown"
"TGGCCAGAGAGCTGCA","SRA526435","SRS1915196","Mus musculus","10x chromium","Cortex, hippocampus and subventricular zone","TGGCCAGAGAGCTGCA",1787,3785,78,0.0206076618229855,"Unknown"
"TGGCCAGAGATAGGAG","SRA526435","SRS1915196","Mus musculus","10x chromium","Cortex, hippocampus and subventricular zone","TGGCCAGAGATAGGAG",7756,38386,353,0.00919606106392956,"Unknown"
"TGGCCAGAGGATGCGT","SRA526435","SRS1915196","Mus musculus","10x chromium","Cortex, hippocampus and subventricular zone","TGGCCAGAGGATGCGT",2897,6809,65,0.00954618886767514,"Unknown"
"TGGCCAGAGTGGGATC","SRA526435","SRS1915196","Mus musculus","10x chromium","Cortex, hippocampus and subventricular zone","TGGCCAGAGTGGGATC",205,8238,6,0.000728332119446468,"Erythroid-like and erythroid precursor cells"
"TGGCCAGAGTGGGTTG","SRA526435","SRS1915196","Mus musculus","10x chromium","Cortex, hippocampus and subventricular zone","TGGCCAGAGTGGGTTG",3832,11551,152,0.0131590338498831,"Unknown"
"TGGCCAGCACGAGGTA","SRA526435","SRS1915196","Mus musculus","10x chromium","Cortex, hippocampus and subventricular zone","TGGCCAGCACGAGGTA",884,1254,38,0.0303030303030303,"Unknown"
"TGGCCAGCACTGTCGG","SRA526435","SRS1915196","Mus musculus","10x chromium","Cortex, hippocampus and subventricular zone","TGGCCAGCACTGTCGG",1297,2130,29,0.0136150234741784,"Unknown"
"TGGCCAGCACTGTTAG","SRA526435","SRS1915196","Mus musculus","10x chromium","Cortex, hippocampus and subventricular zone","TGGCCAGCACTGTTAG",1565,2592,30,0.0115740740740741,"Unknown"
"TGGCCAGCAGCCTGTG","SRA526435","SRS1915196","Mus musculus","10x chromium","Cortex, hippocampus and subventricular zone","TGGCCAGCAGCCTGTG",775,1070,101,0.094392523364486,"Unknown"
"TGGCCAGCAGGGATTG","SRA526435","SRS1915196","Mus musculus","10x chromium","Cortex, hippocampus and subventricular zone","TGGCCAGCAGGGATTG",1908,3549,62,0.0174697097774021,"Unknown"
"TGGCCAGCATCATCCC","SRA526435","SRS1915196","Mus musculus","10x chromium","Cortex, hippocampus and subventricular zone","TGGCCAGCATCATCCC",2004,3999,71,0.0177544386096524,"Pericytes"
"TGGCCAGCATGGTAGG","SRA526435","SRS1915196","Mus musculus","10x chromium","Cortex, hippocampus and subventricular zone","TGGCCAGCATGGTAGG",1872,3632,58,0.0159691629955947,"Unknown"
"TGGCCAGCATGTTCCC","SRA526435","SRS1915196","Mus musculus","10x chromium","Cortex, hippocampus and subventricular zone","TGGCCAGCATGTTCCC",2262,4628,56,0.0121002592912705,"Unknown"
"TGGCCAGCATTCTCAT","SRA526435","SRS1915196","Mus musculus","10x chromium","Cortex, hippocampus and subventricular zone","TGGCCAGCATTCTCAT",2582,5750,104,0.0180869565217391,"Unknown"
"TGGCCAGGTAGCAAAT","SRA526435","SRS1915196","Mus musculus","10x chromium","Cortex, hippocampus and subventricular zone","TGGCCAGGTAGCAAAT",2594,5486,45,0.00820269777615749,"Unknown"
"TGGCCAGGTCTCACCT","SRA526435","SRS1915196","Mus musculus","10x chromium","Cortex, hippocampus and subventricular zone","TGGCCAGGTCTCACCT",1672,3388,38,0.0112160566706021,"Unknown"
"TGGCCAGGTTAAGAAC","SRA526435","SRS1915196","Mus musculus","10x chromium","Cortex, hippocampus and subventricular zone","TGGCCAGGTTAAGAAC",2269,4635,60,0.0129449838187702,"Unknown"
"TGGCCAGTCACTATTC","SRA526435","SRS1915196","Mus musculus","10x chromium","Cortex, hippocampus and subventricular zone","TGGCCAGTCACTATTC",2266,4578,68,0.0148536478811708,"Unknown"
"TGGCCAGTCAGCAACT","SRA526435","SRS1915196","Mus musculus","10x chromium","Cortex, hippocampus and subventricular zone","TGGCCAGTCAGCAACT",2274,4660,42,0.00901287553648069,"Unknown"
"TGGCCAGTCCCAAGAT","SRA526435","SRS1915196","Mus musculus","10x chromium","Cortex, hippocampus and subventricular zone","TGGCCAGTCCCAAGAT",3983,10757,132,0.0122710792972018,"Unknown"
"TGGCCAGTCGAACTGT","SRA526435","SRS1915196","Mus musculus","10x chromium","Cortex, hippocampus and subventricular zone","TGGCCAGTCGAACTGT",2466,4186,55,0.0131390348781653,"Unknown"
"TGGCCAGTCGAGAACG","SRA526435","SRS1915196","Mus musculus","10x chromium","Cortex, hippocampus and subventricular zone","TGGCCAGTCGAGAACG",890,1287,55,0.0427350427350427,"Unknown"
"TGGCCAGTCGGCATCG","SRA526435","SRS1915196","Mus musculus","10x chromium","Cortex, hippocampus and subventricular zone","TGGCCAGTCGGCATCG",2573,6445,76,0.0117920868890613,"Unknown"
"TGGCCAGTCTATGTGG","SRA526435","SRS1915196","Mus musculus","10x chromium","Cortex, hippocampus and subventricular zone","TGGCCAGTCTATGTGG",3054,7331,146,0.019915427636066,"Cajal-Retzius cells"
"TGGCCAGTCTCAAACG","SRA526435","SRS1915196","Mus musculus","10x chromium","Cortex, hippocampus and subventricular zone","TGGCCAGTCTCAAACG",3813,10783,123,0.0114068441064639,"Unknown"
"TGGCCAGTCTCCCTGA","SRA526435","SRS1915196","Mus musculus","10x chromium","Cortex, hippocampus and subventricular zone","TGGCCAGTCTCCCTGA",1919,3368,56,0.0166270783847981,"Unknown"
"TGGCCAGTCTTGTCAT","SRA526435","SRS1915196","Mus musculus","10x chromium","Cortex, hippocampus and subventricular zone","TGGCCAGTCTTGTCAT",2369,5773,48,0.00831456781569375,"Unknown"
"TGGCGCAAGAGTCGGT","SRA526435","SRS1915196","Mus musculus","10x chromium","Cortex, hippocampus and subventricular zone","TGGCGCAAGAGTCGGT",2803,6719,43,0.00639976186932579,"Unknown"
"TGGCGCAAGGGTGTGT","SRA526435","SRS1915196","Mus musculus","10x chromium","Cortex, hippocampus and subventricular zone","TGGCGCAAGGGTGTGT",820,1073,53,0.0493942218080149,"Unknown"
"TGGCGCAAGGTAGCCA","SRA526435","SRS1915196","Mus musculus","10x chromium","Cortex, hippocampus and subventricular zone","TGGCGCAAGGTAGCCA",2672,5979,46,0.00769359424652952,"Unknown"
"TGGCGCAAGTACTTGC","SRA526435","SRS1915196","Mus musculus","10x chromium","Cortex, hippocampus and subventricular zone","TGGCGCAAGTACTTGC",1790,3071,50,0.0162813415825464,"Unknown"
"TGGCGCACAAAGAATC","SRA526435","SRS1915196","Mus musculus","10x chromium","Cortex, hippocampus and subventricular zone","TGGCGCACAAAGAATC",1558,2635,7,0.00265654648956357,"Unknown"
"TGGCGCACACGGATAG","SRA526435","SRS1915196","Mus musculus","10x chromium","Cortex, hippocampus and subventricular zone","TGGCGCACACGGATAG",1286,2188,48,0.0219378427787934,"Unknown"
"TGGCGCACACGGTAAG","SRA526435","SRS1915196","Mus musculus","10x chromium","Cortex, hippocampus and subventricular zone","TGGCGCACACGGTAAG",1347,2256,18,0.00797872340425532,"Unknown"
"TGGCGCACAGACGTAG","SRA526435","SRS1915196","Mus musculus","10x chromium","Cortex, hippocampus and subventricular zone","TGGCGCACAGACGTAG",2683,7257,68,0.00937026319415737,"Unknown"
"TGGCGCACATCCGGGT","SRA526435","SRS1915196","Mus musculus","10x chromium","Cortex, hippocampus and subventricular zone","TGGCGCACATCCGGGT",1627,2918,33,0.0113091158327622,"Unknown"
"TGGCGCAGTGAAATCA","SRA526435","SRS1915196","Mus musculus","10x chromium","Cortex, hippocampus and subventricular zone","TGGCGCAGTGAAATCA",2653,5988,60,0.0100200400801603,"Unknown"
"TGGCGCAGTGATGATA","SRA526435","SRS1915196","Mus musculus","10x chromium","Cortex, hippocampus and subventricular zone","TGGCGCAGTGATGATA",2962,7073,73,0.0103209387812809,"Unknown"
"TGGCGCAGTTACCGAT","SRA526435","SRS1915196","Mus musculus","10x chromium","Cortex, hippocampus and subventricular zone","TGGCGCAGTTACCGAT",2071,4083,46,0.0112662258143522,"Unknown"
"TGGCGCAGTTACTGAC","SRA526435","SRS1915196","Mus musculus","10x chromium","Cortex, hippocampus and subventricular zone","TGGCGCAGTTACTGAC",2545,5594,52,0.00929567393636039,"Unknown"
"TGGCGCAGTTAGGGTG","SRA526435","SRS1915196","Mus musculus","10x chromium","Cortex, hippocampus and subventricular zone","TGGCGCAGTTAGGGTG",2540,5631,117,0.0207778369738945,"Unknown"
"TGGCGCATCACTTATC","SRA526435","SRS1915196","Mus musculus","10x chromium","Cortex, hippocampus and subventricular zone","TGGCGCATCACTTATC",1644,2933,45,0.0153426525741562,"Unknown"
"TGGCGCATCTCTAGGA","SRA526435","SRS1915196","Mus musculus","10x chromium","Cortex, hippocampus and subventricular zone","TGGCGCATCTCTAGGA",2111,4152,63,0.0151734104046243,"Unknown"
"TGGCGCATCTCTGTCG","SRA526435","SRS1915196","Mus musculus","10x chromium","Cortex, hippocampus and subventricular zone","TGGCGCATCTCTGTCG",2916,6865,75,0.010924981791697,"Unknown"
"TGGCTGGAGCGCTCCA","SRA526435","SRS1915196","Mus musculus","10x chromium","Cortex, hippocampus and subventricular zone","TGGCTGGAGCGCTCCA",2496,5450,61,0.0111926605504587,"Unknown"
"TGGCTGGAGTCGCCGT","SRA526435","SRS1915196","Mus musculus","10x chromium","Cortex, hippocampus and subventricular zone","TGGCTGGAGTCGCCGT",1970,3605,48,0.0133148404993065,"Unknown"
"TGGCTGGAGTTGTCGT","SRA526435","SRS1915196","Mus musculus","10x chromium","Cortex, hippocampus and subventricular zone","TGGCTGGAGTTGTCGT",1788,3524,48,0.0136208853575482,"Unknown"
"TGGCTGGCAAGCCCAC","SRA526435","SRS1915196","Mus musculus","10x chromium","Cortex, hippocampus and subventricular zone","TGGCTGGCAAGCCCAC",2325,4866,118,0.0242498972461981,"Unknown"
"TGGCTGGCACATCCGG","SRA526435","SRS1915196","Mus musculus","10x chromium","Cortex, hippocampus and subventricular zone","TGGCTGGCACATCCGG",2527,5728,71,0.012395251396648,"Unknown"
"TGGCTGGCACGAAAGC","SRA526435","SRS1915196","Mus musculus","10x chromium","Cortex, hippocampus and subventricular zone","TGGCTGGCACGAAAGC",1388,2336,23,0.0098458904109589,"Unknown"
"TGGCTGGCACGAAATA","SRA526435","SRS1915196","Mus musculus","10x chromium","Cortex, hippocampus and subventricular zone","TGGCTGGCACGAAATA",1724,3045,36,0.0118226600985222,"Unknown"
"TGGCTGGCAGCGTCCA","SRA526435","SRS1915196","Mus musculus","10x chromium","Cortex, hippocampus and subventricular zone","TGGCTGGCAGCGTCCA",2884,6978,91,0.0130409859558613,"Unknown"
"TGGCTGGCAGCTGCAC","SRA526435","SRS1915196","Mus musculus","10x chromium","Cortex, hippocampus and subventricular zone","TGGCTGGCAGCTGCAC",2292,5277,43,0.00814856926283873,"Unknown"
"TGGCTGGCAGGACCCT","SRA526435","SRS1915196","Mus musculus","10x chromium","Cortex, hippocampus and subventricular zone","TGGCTGGCAGGACCCT",1911,3685,55,0.0149253731343284,"Unknown"
"TGGCTGGCAGGTGGAT","SRA526435","SRS1915196","Mus musculus","10x chromium","Cortex, hippocampus and subventricular zone","TGGCTGGCAGGTGGAT",1971,3997,59,0.0147610708031023,"Unknown"
"TGGCTGGCATGTCTCC","SRA526435","SRS1915196","Mus musculus","10x chromium","Cortex, hippocampus and subventricular zone","TGGCTGGCATGTCTCC",1798,3415,17,0.00497803806734993,"Unknown"
"TGGCTGGGTAGAAGGA","SRA526435","SRS1915196","Mus musculus","10x chromium","Cortex, hippocampus and subventricular zone","TGGCTGGGTAGAAGGA",2236,4662,41,0.0087945087945088,"Unknown"
"TGGCTGGGTGGACGAT","SRA526435","SRS1915196","Mus musculus","10x chromium","Cortex, hippocampus and subventricular zone","TGGCTGGGTGGACGAT",3156,7532,111,0.014737121614445,"Cajal-Retzius cells"
"TGGCTGGGTGTTGAGG","SRA526435","SRS1915196","Mus musculus","10x chromium","Cortex, hippocampus and subventricular zone","TGGCTGGGTGTTGAGG",2089,4097,60,0.0146448620942153,"Unknown"
"TGGCTGGGTTACCAGT","SRA526435","SRS1915196","Mus musculus","10x chromium","Cortex, hippocampus and subventricular zone","TGGCTGGGTTACCAGT",1452,2538,42,0.016548463356974,"Endothelial cells"
"TGGCTGGGTTACGACT","SRA526435","SRS1915196","Mus musculus","10x chromium","Cortex, hippocampus and subventricular zone","TGGCTGGGTTACGACT",1202,1895,32,0.0168865435356201,"Unknown"
"TGGCTGGGTTTGTTTC","SRA526435","SRS1915196","Mus musculus","10x chromium","Cortex, hippocampus and subventricular zone","TGGCTGGGTTTGTTTC",1985,3730,40,0.0107238605898123,"Unknown"
"TGGCTGGTCAACGCTA","SRA526435","SRS1915196","Mus musculus","10x chromium","Cortex, hippocampus and subventricular zone","TGGCTGGTCAACGCTA",1515,2583,19,0.00735578784359272,"Unknown"
"TGGCTGGTCAGCAACT","SRA526435","SRS1915196","Mus musculus","10x chromium","Cortex, hippocampus and subventricular zone","TGGCTGGTCAGCAACT",3648,10096,93,0.00921156893819334,"Unknown"
"TGGCTGGTCCAGTAGT","SRA526435","SRS1915196","Mus musculus","10x chromium","Cortex, hippocampus and subventricular zone","TGGCTGGTCCAGTAGT",1017,1607,42,0.0261356565028002,"Unknown"
"TGGCTGGTCCGAACGC","SRA526435","SRS1915196","Mus musculus","10x chromium","Cortex, hippocampus and subventricular zone","TGGCTGGTCCGAACGC",1726,3508,49,0.0139680729760547,"Unknown"
"TGGCTGGTCCGCATCT","SRA526435","SRS1915196","Mus musculus","10x chromium","Cortex, hippocampus and subventricular zone","TGGCTGGTCCGCATCT",2506,5667,72,0.0127051349920593,"Unknown"
"TGGCTGGTCCTGCCAT","SRA526435","SRS1915196","Mus musculus","10x chromium","Cortex, hippocampus and subventricular zone","TGGCTGGTCCTGCCAT",2233,4516,59,0.0130646589902569,"Unknown"
"TGGCTGGTCGCCATAA","SRA526435","SRS1915196","Mus musculus","10x chromium","Cortex, hippocampus and subventricular zone","TGGCTGGTCGCCATAA",1331,2291,57,0.0248799650807508,"Unknown"
"TGGGAAGAGACAATAC","SRA526435","SRS1915196","Mus musculus","10x chromium","Cortex, hippocampus and subventricular zone","TGGGAAGAGACAATAC",1649,3605,29,0.00804438280166436,"Endothelial cells"
"TGGGAAGAGCTGATAA","SRA526435","SRS1915196","Mus musculus","10x chromium","Cortex, hippocampus and subventricular zone","TGGGAAGAGCTGATAA",2457,5244,82,0.0156369183829138,"Unknown"
"TGGGAAGAGGTGCAAC","SRA526435","SRS1915196","Mus musculus","10x chromium","Cortex, hippocampus and subventricular zone","TGGGAAGAGGTGCAAC",2623,6331,68,0.0107407992418259,"Unknown"
"TGGGAAGAGTAACCCT","SRA526435","SRS1915196","Mus musculus","10x chromium","Cortex, hippocampus and subventricular zone","TGGGAAGAGTAACCCT",2951,7376,80,0.0108459869848156,"Unknown"
"TGGGAAGAGTAGTGCG","SRA526435","SRS1915196","Mus musculus","10x chromium","Cortex, hippocampus and subventricular zone","TGGGAAGAGTAGTGCG",990,1509,13,0.00861497680583168,"Unknown"
"TGGGAAGAGTCGCCGT","SRA526435","SRS1915196","Mus musculus","10x chromium","Cortex, hippocampus and subventricular zone","TGGGAAGAGTCGCCGT",2186,4738,44,0.00928661882650908,"Unknown"
"TGGGAAGAGTGCGATG","SRA526435","SRS1915196","Mus musculus","10x chromium","Cortex, hippocampus and subventricular zone","TGGGAAGAGTGCGATG",3158,8056,82,0.0101787487586892,"Unknown"
"TGGGAAGCAAGCGTAG","SRA526435","SRS1915196","Mus musculus","10x chromium","Cortex, hippocampus and subventricular zone","TGGGAAGCAAGCGTAG",1168,1648,16,0.00970873786407767,"Unknown"
"TGGGAAGCAATGGAAT","SRA526435","SRS1915196","Mus musculus","10x chromium","Cortex, hippocampus and subventricular zone","TGGGAAGCAATGGAAT",2774,6957,115,0.0165301135546931,"Unknown"
"TGGGAAGCACCTTGTC","SRA526435","SRS1915196","Mus musculus","10x chromium","Cortex, hippocampus and subventricular zone","TGGGAAGCACCTTGTC",1996,3963,52,0.0131213726974514,"Unknown"
"TGGGAAGCACGGCGTT","SRA526435","SRS1915196","Mus musculus","10x chromium","Cortex, hippocampus and subventricular zone","TGGGAAGCACGGCGTT",928,1289,74,0.0574088440651668,"Cajal-Retzius cells"
"TGGGAAGCACTGAAGG","SRA526435","SRS1915196","Mus musculus","10x chromium","Cortex, hippocampus and subventricular zone","TGGGAAGCACTGAAGG",2285,4532,69,0.01522506619594,"Unknown"
"TGGGAAGGTCCAGTGC","SRA526435","SRS1915196","Mus musculus","10x chromium","Cortex, hippocampus and subventricular zone","TGGGAAGGTCCAGTGC",2036,4046,37,0.00914483440434997,"Unknown"
"TGGGAAGGTCGACTGC","SRA526435","SRS1915196","Mus musculus","10x chromium","Cortex, hippocampus and subventricular zone","TGGGAAGGTCGACTGC",1350,2162,38,0.0175763182238668,"Unknown"
"TGGGAAGGTCGCGAAA","SRA526435","SRS1915196","Mus musculus","10x chromium","Cortex, hippocampus and subventricular zone","TGGGAAGGTCGCGAAA",2423,5204,82,0.0157571099154497,"Unknown"
"TGGGAAGGTCTAGGTT","SRA526435","SRS1915196","Mus musculus","10x chromium","Cortex, hippocampus and subventricular zone","TGGGAAGGTCTAGGTT",2281,4334,47,0.0108444854637748,"Unknown"
"TGGGAAGGTCTTGTCC","SRA526435","SRS1915196","Mus musculus","10x chromium","Cortex, hippocampus and subventricular zone","TGGGAAGGTCTTGTCC",2341,5009,132,0.0263525653823118,"Unknown"
"TGGGAAGTCCTATTCA","SRA526435","SRS1915196","Mus musculus","10x chromium","Cortex, hippocampus and subventricular zone","TGGGAAGTCCTATTCA",2028,4201,42,0.00999761961437753,"Unknown"
"TGGGAAGTCCTGCTTG","SRA526435","SRS1915196","Mus musculus","10x chromium","Cortex, hippocampus and subventricular zone","TGGGAAGTCCTGCTTG",1394,2144,17,0.00792910447761194,"Unknown"
"TGGGAAGTCCTGTAGA","SRA526435","SRS1915196","Mus musculus","10x chromium","Cortex, hippocampus and subventricular zone","TGGGAAGTCCTGTAGA",1292,2300,57,0.0247826086956522,"Endothelial cells"
"TGGGCGTAGAATGTTG","SRA526435","SRS1915196","Mus musculus","10x chromium","Cortex, hippocampus and subventricular zone","TGGGCGTAGAATGTTG",2384,5466,84,0.0153677277716795,"Pericytes"
"TGGGCGTAGAATTCCC","SRA526435","SRS1915196","Mus musculus","10x chromium","Cortex, hippocampus and subventricular zone","TGGGCGTAGAATTCCC",1650,3652,66,0.0180722891566265,"Unknown"
"TGGGCGTAGAGTCTGG","SRA526435","SRS1915196","Mus musculus","10x chromium","Cortex, hippocampus and subventricular zone","TGGGCGTAGAGTCTGG",2207,4627,71,0.0153447157985736,"Unknown"
"TGGGCGTAGAGTGAGA","SRA526435","SRS1915196","Mus musculus","10x chromium","Cortex, hippocampus and subventricular zone","TGGGCGTAGAGTGAGA",2249,4669,39,0.00835296637395588,"Unknown"
"TGGGCGTAGATGTGTA","SRA526435","SRS1915196","Mus musculus","10x chromium","Cortex, hippocampus and subventricular zone","TGGGCGTAGATGTGTA",2300,4582,60,0.013094718463553,"Unknown"
"TGGGCGTAGGTAGCTG","SRA526435","SRS1915196","Mus musculus","10x chromium","Cortex, hippocampus and subventricular zone","TGGGCGTAGGTAGCTG",1485,2382,12,0.00503778337531486,"Unknown"
"TGGGCGTAGGTGACCA","SRA526435","SRS1915196","Mus musculus","10x chromium","Cortex, hippocampus and subventricular zone","TGGGCGTAGGTGACCA",2580,5997,65,0.0108387527096882,"Unknown"
"TGGGCGTAGGTGCAAC","SRA526435","SRS1915196","Mus musculus","10x chromium","Cortex, hippocampus and subventricular zone","TGGGCGTAGGTGCAAC",2240,4413,53,0.0120099705415817,"Unknown"
"TGGGCGTCAAATCCGT","SRA526435","SRS1915196","Mus musculus","10x chromium","Cortex, hippocampus and subventricular zone","TGGGCGTCAAATCCGT",1271,2007,50,0.0249128051818635,"Unknown"
"TGGGCGTCACAAGTAA","SRA526435","SRS1915196","Mus musculus","10x chromium","Cortex, hippocampus and subventricular zone","TGGGCGTCACAAGTAA",1508,2578,55,0.0213343677269201,"Unknown"
"TGGGCGTCAGCTCCGA","SRA526435","SRS1915196","Mus musculus","10x chromium","Cortex, hippocampus and subventricular zone","TGGGCGTCAGCTCCGA",2550,6094,149,0.0244502789629143,"Unknown"
"TGGGCGTCAGCTGTAT","SRA526435","SRS1915196","Mus musculus","10x chromium","Cortex, hippocampus and subventricular zone","TGGGCGTCAGCTGTAT",2556,5346,98,0.0183314627759072,"Unknown"
"TGGGCGTCAGGTCGTC","SRA526435","SRS1915196","Mus musculus","10x chromium","Cortex, hippocampus and subventricular zone","TGGGCGTCAGGTCGTC",5114,17423,217,0.0124548011249498,"Endothelial cells"
"TGGGCGTCATTTCAGG","SRA526435","SRS1915196","Mus musculus","10x chromium","Cortex, hippocampus and subventricular zone","TGGGCGTCATTTCAGG",2538,6023,77,0.012784326747468,"Unknown"
"TGGGCGTGTCATCGGC","SRA526435","SRS1915196","Mus musculus","10x chromium","Cortex, hippocampus and subventricular zone","TGGGCGTGTCATCGGC",1422,2520,88,0.0349206349206349,"Unknown"
"TGGGCGTGTCCATGAT","SRA526435","SRS1915196","Mus musculus","10x chromium","Cortex, hippocampus and subventricular zone","TGGGCGTGTCCATGAT",2095,4348,63,0.0144894204231831,"Unknown"
"TGGGCGTGTCCGAAGA","SRA526435","SRS1915196","Mus musculus","10x chromium","Cortex, hippocampus and subventricular zone","TGGGCGTGTCCGAAGA",1673,2806,38,0.0135424091233072,"Unknown"
"TGGGCGTGTCTAGGTT","SRA526435","SRS1915196","Mus musculus","10x chromium","Cortex, hippocampus and subventricular zone","TGGGCGTGTCTAGGTT",2257,4724,58,0.0122777307366638,"Unknown"
"TGGGCGTGTTCCACTC","SRA526435","SRS1915196","Mus musculus","10x chromium","Cortex, hippocampus and subventricular zone","TGGGCGTGTTCCACTC",2168,4080,96,0.0235294117647059,"Unknown"
"TGGGCGTGTTCTGGTA","SRA526435","SRS1915196","Mus musculus","10x chromium","Cortex, hippocampus and subventricular zone","TGGGCGTGTTCTGGTA",1929,3640,66,0.0181318681318681,"Unknown"
"TGGGCGTGTTGGTGGA","SRA526435","SRS1915196","Mus musculus","10x chromium","Cortex, hippocampus and subventricular zone","TGGGCGTGTTGGTGGA",1859,3503,54,0.0154153582643448,"Unknown"
"TGGGCGTGTTTGACAC","SRA526435","SRS1915196","Mus musculus","10x chromium","Cortex, hippocampus and subventricular zone","TGGGCGTGTTTGACAC",2474,5210,59,0.0113243761996161,"Unknown"
"TGGGCGTTCAAACAAG","SRA526435","SRS1915196","Mus musculus","10x chromium","Cortex, hippocampus and subventricular zone","TGGGCGTTCAAACAAG",2724,6150,66,0.0107317073170732,"Unknown"
"TGGGCGTTCACAGGCC","SRA526435","SRS1915196","Mus musculus","10x chromium","Cortex, hippocampus and subventricular zone","TGGGCGTTCACAGGCC",2343,4434,64,0.0144339197113216,"Unknown"
"TGGGCGTTCACCCGAG","SRA526435","SRS1915196","Mus musculus","10x chromium","Cortex, hippocampus and subventricular zone","TGGGCGTTCACCCGAG",1532,2684,30,0.011177347242921,"Unknown"
"TGGGCGTTCTACTATC","SRA526435","SRS1915196","Mus musculus","10x chromium","Cortex, hippocampus and subventricular zone","TGGGCGTTCTACTATC",2646,5855,90,0.0153714773697694,"Unknown"
"TGGGCGTTCTAGCACA","SRA526435","SRS1915196","Mus musculus","10x chromium","Cortex, hippocampus and subventricular zone","TGGGCGTTCTAGCACA",2763,6632,100,0.0150784077201448,"Unknown"
"TGGGCGTTCTATCGCC","SRA526435","SRS1915196","Mus musculus","10x chromium","Cortex, hippocampus and subventricular zone","TGGGCGTTCTATCGCC",2039,3951,76,0.0192356365477094,"Unknown"
"TGGGCGTTCTCACATT","SRA526435","SRS1915196","Mus musculus","10x chromium","Cortex, hippocampus and subventricular zone","TGGGCGTTCTCACATT",2218,4656,70,0.0150343642611684,"Unknown"
"TGGTTAGAGAGTCGGT","SRA526435","SRS1915196","Mus musculus","10x chromium","Cortex, hippocampus and subventricular zone","TGGTTAGAGAGTCGGT",1972,3914,65,0.0166070516096065,"Unknown"
"TGGTTAGCAAAGCAAT","SRA526435","SRS1915196","Mus musculus","10x chromium","Cortex, hippocampus and subventricular zone","TGGTTAGCAAAGCAAT",1469,2454,19,0.00774246128769356,"Unknown"
"TGGTTAGCAACTGCGC","SRA526435","SRS1915196","Mus musculus","10x chromium","Cortex, hippocampus and subventricular zone","TGGTTAGCAACTGCGC",387,2399,15,0.00625260525218841,"Erythroid-like and erythroid precursor cells"
"TGGTTAGCAAGCCTAT","SRA526435","SRS1915196","Mus musculus","10x chromium","Cortex, hippocampus and subventricular zone","TGGTTAGCAAGCCTAT",2083,4236,38,0.00897072710103872,"Unknown"
"TGGTTAGCAATGGAAT","SRA526435","SRS1915196","Mus musculus","10x chromium","Cortex, hippocampus and subventricular zone","TGGTTAGCAATGGAAT",2272,4850,39,0.00804123711340206,"Unknown"
"TGGTTAGCACACTGCG","SRA526435","SRS1915196","Mus musculus","10x chromium","Cortex, hippocampus and subventricular zone","TGGTTAGCACACTGCG",2016,5098,54,0.0105923891722244,"Unknown"
"TGGTTAGCACTTCTGC","SRA526435","SRS1915196","Mus musculus","10x chromium","Cortex, hippocampus and subventricular zone","TGGTTAGCACTTCTGC",1158,2197,19,0.00864815657715066,"Unknown"
"TGGTTAGCAGCGATCC","SRA526435","SRS1915196","Mus musculus","10x chromium","Cortex, hippocampus and subventricular zone","TGGTTAGCAGCGATCC",3130,7836,116,0.0148034711587545,"Unknown"
"TGGTTAGCATCCAACA","SRA526435","SRS1915196","Mus musculus","10x chromium","Cortex, hippocampus and subventricular zone","TGGTTAGCATCCAACA",602,1019,24,0.0235525024533857,"Unknown"
"TGGTTAGGTAACGTTC","SRA526435","SRS1915196","Mus musculus","10x chromium","Cortex, hippocampus and subventricular zone","TGGTTAGGTAACGTTC",1780,3337,48,0.0143841774048547,"Unknown"
"TGGTTAGGTAAGTGGC","SRA526435","SRS1915196","Mus musculus","10x chromium","Cortex, hippocampus and subventricular zone","TGGTTAGGTAAGTGGC",2035,3949,55,0.0139275766016713,"Unknown"
"TGGTTAGGTCACAAGG","SRA526435","SRS1915196","Mus musculus","10x chromium","Cortex, hippocampus and subventricular zone","TGGTTAGGTCACAAGG",1530,2616,16,0.00611620795107034,"Unknown"
"TGGTTAGGTCAGAATA","SRA526435","SRS1915196","Mus musculus","10x chromium","Cortex, hippocampus and subventricular zone","TGGTTAGGTCAGAATA",2678,7162,101,0.014102206087685,"Pericytes"
"TGGTTAGGTCGGCATC","SRA526435","SRS1915196","Mus musculus","10x chromium","Cortex, hippocampus and subventricular zone","TGGTTAGGTCGGCATC",1917,3523,29,0.00823162077774624,"Unknown"
"TGGTTAGGTTCGGGCT","SRA526435","SRS1915196","Mus musculus","10x chromium","Cortex, hippocampus and subventricular zone","TGGTTAGGTTCGGGCT",1475,2513,41,0.0163151611619578,"Unknown"
"TGGTTAGGTTCGTCTC","SRA526435","SRS1915196","Mus musculus","10x chromium","Cortex, hippocampus and subventricular zone","TGGTTAGGTTCGTCTC",1506,2446,36,0.0147179067865904,"Unknown"
"TGGTTAGGTTTGGCGC","SRA526435","SRS1915196","Mus musculus","10x chromium","Cortex, hippocampus and subventricular zone","TGGTTAGGTTTGGCGC",2726,6849,82,0.0119725507373339,"Unknown"
"TGGTTAGTCACAGGCC","SRA526435","SRS1915196","Mus musculus","10x chromium","Cortex, hippocampus and subventricular zone","TGGTTAGTCACAGGCC",2354,5079,124,0.0244142547745619,"Unknown"
"TGGTTAGTCCAAGCCG","SRA526435","SRS1915196","Mus musculus","10x chromium","Cortex, hippocampus and subventricular zone","TGGTTAGTCCAAGCCG",1708,3205,53,0.0165366614664587,"Unknown"
"TGGTTAGTCCATGAAC","SRA526435","SRS1915196","Mus musculus","10x chromium","Cortex, hippocampus and subventricular zone","TGGTTAGTCCATGAAC",2383,5139,62,0.012064604008562,"Unknown"
"TGGTTAGTCGGAGCAA","SRA526435","SRS1915196","Mus musculus","10x chromium","Cortex, hippocampus and subventricular zone","TGGTTAGTCGGAGCAA",1883,3430,66,0.0192419825072886,"Unknown"
"TGGTTAGTCTACGAGT","SRA526435","SRS1915196","Mus musculus","10x chromium","Cortex, hippocampus and subventricular zone","TGGTTAGTCTACGAGT",1327,2164,47,0.0217190388170055,"Unknown"
"TGGTTAGTCTGCAAGT","SRA526435","SRS1915196","Mus musculus","10x chromium","Cortex, hippocampus and subventricular zone","TGGTTAGTCTGCAAGT",1562,2761,27,0.00977906555595799,"Unknown"
"TGGTTCCAGCCACCTG","SRA526435","SRS1915196","Mus musculus","10x chromium","Cortex, hippocampus and subventricular zone","TGGTTCCAGCCACCTG",2863,5970,104,0.0174204355108878,"Unknown"
"TGGTTCCAGCCTTGAT","SRA526435","SRS1915196","Mus musculus","10x chromium","Cortex, hippocampus and subventricular zone","TGGTTCCAGCCTTGAT",784,1196,21,0.0175585284280936,"Unknown"
"TGGTTCCAGGAGTCTG","SRA526435","SRS1915196","Mus musculus","10x chromium","Cortex, hippocampus and subventricular zone","TGGTTCCAGGAGTCTG",1642,3674,2,0.000544365813826892,"Unknown"
"TGGTTCCAGGTGCTTT","SRA526435","SRS1915196","Mus musculus","10x chromium","Cortex, hippocampus and subventricular zone","TGGTTCCAGGTGCTTT",2249,5000,64,0.0128,"Unknown"
"TGGTTCCAGTGACATA","SRA526435","SRS1915196","Mus musculus","10x chromium","Cortex, hippocampus and subventricular zone","TGGTTCCAGTGACATA",1519,2580,53,0.0205426356589147,"Unknown"
"TGGTTCCCACCCATTC","SRA526435","SRS1915196","Mus musculus","10x chromium","Cortex, hippocampus and subventricular zone","TGGTTCCCACCCATTC",4216,13028,232,0.0178077985876574,"Unknown"
"TGGTTCCCACGTTGGC","SRA526435","SRS1915196","Mus musculus","10x chromium","Cortex, hippocampus and subventricular zone","TGGTTCCCACGTTGGC",4555,14601,210,0.0143825765358537,"Unknown"
"TGGTTCCCAGCCTGTG","SRA526435","SRS1915196","Mus musculus","10x chromium","Cortex, hippocampus and subventricular zone","TGGTTCCCAGCCTGTG",1316,1825,83,0.0454794520547945,"Unknown"
"TGGTTCCCAGCGAACA","SRA526435","SRS1915196","Mus musculus","10x chromium","Cortex, hippocampus and subventricular zone","TGGTTCCCAGCGAACA",1769,3434,54,0.0157251019219569,"Unknown"
"TGGTTCCCAGCTGTTA","SRA526435","SRS1915196","Mus musculus","10x chromium","Cortex, hippocampus and subventricular zone","TGGTTCCCAGCTGTTA",798,1070,39,0.0364485981308411,"Unknown"
"TGGTTCCCATGCCTAA","SRA526435","SRS1915196","Mus musculus","10x chromium","Cortex, hippocampus and subventricular zone","TGGTTCCCATGCCTAA",1441,2616,47,0.0179663608562691,"Unknown"
"TGGTTCCCATTTGCTT","SRA526435","SRS1915196","Mus musculus","10x chromium","Cortex, hippocampus and subventricular zone","TGGTTCCCATTTGCTT",1992,4238,29,0.00684285040113261,"Unknown"
"TGGTTCCGTAGATTAG","SRA526435","SRS1915196","Mus musculus","10x chromium","Cortex, hippocampus and subventricular zone","TGGTTCCGTAGATTAG",2342,5159,71,0.0137623570459391,"Unknown"
"TGGTTCCGTAGGGACT","SRA526435","SRS1915196","Mus musculus","10x chromium","Cortex, hippocampus and subventricular zone","TGGTTCCGTAGGGACT",2228,5081,40,0.00787246604999016,"Unknown"
"TGGTTCCGTAGGGTAC","SRA526435","SRS1915196","Mus musculus","10x chromium","Cortex, hippocampus and subventricular zone","TGGTTCCGTAGGGTAC",2026,3922,20,0.00509943906170321,"Unknown"
"TGGTTCCGTATAGGTA","SRA526435","SRS1915196","Mus musculus","10x chromium","Cortex, hippocampus and subventricular zone","TGGTTCCGTATAGGTA",2468,5435,43,0.00791168353265869,"Unknown"
"TGGTTCCGTCACTGGC","SRA526435","SRS1915196","Mus musculus","10x chromium","Cortex, hippocampus and subventricular zone","TGGTTCCGTCACTGGC",3322,8068,118,0.0146256817055032,"Unknown"
"TGGTTCCGTCGAATCT","SRA526435","SRS1915196","Mus musculus","10x chromium","Cortex, hippocampus and subventricular zone","TGGTTCCGTCGAATCT",2910,6308,88,0.0139505389980977,"Unknown"
"TGGTTCCGTGTCAATC","SRA526435","SRS1915196","Mus musculus","10x chromium","Cortex, hippocampus and subventricular zone","TGGTTCCGTGTCAATC",723,1045,49,0.0468899521531101,"Unknown"
"TGGTTCCGTGTGGCTC","SRA526435","SRS1915196","Mus musculus","10x chromium","Cortex, hippocampus and subventricular zone","TGGTTCCGTGTGGCTC",2542,5590,43,0.00769230769230769,"Unknown"
"TGGTTCCGTTAGGGTG","SRA526435","SRS1915196","Mus musculus","10x chromium","Cortex, hippocampus and subventricular zone","TGGTTCCGTTAGGGTG",1017,1452,47,0.0323691460055096,"Unknown"
"TGGTTCCGTTCCACGG","SRA526435","SRS1915196","Mus musculus","10x chromium","Cortex, hippocampus and subventricular zone","TGGTTCCGTTCCACGG",2548,5697,41,0.00719677022994559,"Unknown"
"TGGTTCCTCACCTTAT","SRA526435","SRS1915196","Mus musculus","10x chromium","Cortex, hippocampus and subventricular zone","TGGTTCCTCACCTTAT",1319,2057,43,0.0209042294603792,"Unknown"
"TGGTTCCTCACTATTC","SRA526435","SRS1915196","Mus musculus","10x chromium","Cortex, hippocampus and subventricular zone","TGGTTCCTCACTATTC",2067,3937,65,0.016510033020066,"Unknown"
"TGGTTCCTCCTGCCAT","SRA526435","SRS1915196","Mus musculus","10x chromium","Cortex, hippocampus and subventricular zone","TGGTTCCTCCTGCCAT",2235,4386,54,0.012311901504788,"Pericytes"
"TGGTTCCTCGACCAGC","SRA526435","SRS1915196","Mus musculus","10x chromium","Cortex, hippocampus and subventricular zone","TGGTTCCTCGACCAGC",1379,2411,55,0.0228121111571962,"Oligodendrocyte progenitor cells"
"TGGTTCCTCGACGGAA","SRA526435","SRS1915196","Mus musculus","10x chromium","Cortex, hippocampus and subventricular zone","TGGTTCCTCGACGGAA",1580,2826,81,0.0286624203821656,"Unknown"
"TGGTTCCTCTTGCAAG","SRA526435","SRS1915196","Mus musculus","10x chromium","Cortex, hippocampus and subventricular zone","TGGTTCCTCTTGCAAG",2494,4880,89,0.0182377049180328,"Cajal-Retzius cells"
"TGTATTCAGACTGGGT","SRA526435","SRS1915196","Mus musculus","10x chromium","Cortex, hippocampus and subventricular zone","TGTATTCAGACTGGGT",1744,3429,30,0.00874890638670166,"Unknown"
"TGTATTCAGTCAATAG","SRA526435","SRS1915196","Mus musculus","10x chromium","Cortex, hippocampus and subventricular zone","TGTATTCAGTCAATAG",1547,2843,30,0.0105522335561027,"Unknown"
"TGTATTCAGTCCCACG","SRA526435","SRS1915196","Mus musculus","10x chromium","Cortex, hippocampus and subventricular zone","TGTATTCAGTCCCACG",137,3077,6,0.00194995125121872,"Erythroid-like and erythroid precursor cells"
"TGTATTCAGTGGACGT","SRA526435","SRS1915196","Mus musculus","10x chromium","Cortex, hippocampus and subventricular zone","TGTATTCAGTGGACGT",1972,3792,33,0.00870253164556962,"Unknown"
"TGTATTCCAGTGGAGT","SRA526435","SRS1915196","Mus musculus","10x chromium","Cortex, hippocampus and subventricular zone","TGTATTCCAGTGGAGT",2911,8154,75,0.00919793966151582,"Unknown"
"TGTATTCCATATGAGA","SRA526435","SRS1915196","Mus musculus","10x chromium","Cortex, hippocampus and subventricular zone","TGTATTCCATATGAGA",2027,4864,52,0.0106907894736842,"Unknown"
"TGTATTCGTAGAAAGG","SRA526435","SRS1915196","Mus musculus","10x chromium","Cortex, hippocampus and subventricular zone","TGTATTCGTAGAAAGG",2146,4645,48,0.0103336921420883,"Unknown"
"TGTATTCGTCACCTAA","SRA526435","SRS1915196","Mus musculus","10x chromium","Cortex, hippocampus and subventricular zone","TGTATTCGTCACCTAA",2071,4053,45,0.0111028867505551,"Unknown"
"TGTATTCGTCCGTTAA","SRA526435","SRS1915196","Mus musculus","10x chromium","Cortex, hippocampus and subventricular zone","TGTATTCGTCCGTTAA",1398,2563,74,0.0288724151385096,"Unknown"
"TGTATTCGTCTAGAGG","SRA526435","SRS1915196","Mus musculus","10x chromium","Cortex, hippocampus and subventricular zone","TGTATTCGTCTAGAGG",3229,9038,89,0.00984731135206904,"Unknown"
"TGTATTCGTCTTGATG","SRA526435","SRS1915196","Mus musculus","10x chromium","Cortex, hippocampus and subventricular zone","TGTATTCGTCTTGATG",2554,5832,91,0.0156035665294925,"Unknown"
"TGTATTCGTGCAGTAG","SRA526435","SRS1915196","Mus musculus","10x chromium","Cortex, hippocampus and subventricular zone","TGTATTCGTGCAGTAG",2675,5081,19,0.00373942137374533,"Unknown"
"TGTATTCGTGTCTGAT","SRA526435","SRS1915196","Mus musculus","10x chromium","Cortex, hippocampus and subventricular zone","TGTATTCGTGTCTGAT",2369,5213,36,0.00690581239209668,"Unknown"
"TGTATTCTCCAGAGGA","SRA526435","SRS1915196","Mus musculus","10x chromium","Cortex, hippocampus and subventricular zone","TGTATTCTCCAGAGGA",3165,8600,115,0.0133720930232558,"Unknown"
"TGTATTCTCCTATGTT","SRA526435","SRS1915196","Mus musculus","10x chromium","Cortex, hippocampus and subventricular zone","TGTATTCTCCTATGTT",345,11823,16,0.00135329442611858,"Erythroid-like and erythroid precursor cells"
"TGTATTCTCGAACTGT","SRA526435","SRS1915196","Mus musculus","10x chromium","Cortex, hippocampus and subventricular zone","TGTATTCTCGAACTGT",70,2648,4,0.00151057401812689,"Erythroid-like and erythroid precursor cells"
"TGTATTCTCGGTCTAA","SRA526435","SRS1915196","Mus musculus","10x chromium","Cortex, hippocampus and subventricular zone","TGTATTCTCGGTCTAA",987,1630,53,0.0325153374233129,"Unknown"
"TGTATTCTCTGATTCT","SRA526435","SRS1915196","Mus musculus","10x chromium","Cortex, hippocampus and subventricular zone","TGTATTCTCTGATTCT",1030,1805,34,0.0188365650969529,"Unknown"
"TGTCCCAAGATGTGGC","SRA526435","SRS1915196","Mus musculus","10x chromium","Cortex, hippocampus and subventricular zone","TGTCCCAAGATGTGGC",1677,2994,58,0.01937207748831,"Unknown"
"TGTCCCAAGCTAGGCA","SRA526435","SRS1915196","Mus musculus","10x chromium","Cortex, hippocampus and subventricular zone","TGTCCCAAGCTAGGCA",1611,3293,64,0.0194351655025812,"Unknown"
"TGTCCCAAGGACATTA","SRA526435","SRS1915196","Mus musculus","10x chromium","Cortex, hippocampus and subventricular zone","TGTCCCAAGGACATTA",1848,3507,66,0.018819503849444,"Unknown"
"TGTCCCAAGGACTGGT","SRA526435","SRS1915196","Mus musculus","10x chromium","Cortex, hippocampus and subventricular zone","TGTCCCAAGGACTGGT",801,1133,33,0.029126213592233,"Unknown"
"TGTCCCAAGTTAACGA","SRA526435","SRS1915196","Mus musculus","10x chromium","Cortex, hippocampus and subventricular zone","TGTCCCAAGTTAACGA",2200,4902,64,0.0130558955528356,"Unknown"
"TGTCCCACAAGAAGAG","SRA526435","SRS1915196","Mus musculus","10x chromium","Cortex, hippocampus and subventricular zone","TGTCCCACAAGAAGAG",2341,5187,70,0.0134952766531714,"Unknown"
"TGTCCCACAGCTGCAC","SRA526435","SRS1915196","Mus musculus","10x chromium","Cortex, hippocampus and subventricular zone","TGTCCCACAGCTGCAC",1575,2852,29,0.0101683029453015,"Unknown"
"TGTCCCACAGCTGGCT","SRA526435","SRS1915196","Mus musculus","10x chromium","Cortex, hippocampus and subventricular zone","TGTCCCACAGCTGGCT",1381,2403,35,0.0145651269246775,"Unknown"
"TGTCCCACATACTACG","SRA526435","SRS1915196","Mus musculus","10x chromium","Cortex, hippocampus and subventricular zone","TGTCCCACATACTACG",2634,5390,132,0.0244897959183673,"Unknown"
"TGTCCCACATAGTAAG","SRA526435","SRS1915196","Mus musculus","10x chromium","Cortex, hippocampus and subventricular zone","TGTCCCACATAGTAAG",2468,5976,45,0.00753012048192771,"Unknown"
"TGTCCCACATCCGGGT","SRA526435","SRS1915196","Mus musculus","10x chromium","Cortex, hippocampus and subventricular zone","TGTCCCACATCCGGGT",1484,2906,45,0.0154852030282175,"Unknown"
"TGTCCCACATGTAGTC","SRA526435","SRS1915196","Mus musculus","10x chromium","Cortex, hippocampus and subventricular zone","TGTCCCACATGTAGTC",2857,6913,105,0.0151887747721684,"Unknown"
"TGTCCCACATTGGTAC","SRA526435","SRS1915196","Mus musculus","10x chromium","Cortex, hippocampus and subventricular zone","TGTCCCACATTGGTAC",1123,9085,24,0.00264171711612548,"Erythroid-like and erythroid precursor cells"
"TGTCCCAGTACTTAGC","SRA526435","SRS1915196","Mus musculus","10x chromium","Cortex, hippocampus and subventricular zone","TGTCCCAGTACTTAGC",1635,3155,60,0.0190174326465927,"Unknown"
"TGTCCCAGTCAACTGT","SRA526435","SRS1915196","Mus musculus","10x chromium","Cortex, hippocampus and subventricular zone","TGTCCCAGTCAACTGT",2201,4475,59,0.0131843575418994,"Unknown"
"TGTCCCAGTGAAGGCT","SRA526435","SRS1915196","Mus musculus","10x chromium","Cortex, hippocampus and subventricular zone","TGTCCCAGTGAAGGCT",1015,1693,116,0.0685174246898996,"Unknown"
"TGTCCCAGTGCACGAA","SRA526435","SRS1915196","Mus musculus","10x chromium","Cortex, hippocampus and subventricular zone","TGTCCCAGTGCACGAA",3267,8846,35,0.00395659054940086,"Unknown"
"TGTCCCATCAACACCA","SRA526435","SRS1915196","Mus musculus","10x chromium","Cortex, hippocampus and subventricular zone","TGTCCCATCAACACCA",1727,3260,107,0.0328220858895706,"Unknown"
"TGTCCCATCATGTCTT","SRA526435","SRS1915196","Mus musculus","10x chromium","Cortex, hippocampus and subventricular zone","TGTCCCATCATGTCTT",3583,9841,72,0.00731632964129662,"Unknown"
"TGTCCCATCCAGATCA","SRA526435","SRS1915196","Mus musculus","10x chromium","Cortex, hippocampus and subventricular zone","TGTCCCATCCAGATCA",1555,2943,31,0.0105334692490656,"Unknown"
"TGTCCCATCCGTACAA","SRA526435","SRS1915196","Mus musculus","10x chromium","Cortex, hippocampus and subventricular zone","TGTCCCATCCGTACAA",3885,12100,105,0.00867768595041322,"Unknown"
"TGTCCCATCCTTAATC","SRA526435","SRS1915196","Mus musculus","10x chromium","Cortex, hippocampus and subventricular zone","TGTCCCATCCTTAATC",2437,5301,59,0.0111299754763252,"Unknown"
"TGTCCCATCGTTGCCT","SRA526435","SRS1915196","Mus musculus","10x chromium","Cortex, hippocampus and subventricular zone","TGTCCCATCGTTGCCT",1226,2063,69,0.0334464372273388,"Unknown"
"TGTCCCATCTACTCAT","SRA526435","SRS1915196","Mus musculus","10x chromium","Cortex, hippocampus and subventricular zone","TGTCCCATCTACTCAT",720,1170,3,0.00256410256410256,"Unknown"
"TGTCCCATCTGCGGCA","SRA526435","SRS1915196","Mus musculus","10x chromium","Cortex, hippocampus and subventricular zone","TGTCCCATCTGCGGCA",3940,12373,184,0.0148710902772165,"Unknown"
"TGTCCCATCTGCTTGC","SRA526435","SRS1915196","Mus musculus","10x chromium","Cortex, hippocampus and subventricular zone","TGTCCCATCTGCTTGC",2703,6696,58,0.00866188769414576,"Unknown"
"TGTGGTAAGCTAACAA","SRA526435","SRS1915196","Mus musculus","10x chromium","Cortex, hippocampus and subventricular zone","TGTGGTAAGCTAACAA",2584,5755,41,0.00712423979148566,"Unknown"
"TGTGGTAAGCTCCTCT","SRA526435","SRS1915196","Mus musculus","10x chromium","Cortex, hippocampus and subventricular zone","TGTGGTAAGCTCCTCT",2051,3847,50,0.0129971406290616,"Unknown"
"TGTGGTAAGGGATCTG","SRA526435","SRS1915196","Mus musculus","10x chromium","Cortex, hippocampus and subventricular zone","TGTGGTAAGGGATCTG",2247,4965,88,0.0177240684793555,"Unknown"
"TGTGGTAAGTATGACA","SRA526435","SRS1915196","Mus musculus","10x chromium","Cortex, hippocampus and subventricular zone","TGTGGTAAGTATGACA",719,1046,67,0.0640535372848948,"Unknown"
"TGTGGTAAGTATTGGA","SRA526435","SRS1915196","Mus musculus","10x chromium","Cortex, hippocampus and subventricular zone","TGTGGTAAGTATTGGA",1971,3825,41,0.010718954248366,"Unknown"
"TGTGGTACAATTGCTG","SRA526435","SRS1915196","Mus musculus","10x chromium","Cortex, hippocampus and subventricular zone","TGTGGTACAATTGCTG",2048,4447,40,0.008994827973915,"Unknown"
"TGTGGTACACACCGCA","SRA526435","SRS1915196","Mus musculus","10x chromium","Cortex, hippocampus and subventricular zone","TGTGGTACACACCGCA",1964,3476,33,0.00949367088607595,"Unknown"
"TGTGGTACATAACCTG","SRA526435","SRS1915196","Mus musculus","10x chromium","Cortex, hippocampus and subventricular zone","TGTGGTACATAACCTG",1799,3699,45,0.0121654501216545,"Unknown"
"TGTGGTAGTCCGTCAG","SRA526435","SRS1915196","Mus musculus","10x chromium","Cortex, hippocampus and subventricular zone","TGTGGTAGTCCGTCAG",3245,7855,39,0.00496499045194144,"Unknown"
"TGTGGTAGTGAAATCA","SRA526435","SRS1915196","Mus musculus","10x chromium","Cortex, hippocampus and subventricular zone","TGTGGTAGTGAAATCA",3273,8500,195,0.0229411764705882,"Unknown"
"TGTGGTAGTTCCATGA","SRA526435","SRS1915196","Mus musculus","10x chromium","Cortex, hippocampus and subventricular zone","TGTGGTAGTTCCATGA",1573,2824,71,0.0251416430594901,"Unknown"
"TGTGGTAGTTCCGGCA","SRA526435","SRS1915196","Mus musculus","10x chromium","Cortex, hippocampus and subventricular zone","TGTGGTAGTTCCGGCA",3124,7659,68,0.00887844366105236,"Unknown"
"TGTGGTATCCAGAAGG","SRA526435","SRS1915196","Mus musculus","10x chromium","Cortex, hippocampus and subventricular zone","TGTGGTATCCAGAAGG",1885,3699,41,0.0110840767775074,"Oligodendrocyte progenitor cells"
"TGTGGTATCCATGAGT","SRA526435","SRS1915196","Mus musculus","10x chromium","Cortex, hippocampus and subventricular zone","TGTGGTATCCATGAGT",1964,3845,66,0.0171651495448635,"Unknown"
"TGTGTTTAGACCTTTG","SRA526435","SRS1915196","Mus musculus","10x chromium","Cortex, hippocampus and subventricular zone","TGTGTTTAGACCTTTG",1133,1585,8,0.00504731861198738,"Unknown"
"TGTGTTTAGCAGGCTA","SRA526435","SRS1915196","Mus musculus","10x chromium","Cortex, hippocampus and subventricular zone","TGTGTTTAGCAGGCTA",2318,5404,63,0.0116580310880829,"Unknown"
"TGTGTTTAGGAGTAGA","SRA526435","SRS1915196","Mus musculus","10x chromium","Cortex, hippocampus and subventricular zone","TGTGTTTAGGAGTAGA",2391,4609,29,0.0062920373182903,"Unknown"
"TGTGTTTAGTAATCCC","SRA526435","SRS1915196","Mus musculus","10x chromium","Cortex, hippocampus and subventricular zone","TGTGTTTAGTAATCCC",2467,5123,51,0.00995510443099746,"Unknown"
"TGTGTTTCAACTGGCC","SRA526435","SRS1915196","Mus musculus","10x chromium","Cortex, hippocampus and subventricular zone","TGTGTTTCAACTGGCC",2629,6217,67,0.0107769020427859,"Unknown"
"TGTGTTTCACCCATTC","SRA526435","SRS1915196","Mus musculus","10x chromium","Cortex, hippocampus and subventricular zone","TGTGTTTCACCCATTC",2708,6082,48,0.00789214074317659,"Unknown"
"TGTGTTTCAGACACTT","SRA526435","SRS1915196","Mus musculus","10x chromium","Cortex, hippocampus and subventricular zone","TGTGTTTCAGACACTT",2429,4939,62,0.0125531484106094,"Unknown"
"TGTGTTTCAGACGCCT","SRA526435","SRS1915196","Mus musculus","10x chromium","Cortex, hippocampus and subventricular zone","TGTGTTTCAGACGCCT",1624,2969,26,0.00875715729201751,"Unknown"
"TGTGTTTCAGATGGCA","SRA526435","SRS1915196","Mus musculus","10x chromium","Cortex, hippocampus and subventricular zone","TGTGTTTCAGATGGCA",1599,3494,23,0.00658271322266743,"Unknown"
"TGTGTTTCATACAGCT","SRA526435","SRS1915196","Mus musculus","10x chromium","Cortex, hippocampus and subventricular zone","TGTGTTTCATACAGCT",2183,4875,49,0.0100512820512821,"Unknown"
"TGTGTTTCATTGGTAC","SRA526435","SRS1915196","Mus musculus","10x chromium","Cortex, hippocampus and subventricular zone","TGTGTTTCATTGGTAC",1811,4003,166,0.0414688983262553,"Unknown"
"TGTGTTTGTACGACCC","SRA526435","SRS1915196","Mus musculus","10x chromium","Cortex, hippocampus and subventricular zone","TGTGTTTGTACGACCC",798,1310,1,0.000763358778625954,"Unknown"
"TGTGTTTGTAGCTTGT","SRA526435","SRS1915196","Mus musculus","10x chromium","Cortex, hippocampus and subventricular zone","TGTGTTTGTAGCTTGT",1926,3997,45,0.0112584438328747,"Unknown"
"TGTGTTTGTGTGTGCC","SRA526435","SRS1915196","Mus musculus","10x chromium","Cortex, hippocampus and subventricular zone","TGTGTTTGTGTGTGCC",822,1010,33,0.0326732673267327,"Unknown"
"TGTGTTTGTTACGCGC","SRA526435","SRS1915196","Mus musculus","10x chromium","Cortex, hippocampus and subventricular zone","TGTGTTTGTTACGCGC",2184,4676,62,0.0132591958939264,"Unknown"
"TGTGTTTTCATGGTCA","SRA526435","SRS1915196","Mus musculus","10x chromium","Cortex, hippocampus and subventricular zone","TGTGTTTTCATGGTCA",1725,3280,13,0.00396341463414634,"Unknown"
"TGTTCCGAGAATAGGG","SRA526435","SRS1915196","Mus musculus","10x chromium","Cortex, hippocampus and subventricular zone","TGTTCCGAGAATAGGG",1956,3753,51,0.0135891286970424,"Unknown"
"TGTTCCGAGGACGAAA","SRA526435","SRS1915196","Mus musculus","10x chromium","Cortex, hippocampus and subventricular zone","TGTTCCGAGGACGAAA",2243,4450,26,0.00584269662921348,"Unknown"
"TGTTCCGCAAGCTGGA","SRA526435","SRS1915196","Mus musculus","10x chromium","Cortex, hippocampus and subventricular zone","TGTTCCGCAAGCTGGA",3021,6965,79,0.0113424264178033,"Unknown"
"TGTTCCGCACATCCGG","SRA526435","SRS1915196","Mus musculus","10x chromium","Cortex, hippocampus and subventricular zone","TGTTCCGCACATCCGG",1603,3301,53,0.016055740684641,"Unknown"
"TGTTCCGCACGTCTCT","SRA526435","SRS1915196","Mus musculus","10x chromium","Cortex, hippocampus and subventricular zone","TGTTCCGCACGTCTCT",2097,4356,53,0.0121671258034894,"Unknown"
"TGTTCCGCAGCTGTTA","SRA526435","SRS1915196","Mus musculus","10x chromium","Cortex, hippocampus and subventricular zone","TGTTCCGCAGCTGTTA",2734,6278,58,0.00923861102261867,"Unknown"
"TGTTCCGCAGGGTATG","SRA526435","SRS1915196","Mus musculus","10x chromium","Cortex, hippocampus and subventricular zone","TGTTCCGCAGGGTATG",1883,3540,40,0.0112994350282486,"Unknown"
"TGTTCCGCAGTACACT","SRA526435","SRS1915196","Mus musculus","10x chromium","Cortex, hippocampus and subventricular zone","TGTTCCGCAGTACACT",2649,6018,124,0.0206048521103357,"Unknown"
"TGTTCCGCATCACGTA","SRA526435","SRS1915196","Mus musculus","10x chromium","Cortex, hippocampus and subventricular zone","TGTTCCGCATCACGTA",1561,2537,36,0.0141899881750099,"Unknown"
"TGTTCCGCATTTGCCC","SRA526435","SRS1915196","Mus musculus","10x chromium","Cortex, hippocampus and subventricular zone","TGTTCCGCATTTGCCC",2477,5355,43,0.00802987861811391,"Unknown"
"TGTTCCGGTAACGTTC","SRA526435","SRS1915196","Mus musculus","10x chromium","Cortex, hippocampus and subventricular zone","TGTTCCGGTAACGTTC",2950,6887,92,0.0133585015246116,"Unknown"
"TGTTCCGGTACACCGC","SRA526435","SRS1915196","Mus musculus","10x chromium","Cortex, hippocampus and subventricular zone","TGTTCCGGTACACCGC",1878,3356,71,0.0211561382598331,"Unknown"
"TGTTCCGGTATATCCG","SRA526435","SRS1915196","Mus musculus","10x chromium","Cortex, hippocampus and subventricular zone","TGTTCCGGTATATCCG",212,6219,2,0.000321595111754301,"Erythroid-like and erythroid precursor cells"
"TGTTCCGGTGCTTCTC","SRA526435","SRS1915196","Mus musculus","10x chromium","Cortex, hippocampus and subventricular zone","TGTTCCGGTGCTTCTC",1325,2191,20,0.00912825193975354,"Unknown"
"TGTTCCGGTTATGCGT","SRA526435","SRS1915196","Mus musculus","10x chromium","Cortex, hippocampus and subventricular zone","TGTTCCGGTTATGCGT",2940,6864,107,0.0155885780885781,"Unknown"
"TGTTCCGTCAACACGT","SRA526435","SRS1915196","Mus musculus","10x chromium","Cortex, hippocampus and subventricular zone","TGTTCCGTCAACACGT",2952,7251,77,0.0106192249344918,"Unknown"
"TGTTCCGTCACGACTA","SRA526435","SRS1915196","Mus musculus","10x chromium","Cortex, hippocampus and subventricular zone","TGTTCCGTCACGACTA",1784,3220,20,0.0062111801242236,"Unknown"
"TGTTCCGTCATCGATG","SRA526435","SRS1915196","Mus musculus","10x chromium","Cortex, hippocampus and subventricular zone","TGTTCCGTCATCGATG",1688,2866,48,0.0167480809490579,"Unknown"
"TGTTCCGTCCAAACAC","SRA526435","SRS1915196","Mus musculus","10x chromium","Cortex, hippocampus and subventricular zone","TGTTCCGTCCAAACAC",1231,2167,33,0.0152284263959391,"Unknown"
"TGTTCCGTCCGTAGGC","SRA526435","SRS1915196","Mus musculus","10x chromium","Cortex, hippocampus and subventricular zone","TGTTCCGTCCGTAGGC",2903,6832,68,0.00995316159250586,"Unknown"
"TGTTCCGTCGCCGTGA","SRA526435","SRS1915196","Mus musculus","10x chromium","Cortex, hippocampus and subventricular zone","TGTTCCGTCGCCGTGA",2073,4006,64,0.0159760359460809,"Unknown"
"TGTTCCGTCGGAGCAA","SRA526435","SRS1915196","Mus musculus","10x chromium","Cortex, hippocampus and subventricular zone","TGTTCCGTCGGAGCAA",2447,5570,94,0.0168761220825853,"Unknown"
"TGTTCCGTCGTTGACA","SRA526435","SRS1915196","Mus musculus","10x chromium","Cortex, hippocampus and subventricular zone","TGTTCCGTCGTTGACA",2288,4812,79,0.0164172901080632,"Unknown"
"TGTTCCGTCTCCTATA","SRA526435","SRS1915196","Mus musculus","10x chromium","Cortex, hippocampus and subventricular zone","TGTTCCGTCTCCTATA",2030,4332,57,0.0131578947368421,"Unknown"
"TGTTCCGTCTGTCTCG","SRA526435","SRS1915196","Mus musculus","10x chromium","Cortex, hippocampus and subventricular zone","TGTTCCGTCTGTCTCG",1437,2249,7,0.00311249444197421,"Unknown"
"TGTTCCGTCTTCTGGC","SRA526435","SRS1915196","Mus musculus","10x chromium","Cortex, hippocampus and subventricular zone","TGTTCCGTCTTCTGGC",1003,1593,43,0.026993094789705,"Unknown"
"TTAACTCAGAAACGAG","SRA526435","SRS1915196","Mus musculus","10x chromium","Cortex, hippocampus and subventricular zone","TTAACTCAGAAACGAG",2401,5100,54,0.0105882352941176,"Unknown"
"TTAACTCAGAAGCCCA","SRA526435","SRS1915196","Mus musculus","10x chromium","Cortex, hippocampus and subventricular zone","TTAACTCAGAAGCCCA",2327,4999,50,0.01000200040008,"Unknown"
"TTAACTCAGACTAGGC","SRA526435","SRS1915196","Mus musculus","10x chromium","Cortex, hippocampus and subventricular zone","TTAACTCAGACTAGGC",2063,3898,51,0.013083632632119,"Unknown"
"TTAACTCAGAGTAATC","SRA526435","SRS1915196","Mus musculus","10x chromium","Cortex, hippocampus and subventricular zone","TTAACTCAGAGTAATC",1033,1665,81,0.0486486486486487,"Unknown"
"TTAACTCAGATCTGAA","SRA526435","SRS1915196","Mus musculus","10x chromium","Cortex, hippocampus and subventricular zone","TTAACTCAGATCTGAA",1296,1916,28,0.0146137787056367,"Unknown"
"TTAACTCAGCCAGTTT","SRA526435","SRS1915196","Mus musculus","10x chromium","Cortex, hippocampus and subventricular zone","TTAACTCAGCCAGTTT",1932,3562,50,0.0140370578326783,"Unknown"
"TTAACTCAGTGTTTGC","SRA526435","SRS1915196","Mus musculus","10x chromium","Cortex, hippocampus and subventricular zone","TTAACTCAGTGTTTGC",2298,4823,75,0.0155504872486005,"Unknown"
"TTAACTCAGTTAAGTG","SRA526435","SRS1915196","Mus musculus","10x chromium","Cortex, hippocampus and subventricular zone","TTAACTCAGTTAAGTG",1667,3007,50,0.016627868307283,"Unknown"
"TTAACTCCAAGGTTCT","SRA526435","SRS1915196","Mus musculus","10x chromium","Cortex, hippocampus and subventricular zone","TTAACTCCAAGGTTCT",2889,7068,86,0.0121675155631013,"Unknown"
"TTAACTCCAATCGAAA","SRA526435","SRS1915196","Mus musculus","10x chromium","Cortex, hippocampus and subventricular zone","TTAACTCCAATCGAAA",2624,6265,61,0.0097366320830008,"Unknown"
"TTAACTCCACAACGCC","SRA526435","SRS1915196","Mus musculus","10x chromium","Cortex, hippocampus and subventricular zone","TTAACTCCACAACGCC",3213,8456,121,0.0143093661305582,"Unknown"
"TTAACTCCACAGCGTC","SRA526435","SRS1915196","Mus musculus","10x chromium","Cortex, hippocampus and subventricular zone","TTAACTCCACAGCGTC",1179,1821,17,0.00933552992861065,"Unknown"
"TTAACTCCACGGTTTA","SRA526435","SRS1915196","Mus musculus","10x chromium","Cortex, hippocampus and subventricular zone","TTAACTCCACGGTTTA",1653,2825,44,0.0155752212389381,"Unknown"
"TTAACTCCACGTAAGG","SRA526435","SRS1915196","Mus musculus","10x chromium","Cortex, hippocampus and subventricular zone","TTAACTCCACGTAAGG",1481,2775,38,0.0136936936936937,"Unknown"
"TTAACTCCAGAGCCAA","SRA526435","SRS1915196","Mus musculus","10x chromium","Cortex, hippocampus and subventricular zone","TTAACTCCAGAGCCAA",1797,3317,43,0.0129635212541453,"Unknown"
"TTAACTCCAGTAGAGC","SRA526435","SRS1915196","Mus musculus","10x chromium","Cortex, hippocampus and subventricular zone","TTAACTCCAGTAGAGC",2057,6124,197,0.0321685173089484,"Microglia"
"TTAACTCCATCTGGTA","SRA526435","SRS1915196","Mus musculus","10x chromium","Cortex, hippocampus and subventricular zone","TTAACTCCATCTGGTA",1520,2320,9,0.00387931034482759,"Unknown"
"TTAACTCCATTACCTT","SRA526435","SRS1915196","Mus musculus","10x chromium","Cortex, hippocampus and subventricular zone","TTAACTCCATTACCTT",945,1398,35,0.025035765379113,"Unknown"
"TTAACTCGTAATTGGA","SRA526435","SRS1915196","Mus musculus","10x chromium","Cortex, hippocampus and subventricular zone","TTAACTCGTAATTGGA",1947,3649,48,0.0131542888462592,"Unknown"
"TTAACTCGTATGAAAC","SRA526435","SRS1915196","Mus musculus","10x chromium","Cortex, hippocampus and subventricular zone","TTAACTCGTATGAAAC",2990,6976,83,0.0118979357798165,"Unknown"
"TTAACTCGTGCAACGA","SRA526435","SRS1915196","Mus musculus","10x chromium","Cortex, hippocampus and subventricular zone","TTAACTCGTGCAACGA",1065,1576,20,0.0126903553299492,"Unknown"
"TTAACTCGTTACAGAA","SRA526435","SRS1915196","Mus musculus","10x chromium","Cortex, hippocampus and subventricular zone","TTAACTCGTTACAGAA",2640,6267,60,0.00957395883197702,"Unknown"
"TTAACTCGTTGCGCAC","SRA526435","SRS1915196","Mus musculus","10x chromium","Cortex, hippocampus and subventricular zone","TTAACTCGTTGCGCAC",2201,4400,42,0.00954545454545455,"Unknown"
"TTAACTCTCCGCTGTT","SRA526435","SRS1915196","Mus musculus","10x chromium","Cortex, hippocampus and subventricular zone","TTAACTCTCCGCTGTT",2269,4707,110,0.023369449755683,"Unknown"
"TTAACTCTCGCATGAT","SRA526435","SRS1915196","Mus musculus","10x chromium","Cortex, hippocampus and subventricular zone","TTAACTCTCGCATGAT",1922,3754,66,0.0175812466702184,"Unknown"
"TTAACTCTCTCGTATT","SRA526435","SRS1915196","Mus musculus","10x chromium","Cortex, hippocampus and subventricular zone","TTAACTCTCTCGTATT",2350,5152,44,0.00854037267080745,"Unknown"
"TTAACTCTCTCTGAGA","SRA526435","SRS1915196","Mus musculus","10x chromium","Cortex, hippocampus and subventricular zone","TTAACTCTCTCTGAGA",1035,1653,69,0.0417422867513612,"Unknown"
"TTAACTCTCTCTTATG","SRA526435","SRS1915196","Mus musculus","10x chromium","Cortex, hippocampus and subventricular zone","TTAACTCTCTCTTATG",1809,3864,37,0.00957556935817805,"Unknown"
"TTAACTCTCTCTTGAT","SRA526435","SRS1915196","Mus musculus","10x chromium","Cortex, hippocampus and subventricular zone","TTAACTCTCTCTTGAT",1544,2683,52,0.0193812896011927,"Unknown"
"TTAACTCTCTTCAACT","SRA526435","SRS1915196","Mus musculus","10x chromium","Cortex, hippocampus and subventricular zone","TTAACTCTCTTCAACT",4254,10101,88,0.00871200871200871,"Unknown"
"TTAACTCTCTTGACGA","SRA526435","SRS1915196","Mus musculus","10x chromium","Cortex, hippocampus and subventricular zone","TTAACTCTCTTGACGA",1932,3967,65,0.0163851777161583,"Unknown"
"TTAGGACAGATGGGTC","SRA526435","SRS1915196","Mus musculus","10x chromium","Cortex, hippocampus and subventricular zone","TTAGGACAGATGGGTC",875,1462,36,0.0246238030095759,"Unknown"
"TTAGGACAGTACTTGC","SRA526435","SRS1915196","Mus musculus","10x chromium","Cortex, hippocampus and subventricular zone","TTAGGACAGTACTTGC",1630,2754,10,0.00363108206245461,"Unknown"
"TTAGGACAGTGATCGG","SRA526435","SRS1915196","Mus musculus","10x chromium","Cortex, hippocampus and subventricular zone","TTAGGACAGTGATCGG",3046,7855,64,0.00814767663908339,"Unknown"
"TTAGGACAGTGTTGAA","SRA526435","SRS1915196","Mus musculus","10x chromium","Cortex, hippocampus and subventricular zone","TTAGGACAGTGTTGAA",1557,2899,45,0.0155225939979303,"Unknown"
"TTAGGACCACCGTTGG","SRA526435","SRS1915196","Mus musculus","10x chromium","Cortex, hippocampus and subventricular zone","TTAGGACCACCGTTGG",1987,3977,50,0.0125722906713603,"Unknown"
"TTAGGACCATTGCGGC","SRA526435","SRS1915196","Mus musculus","10x chromium","Cortex, hippocampus and subventricular zone","TTAGGACCATTGCGGC",1270,2333,40,0.0171453064723532,"Unknown"
"TTAGGACCATTTCAGG","SRA526435","SRS1915196","Mus musculus","10x chromium","Cortex, hippocampus and subventricular zone","TTAGGACCATTTCAGG",1992,3930,59,0.0150127226463104,"Unknown"
"TTAGGACGTACGCTGC","SRA526435","SRS1915196","Mus musculus","10x chromium","Cortex, hippocampus and subventricular zone","TTAGGACGTACGCTGC",1334,2362,111,0.0469940728196444,"Unknown"
"TTAGGACGTATCTGCA","SRA526435","SRS1915196","Mus musculus","10x chromium","Cortex, hippocampus and subventricular zone","TTAGGACGTATCTGCA",5554,20319,439,0.0216053939662385,"Endothelial cells"
"TTAGGACGTCAGCTAT","SRA526435","SRS1915196","Mus musculus","10x chromium","Cortex, hippocampus and subventricular zone","TTAGGACGTCAGCTAT",3882,11454,144,0.0125720272393924,"Unknown"
"TTAGGACGTCCAGTTA","SRA526435","SRS1915196","Mus musculus","10x chromium","Cortex, hippocampus and subventricular zone","TTAGGACGTCCAGTTA",2214,4719,62,0.0131383767747404,"Unknown"
"TTAGGACGTGAGGGAG","SRA526435","SRS1915196","Mus musculus","10x chromium","Cortex, hippocampus and subventricular zone","TTAGGACGTGAGGGAG",1277,2143,35,0.0163322445170322,"Unknown"
"TTAGGACGTGCGCTTG","SRA526435","SRS1915196","Mus musculus","10x chromium","Cortex, hippocampus and subventricular zone","TTAGGACGTGCGCTTG",2263,4658,52,0.0111635895234006,"Unknown"
"TTAGGACGTGTTCGAT","SRA526435","SRS1915196","Mus musculus","10x chromium","Cortex, hippocampus and subventricular zone","TTAGGACGTGTTCGAT",1536,2790,37,0.0132616487455197,"Unknown"
"TTAGGACTCAGTTCGA","SRA526435","SRS1915196","Mus musculus","10x chromium","Cortex, hippocampus and subventricular zone","TTAGGACTCAGTTCGA",1748,3394,59,0.0173836181496759,"Unknown"
"TTAGGACTCATAAAGG","SRA526435","SRS1915196","Mus musculus","10x chromium","Cortex, hippocampus and subventricular zone","TTAGGACTCATAAAGG",2561,5773,36,0.00623592586177031,"Unknown"
"TTAGGACTCGAGCCCA","SRA526435","SRS1915196","Mus musculus","10x chromium","Cortex, hippocampus and subventricular zone","TTAGGACTCGAGCCCA",1749,3133,62,0.019789339291414,"Unknown"
"TTAGGACTCTTGTCAT","SRA526435","SRS1915196","Mus musculus","10x chromium","Cortex, hippocampus and subventricular zone","TTAGGACTCTTGTCAT",1810,3725,37,0.00993288590604027,"Unknown"
"TTAGGCAAGAGACTTA","SRA526435","SRS1915196","Mus musculus","10x chromium","Cortex, hippocampus and subventricular zone","TTAGGCAAGAGACTTA",1672,3068,34,0.0110821382007823,"Unknown"
"TTAGGCAAGATGCCTT","SRA526435","SRS1915196","Mus musculus","10x chromium","Cortex, hippocampus and subventricular zone","TTAGGCAAGATGCCTT",2288,4861,93,0.0191318658712199,"Unknown"
"TTAGGCAAGCTCTCGG","SRA526435","SRS1915196","Mus musculus","10x chromium","Cortex, hippocampus and subventricular zone","TTAGGCAAGCTCTCGG",2299,4795,41,0.00855057351407716,"Unknown"
"TTAGGCAAGGGCATGT","SRA526435","SRS1915196","Mus musculus","10x chromium","Cortex, hippocampus and subventricular zone","TTAGGCAAGGGCATGT",2322,5097,74,0.0145183441239945,"Unknown"
"TTAGGCAAGGGTATCG","SRA526435","SRS1915196","Mus musculus","10x chromium","Cortex, hippocampus and subventricular zone","TTAGGCAAGGGTATCG",1600,2907,62,0.021327829377365,"Unknown"
"TTAGGCAAGGTGACCA","SRA526435","SRS1915196","Mus musculus","10x chromium","Cortex, hippocampus and subventricular zone","TTAGGCAAGGTGACCA",2933,7208,90,0.0124861265260821,"Unknown"
"TTAGGCAAGTAGGCCA","SRA526435","SRS1915196","Mus musculus","10x chromium","Cortex, hippocampus and subventricular zone","TTAGGCAAGTAGGCCA",90,4096,12,0.0029296875,"Erythroid-like and erythroid precursor cells"
"TTAGGCAAGTGCTGCC","SRA526435","SRS1915196","Mus musculus","10x chromium","Cortex, hippocampus and subventricular zone","TTAGGCAAGTGCTGCC",2401,5048,36,0.00713153724247227,"Unknown"
"TTAGGCAAGTGGAGTC","SRA526435","SRS1915196","Mus musculus","10x chromium","Cortex, hippocampus and subventricular zone","TTAGGCAAGTGGAGTC",1383,2301,9,0.00391134289439374,"Unknown"
"TTAGGCACACCAGTTA","SRA526435","SRS1915196","Mus musculus","10x chromium","Cortex, hippocampus and subventricular zone","TTAGGCACACCAGTTA",1158,1937,34,0.0175529168817759,"Unknown"
"TTAGGCACACGAAGCA","SRA526435","SRS1915196","Mus musculus","10x chromium","Cortex, hippocampus and subventricular zone","TTAGGCACACGAAGCA",2299,5647,76,0.0134584735257659,"Unknown"
"TTAGGCACACTAGTAC","SRA526435","SRS1915196","Mus musculus","10x chromium","Cortex, hippocampus and subventricular zone","TTAGGCACACTAGTAC",1630,2876,45,0.0156467315716273,"Unknown"
"TTAGGCACAGACAAAT","SRA526435","SRS1915196","Mus musculus","10x chromium","Cortex, hippocampus and subventricular zone","TTAGGCACAGACAAAT",1133,1764,20,0.0113378684807256,"Unknown"
"TTAGGCACAGTATCTG","SRA526435","SRS1915196","Mus musculus","10x chromium","Cortex, hippocampus and subventricular zone","TTAGGCACAGTATCTG",2812,6665,70,0.0105026256564141,"Unknown"
"TTAGGCACATCCCATC","SRA526435","SRS1915196","Mus musculus","10x chromium","Cortex, hippocampus and subventricular zone","TTAGGCACATCCCATC",3284,7370,83,0.0112618724559023,"Unknown"
"TTAGGCACATGAACCT","SRA526435","SRS1915196","Mus musculus","10x chromium","Cortex, hippocampus and subventricular zone","TTAGGCACATGAACCT",4132,12771,142,0.0111189413514995,"Unknown"
"TTAGGCAGTACCTACA","SRA526435","SRS1915196","Mus musculus","10x chromium","Cortex, hippocampus and subventricular zone","TTAGGCAGTACCTACA",2112,4104,54,0.0131578947368421,"Unknown"
"TTAGGCAGTCAACTGT","SRA526435","SRS1915196","Mus musculus","10x chromium","Cortex, hippocampus and subventricular zone","TTAGGCAGTCAACTGT",1175,1804,114,0.0631929046563193,"Unknown"
"TTAGGCAGTCGGCTCA","SRA526435","SRS1915196","Mus musculus","10x chromium","Cortex, hippocampus and subventricular zone","TTAGGCAGTCGGCTCA",1880,3627,47,0.0129583677970775,"Unknown"
"TTAGGCATCACTTATC","SRA526435","SRS1915196","Mus musculus","10x chromium","Cortex, hippocampus and subventricular zone","TTAGGCATCACTTATC",2972,6772,79,0.0116656822209096,"Unknown"
"TTAGGCATCATAACCG","SRA526435","SRS1915196","Mus musculus","10x chromium","Cortex, hippocampus and subventricular zone","TTAGGCATCATAACCG",2747,6708,78,0.0116279069767442,"Unknown"
"TTAGGCATCATCACCC","SRA526435","SRS1915196","Mus musculus","10x chromium","Cortex, hippocampus and subventricular zone","TTAGGCATCATCACCC",1806,3534,33,0.00933786078098472,"Unknown"
"TTAGGCATCTTGAGAC","SRA526435","SRS1915196","Mus musculus","10x chromium","Cortex, hippocampus and subventricular zone","TTAGGCATCTTGAGAC",1924,3669,56,0.015263014445353,"Unknown"
"TTAGTTCAGAGTTGGC","SRA526435","SRS1915196","Mus musculus","10x chromium","Cortex, hippocampus and subventricular zone","TTAGTTCAGAGTTGGC",2279,4839,63,0.0130192188468692,"Unknown"
"TTAGTTCAGTGTGGCA","SRA526435","SRS1915196","Mus musculus","10x chromium","Cortex, hippocampus and subventricular zone","TTAGTTCAGTGTGGCA",1564,2710,32,0.0118081180811808,"Unknown"
"TTAGTTCAGTGTTTGC","SRA526435","SRS1915196","Mus musculus","10x chromium","Cortex, hippocampus and subventricular zone","TTAGTTCAGTGTTTGC",273,3548,6,0.00169109357384442,"Erythroid-like and erythroid precursor cells"
"TTAGTTCAGTTTCCTT","SRA526435","SRS1915196","Mus musculus","10x chromium","Cortex, hippocampus and subventricular zone","TTAGTTCAGTTTCCTT",3375,9151,74,0.0080865479182603,"Unknown"
"TTAGTTCCACAGGTTT","SRA526435","SRS1915196","Mus musculus","10x chromium","Cortex, hippocampus and subventricular zone","TTAGTTCCACAGGTTT",1642,3074,39,0.0126870527000651,"Unknown"
"TTAGTTCCAGCCAATT","SRA526435","SRS1915196","Mus musculus","10x chromium","Cortex, hippocampus and subventricular zone","TTAGTTCCAGCCAATT",2256,4624,91,0.0196799307958478,"Unknown"
"TTAGTTCCAGCTGTGC","SRA526435","SRS1915196","Mus musculus","10x chromium","Cortex, hippocampus and subventricular zone","TTAGTTCCAGCTGTGC",1425,2533,31,0.012238452427951,"Unknown"
"TTAGTTCCAGCTGTTA","SRA526435","SRS1915196","Mus musculus","10x chromium","Cortex, hippocampus and subventricular zone","TTAGTTCCAGCTGTTA",2114,4368,83,0.0190018315018315,"Unknown"
"TTAGTTCGTATAGGGC","SRA526435","SRS1915196","Mus musculus","10x chromium","Cortex, hippocampus and subventricular zone","TTAGTTCGTATAGGGC",727,1407,44,0.031272210376688,"Unknown"
"TTAGTTCGTGTTCGAT","SRA526435","SRS1915196","Mus musculus","10x chromium","Cortex, hippocampus and subventricular zone","TTAGTTCGTGTTCGAT",2013,4867,60,0.0123279227450175,"Unknown"
"TTAGTTCTCCCTTGCA","SRA526435","SRS1915196","Mus musculus","10x chromium","Cortex, hippocampus and subventricular zone","TTAGTTCTCCCTTGCA",3075,9420,137,0.0145435244161359,"Unknown"
"TTAGTTCTCTCCAACC","SRA526435","SRS1915196","Mus musculus","10x chromium","Cortex, hippocampus and subventricular zone","TTAGTTCTCTCCAACC",1442,2396,64,0.0267111853088481,"Unknown"
"TTATGCTAGAGCCCAA","SRA526435","SRS1915196","Mus musculus","10x chromium","Cortex, hippocampus and subventricular zone","TTATGCTAGAGCCCAA",1743,3210,40,0.0124610591900312,"Unknown"
"TTATGCTAGCTCCCAG","SRA526435","SRS1915196","Mus musculus","10x chromium","Cortex, hippocampus and subventricular zone","TTATGCTAGCTCCCAG",993,1586,47,0.0296343001261034,"Unknown"
"TTATGCTAGGCAGGTT","SRA526435","SRS1915196","Mus musculus","10x chromium","Cortex, hippocampus and subventricular zone","TTATGCTAGGCAGGTT",2022,3583,34,0.00948925481440134,"Pericytes"
"TTATGCTAGGTTACCT","SRA526435","SRS1915196","Mus musculus","10x chromium","Cortex, hippocampus and subventricular zone","TTATGCTAGGTTACCT",1207,1847,27,0.0146182999458581,"Unknown"
"TTATGCTAGTACATGA","SRA526435","SRS1915196","Mus musculus","10x chromium","Cortex, hippocampus and subventricular zone","TTATGCTAGTACATGA",2401,5403,27,0.00499722376457524,"Unknown"
"TTATGCTAGTGGTAAT","SRA526435","SRS1915196","Mus musculus","10x chromium","Cortex, hippocampus and subventricular zone","TTATGCTAGTGGTAAT",167,8092,5,0.000617894216510134,"Erythroid-like and erythroid precursor cells"
"TTATGCTCAACACCTA","SRA526435","SRS1915196","Mus musculus","10x chromium","Cortex, hippocampus and subventricular zone","TTATGCTCAACACCTA",4073,12098,140,0.011572160687717,"Unknown"
"TTATGCTCAACCGCCA","SRA526435","SRS1915196","Mus musculus","10x chromium","Cortex, hippocampus and subventricular zone","TTATGCTCAACCGCCA",2169,4454,76,0.0170633138751684,"Unknown"
"TTATGCTCAACTGGCC","SRA526435","SRS1915196","Mus musculus","10x chromium","Cortex, hippocampus and subventricular zone","TTATGCTCAACTGGCC",3383,8224,94,0.0114299610894942,"Unknown"
"TTATGCTCAAGCCTAT","SRA526435","SRS1915196","Mus musculus","10x chromium","Cortex, hippocampus and subventricular zone","TTATGCTCAAGCCTAT",1313,2234,40,0.017905102954342,"Unknown"
"TTATGCTCATCCGCGA","SRA526435","SRS1915196","Mus musculus","10x chromium","Cortex, hippocampus and subventricular zone","TTATGCTCATCCGCGA",1467,2479,47,0.0189592577652279,"Unknown"
"TTATGCTGTACCATCA","SRA526435","SRS1915196","Mus musculus","10x chromium","Cortex, hippocampus and subventricular zone","TTATGCTGTACCATCA",2248,4821,54,0.0112009956440573,"Unknown"
"TTATGCTGTCATGCAT","SRA526435","SRS1915196","Mus musculus","10x chromium","Cortex, hippocampus and subventricular zone","TTATGCTGTCATGCAT",2282,4982,61,0.0122440786832597,"Unknown"
"TTATGCTGTCGGCTCA","SRA526435","SRS1915196","Mus musculus","10x chromium","Cortex, hippocampus and subventricular zone","TTATGCTGTCGGCTCA",2626,6126,83,0.0135488083578191,"Unknown"
"TTATGCTGTGCGATAG","SRA526435","SRS1915196","Mus musculus","10x chromium","Cortex, hippocampus and subventricular zone","TTATGCTGTGCGATAG",1393,2145,25,0.0116550116550117,"Unknown"
"TTATGCTTCAGCATGT","SRA526435","SRS1915196","Mus musculus","10x chromium","Cortex, hippocampus and subventricular zone","TTATGCTTCAGCATGT",1224,2176,59,0.0271139705882353,"Unknown"
"TTATGCTTCATGTGGT","SRA526435","SRS1915196","Mus musculus","10x chromium","Cortex, hippocampus and subventricular zone","TTATGCTTCATGTGGT",2433,5214,47,0.00901419255849636,"Unknown"
"TTATGCTTCATTGCGA","SRA526435","SRS1915196","Mus musculus","10x chromium","Cortex, hippocampus and subventricular zone","TTATGCTTCATTGCGA",4449,14331,140,0.00976903216802735,"Unknown"
"TTATGCTTCCAAACAC","SRA526435","SRS1915196","Mus musculus","10x chromium","Cortex, hippocampus and subventricular zone","TTATGCTTCCAAACAC",1624,3088,28,0.00906735751295337,"Unknown"
"TTATGCTTCCTTTCGG","SRA526435","SRS1915196","Mus musculus","10x chromium","Cortex, hippocampus and subventricular zone","TTATGCTTCCTTTCGG",2457,5096,49,0.00961538461538462,"Unknown"
"TTATGCTTCGACAGCC","SRA526435","SRS1915196","Mus musculus","10x chromium","Cortex, hippocampus and subventricular zone","TTATGCTTCGACAGCC",1708,3018,36,0.0119284294234592,"Unknown"
"TTATGCTTCGTAGGTT","SRA526435","SRS1915196","Mus musculus","10x chromium","Cortex, hippocampus and subventricular zone","TTATGCTTCGTAGGTT",86,4092,3,0.000733137829912023,"Erythroid-like and erythroid precursor cells"
"TTATGCTTCTTGTCAT","SRA526435","SRS1915196","Mus musculus","10x chromium","Cortex, hippocampus and subventricular zone","TTATGCTTCTTGTCAT",1930,3391,89,0.0262459451489236,"Unknown"
"TTCCCAGAGAAGGTTT","SRA526435","SRS1915196","Mus musculus","10x chromium","Cortex, hippocampus and subventricular zone","TTCCCAGAGAAGGTTT",1467,4236,46,0.0108593012275732,"Microglia"
"TTCCCAGAGATGGGTC","SRA526435","SRS1915196","Mus musculus","10x chromium","Cortex, hippocampus and subventricular zone","TTCCCAGAGATGGGTC",1541,2615,58,0.0221797323135755,"Unknown"
"TTCCCAGAGCAGATCG","SRA526435","SRS1915196","Mus musculus","10x chromium","Cortex, hippocampus and subventricular zone","TTCCCAGAGCAGATCG",3228,8428,90,0.0106786900806834,"Unknown"
"TTCCCAGAGCCCTAAT","SRA526435","SRS1915196","Mus musculus","10x chromium","Cortex, hippocampus and subventricular zone","TTCCCAGAGCCCTAAT",2519,5307,50,0.00942151874882231,"Unknown"
"TTCCCAGAGTCATCCA","SRA526435","SRS1915196","Mus musculus","10x chromium","Cortex, hippocampus and subventricular zone","TTCCCAGAGTCATCCA",2001,4297,38,0.00884337910169886,"Unknown"
"TTCCCAGAGTCCTCCT","SRA526435","SRS1915196","Mus musculus","10x chromium","Cortex, hippocampus and subventricular zone","TTCCCAGAGTCCTCCT",2205,3862,15,0.00388399792853444,"Unknown"
"TTCCCAGAGTGAAGAG","SRA526435","SRS1915196","Mus musculus","10x chromium","Cortex, hippocampus and subventricular zone","TTCCCAGAGTGAAGAG",1918,3797,48,0.0126415591256255,"Unknown"
"TTCCCAGAGTGATCGG","SRA526435","SRS1915196","Mus musculus","10x chromium","Cortex, hippocampus and subventricular zone","TTCCCAGAGTGATCGG",873,1227,62,0.0505297473512632,"Unknown"
"TTCCCAGAGTTCCACA","SRA526435","SRS1915196","Mus musculus","10x chromium","Cortex, hippocampus and subventricular zone","TTCCCAGAGTTCCACA",1847,3787,28,0.00739371534195933,"Unknown"
"TTCCCAGCAAATACAG","SRA526435","SRS1915196","Mus musculus","10x chromium","Cortex, hippocampus and subventricular zone","TTCCCAGCAAATACAG",2516,5966,65,0.0108950720750922,"Unknown"
"TTCCCAGCAAGGACAC","SRA526435","SRS1915196","Mus musculus","10x chromium","Cortex, hippocampus and subventricular zone","TTCCCAGCAAGGACAC",2752,6365,59,0.00926944226237235,"Unknown"
"TTCCCAGCACCAACCG","SRA526435","SRS1915196","Mus musculus","10x chromium","Cortex, hippocampus and subventricular zone","TTCCCAGCACCAACCG",2388,4628,89,0.0192307692307692,"Oligodendrocyte progenitor cells"
"TTCCCAGCACCGGAAA","SRA526435","SRS1915196","Mus musculus","10x chromium","Cortex, hippocampus and subventricular zone","TTCCCAGCACCGGAAA",2322,4881,43,0.00880967014955952,"Unknown"
"TTCCCAGCACGGTGTC","SRA526435","SRS1915196","Mus musculus","10x chromium","Cortex, hippocampus and subventricular zone","TTCCCAGCACGGTGTC",2348,5429,69,0.0127095229324001,"Unknown"
"TTCCCAGCAGATGGCA","SRA526435","SRS1915196","Mus musculus","10x chromium","Cortex, hippocampus and subventricular zone","TTCCCAGCAGATGGCA",2136,4358,69,0.0158329508949059,"Unknown"
"TTCCCAGCATCTATGG","SRA526435","SRS1915196","Mus musculus","10x chromium","Cortex, hippocampus and subventricular zone","TTCCCAGCATCTATGG",2888,7246,72,0.00993651669886834,"Unknown"
"TTCCCAGCATTACCTT","SRA526435","SRS1915196","Mus musculus","10x chromium","Cortex, hippocampus and subventricular zone","TTCCCAGCATTACCTT",3104,7740,186,0.024031007751938,"Unknown"
"TTCCCAGGTAAGAGGA","SRA526435","SRS1915196","Mus musculus","10x chromium","Cortex, hippocampus and subventricular zone","TTCCCAGGTAAGAGGA",3190,8917,94,0.0105416619939442,"Unknown"
"TTCCCAGGTACCATCA","SRA526435","SRS1915196","Mus musculus","10x chromium","Cortex, hippocampus and subventricular zone","TTCCCAGGTACCATCA",2118,4232,34,0.00803402646502836,"Unknown"
"TTCCCAGGTCCGACGT","SRA526435","SRS1915196","Mus musculus","10x chromium","Cortex, hippocampus and subventricular zone","TTCCCAGGTCCGACGT",1272,1993,29,0.014550928248871,"Unknown"
"TTCCCAGGTGTGAAAT","SRA526435","SRS1915196","Mus musculus","10x chromium","Cortex, hippocampus and subventricular zone","TTCCCAGGTGTGAAAT",2516,4960,23,0.00463709677419355,"Unknown"
"TTCCCAGGTTACGGAG","SRA526435","SRS1915196","Mus musculus","10x chromium","Cortex, hippocampus and subventricular zone","TTCCCAGGTTACGGAG",2275,5024,49,0.0097531847133758,"Unknown"
"TTCCCAGGTTGTGGCC","SRA526435","SRS1915196","Mus musculus","10x chromium","Cortex, hippocampus and subventricular zone","TTCCCAGGTTGTGGCC",2575,5612,69,0.0122950819672131,"Unknown"
"TTCCCAGGTTTGTTGG","SRA526435","SRS1915196","Mus musculus","10x chromium","Cortex, hippocampus and subventricular zone","TTCCCAGGTTTGTTGG",759,1005,32,0.0318407960199005,"Unknown"
"TTCCCAGTCAGGCCCA","SRA526435","SRS1915196","Mus musculus","10x chromium","Cortex, hippocampus and subventricular zone","TTCCCAGTCAGGCCCA",1848,5265,116,0.0220322886989554,"Unknown"
"TTCCCAGTCAGGTTCA","SRA526435","SRS1915196","Mus musculus","10x chromium","Cortex, hippocampus and subventricular zone","TTCCCAGTCAGGTTCA",922,1388,82,0.0590778097982709,"Unknown"
"TTCCCAGTCCATGCTC","SRA526435","SRS1915196","Mus musculus","10x chromium","Cortex, hippocampus and subventricular zone","TTCCCAGTCCATGCTC",1913,3471,50,0.0144050705848459,"Unknown"
"TTCCCAGTCGACCAGC","SRA526435","SRS1915196","Mus musculus","10x chromium","Cortex, hippocampus and subventricular zone","TTCCCAGTCGACCAGC",3162,7531,84,0.0111538972248041,"Cajal-Retzius cells"
"TTCCCAGTCGTGGACC","SRA526435","SRS1915196","Mus musculus","10x chromium","Cortex, hippocampus and subventricular zone","TTCCCAGTCGTGGACC",1192,1896,28,0.0147679324894515,"Unknown"
"TTCCCAGTCTAACGGT","SRA526435","SRS1915196","Mus musculus","10x chromium","Cortex, hippocampus and subventricular zone","TTCCCAGTCTAACGGT",2529,5952,101,0.0169690860215054,"Unknown"
"TTCGAAGAGAGAACAG","SRA526435","SRS1915196","Mus musculus","10x chromium","Cortex, hippocampus and subventricular zone","TTCGAAGAGAGAACAG",2600,5980,74,0.0123745819397993,"Unknown"
"TTCGAAGAGATCTGCT","SRA526435","SRS1915196","Mus musculus","10x chromium","Cortex, hippocampus and subventricular zone","TTCGAAGAGATCTGCT",2201,4720,53,0.011228813559322,"Unknown"
"TTCGAAGAGATGTAAC","SRA526435","SRS1915196","Mus musculus","10x chromium","Cortex, hippocampus and subventricular zone","TTCGAAGAGATGTAAC",1999,4025,78,0.0193788819875776,"Unknown"
"TTCGAAGAGCCCAACC","SRA526435","SRS1915196","Mus musculus","10x chromium","Cortex, hippocampus and subventricular zone","TTCGAAGAGCCCAACC",2504,5261,75,0.0142558448964075,"Unknown"
"TTCGAAGAGTAACCCT","SRA526435","SRS1915196","Mus musculus","10x chromium","Cortex, hippocampus and subventricular zone","TTCGAAGAGTAACCCT",1656,3079,39,0.0126664501461513,"Unknown"
"TTCGAAGCAAACTGCT","SRA526435","SRS1915196","Mus musculus","10x chromium","Cortex, hippocampus and subventricular zone","TTCGAAGCAAACTGCT",2303,4543,60,0.0132071318511996,"Unknown"
"TTCGAAGCAACACCCG","SRA526435","SRS1915196","Mus musculus","10x chromium","Cortex, hippocampus and subventricular zone","TTCGAAGCAACACCCG",2114,4414,61,0.013819664703217,"Unknown"
"TTCGAAGCATCGGAAG","SRA526435","SRS1915196","Mus musculus","10x chromium","Cortex, hippocampus and subventricular zone","TTCGAAGCATCGGAAG",2773,7123,98,0.0137582479292433,"Unknown"
"TTCGAAGGTGCTTCTC","SRA526435","SRS1915196","Mus musculus","10x chromium","Cortex, hippocampus and subventricular zone","TTCGAAGGTGCTTCTC",1377,2605,31,0.0119001919385797,"Unknown"
"TTCGAAGGTTCAGTAC","SRA526435","SRS1915196","Mus musculus","10x chromium","Cortex, hippocampus and subventricular zone","TTCGAAGGTTCAGTAC",2715,5980,33,0.00551839464882943,"Unknown"
"TTCGAAGGTTCATGGT","SRA526435","SRS1915196","Mus musculus","10x chromium","Cortex, hippocampus and subventricular zone","TTCGAAGGTTCATGGT",2332,4981,64,0.0128488255370408,"Unknown"
"TTCGAAGTCAACGGCC","SRA526435","SRS1915196","Mus musculus","10x chromium","Cortex, hippocampus and subventricular zone","TTCGAAGTCAACGGCC",2018,3958,48,0.0121273370389085,"Unknown"
"TTCGAAGTCCTAAGTG","SRA526435","SRS1915196","Mus musculus","10x chromium","Cortex, hippocampus and subventricular zone","TTCGAAGTCCTAAGTG",3228,8325,89,0.0106906906906907,"Unknown"
"TTCGAAGTCCTTTCGG","SRA526435","SRS1915196","Mus musculus","10x chromium","Cortex, hippocampus and subventricular zone","TTCGAAGTCCTTTCGG",2740,6075,74,0.0121810699588477,"Unknown"
"TTCGAAGTCTACCAGA","SRA526435","SRS1915196","Mus musculus","10x chromium","Cortex, hippocampus and subventricular zone","TTCGAAGTCTACCAGA",1918,3672,34,0.00925925925925926,"Unknown"
"TTCGAAGTCTCCTATA","SRA526435","SRS1915196","Mus musculus","10x chromium","Cortex, hippocampus and subventricular zone","TTCGAAGTCTCCTATA",1592,3531,24,0.00679694137638063,"Unknown"
"TTCGGTCAGAAGGCCT","SRA526435","SRS1915196","Mus musculus","10x chromium","Cortex, hippocampus and subventricular zone","TTCGGTCAGAAGGCCT",675,1052,21,0.0199619771863118,"Unknown"
"TTCGGTCAGAGGACGG","SRA526435","SRS1915196","Mus musculus","10x chromium","Cortex, hippocampus and subventricular zone","TTCGGTCAGAGGACGG",2417,5401,80,0.0148120718385484,"Unknown"
"TTCGGTCAGATATGCA","SRA526435","SRS1915196","Mus musculus","10x chromium","Cortex, hippocampus and subventricular zone","TTCGGTCAGATATGCA",1673,3330,36,0.0108108108108108,"Unknown"
"TTCGGTCAGGCTCTTA","SRA526435","SRS1915196","Mus musculus","10x chromium","Cortex, hippocampus and subventricular zone","TTCGGTCAGGCTCTTA",128,3670,1,0.000272479564032698,"Erythroid-like and erythroid precursor cells"
"TTCGGTCAGGGAACGG","SRA526435","SRS1915196","Mus musculus","10x chromium","Cortex, hippocampus and subventricular zone","TTCGGTCAGGGAACGG",2040,4210,46,0.0109263657957245,"Unknown"
"TTCGGTCAGGTTACCT","SRA526435","SRS1915196","Mus musculus","10x chromium","Cortex, hippocampus and subventricular zone","TTCGGTCAGGTTACCT",1060,1612,173,0.107320099255583,"Unknown"
"TTCGGTCAGTACGACG","SRA526435","SRS1915196","Mus musculus","10x chromium","Cortex, hippocampus and subventricular zone","TTCGGTCAGTACGACG",2914,6527,76,0.0116439405546193,"Unknown"
"TTCGGTCAGTAGGTGC","SRA526435","SRS1915196","Mus musculus","10x chromium","Cortex, hippocampus and subventricular zone","TTCGGTCAGTAGGTGC",1462,2592,24,0.00925925925925926,"Unknown"
"TTCGGTCCACAAGACG","SRA526435","SRS1915196","Mus musculus","10x chromium","Cortex, hippocampus and subventricular zone","TTCGGTCCACAAGACG",2184,4602,74,0.0160799652325076,"Unknown"
"TTCGGTCCACCAGGTC","SRA526435","SRS1915196","Mus musculus","10x chromium","Cortex, hippocampus and subventricular zone","TTCGGTCCACCAGGTC",1396,2576,41,0.015916149068323,"Unknown"
"TTCGGTCCAGCTTCGG","SRA526435","SRS1915196","Mus musculus","10x chromium","Cortex, hippocampus and subventricular zone","TTCGGTCCAGCTTCGG",2289,4882,69,0.0141335518230234,"Unknown"
"TTCGGTCCAGTGGAGT","SRA526435","SRS1915196","Mus musculus","10x chromium","Cortex, hippocampus and subventricular zone","TTCGGTCCAGTGGAGT",1386,2178,33,0.0151515151515152,"Unknown"
"TTCGGTCGTACGCACC","SRA526435","SRS1915196","Mus musculus","10x chromium","Cortex, hippocampus and subventricular zone","TTCGGTCGTACGCACC",669,1048,39,0.0372137404580153,"Unknown"
"TTCGGTCGTCAATACC","SRA526435","SRS1915196","Mus musculus","10x chromium","Cortex, hippocampus and subventricular zone","TTCGGTCGTCAATACC",2746,5835,141,0.0241645244215938,"Unknown"
"TTCGGTCGTTTGGGCC","SRA526435","SRS1915196","Mus musculus","10x chromium","Cortex, hippocampus and subventricular zone","TTCGGTCGTTTGGGCC",2562,5353,19,0.00354941154492808,"Unknown"
"TTCGGTCTCCGAATGT","SRA526435","SRS1915196","Mus musculus","10x chromium","Cortex, hippocampus and subventricular zone","TTCGGTCTCCGAATGT",2366,4805,48,0.00998959417273673,"Unknown"
"TTCGGTCTCCTGCAGG","SRA526435","SRS1915196","Mus musculus","10x chromium","Cortex, hippocampus and subventricular zone","TTCGGTCTCCTGCAGG",1776,3451,49,0.0141987829614604,"Unknown"
"TTCGGTCTCTAACGGT","SRA526435","SRS1915196","Mus musculus","10x chromium","Cortex, hippocampus and subventricular zone","TTCGGTCTCTAACGGT",1242,2115,39,0.0184397163120567,"Unknown"
"TTCGGTCTCTTCCTTC","SRA526435","SRS1915196","Mus musculus","10x chromium","Cortex, hippocampus and subventricular zone","TTCGGTCTCTTCCTTC",1605,2874,59,0.0205288796102992,"Unknown"
"TTCTACAAGATATACG","SRA526435","SRS1915196","Mus musculus","10x chromium","Cortex, hippocampus and subventricular zone","TTCTACAAGATATACG",1541,2396,41,0.0171118530884808,"Unknown"
"TTCTACAAGATGCCTT","SRA526435","SRS1915196","Mus musculus","10x chromium","Cortex, hippocampus and subventricular zone","TTCTACAAGATGCCTT",1030,1656,56,0.0338164251207729,"Unknown"
"TTCTACAAGGATGCGT","SRA526435","SRS1915196","Mus musculus","10x chromium","Cortex, hippocampus and subventricular zone","TTCTACAAGGATGCGT",2042,4376,32,0.00731261425959781,"Unknown"
"TTCTACAAGGCGCTCT","SRA526435","SRS1915196","Mus musculus","10x chromium","Cortex, hippocampus and subventricular zone","TTCTACAAGGCGCTCT",2341,4726,46,0.00973338975878121,"Unknown"
"TTCTACAAGTCGAGTG","SRA526435","SRS1915196","Mus musculus","10x chromium","Cortex, hippocampus and subventricular zone","TTCTACAAGTCGAGTG",1290,2277,44,0.0193236714975845,"Unknown"
"TTCTACAAGTGTGGCA","SRA526435","SRS1915196","Mus musculus","10x chromium","Cortex, hippocampus and subventricular zone","TTCTACAAGTGTGGCA",1083,1748,41,0.0234553775743707,"Unknown"
"TTCTACACAAGGTTTC","SRA526435","SRS1915196","Mus musculus","10x chromium","Cortex, hippocampus and subventricular zone","TTCTACACAAGGTTTC",2004,4544,76,0.0167253521126761,"Unknown"
"TTCTACACACCATGTA","SRA526435","SRS1915196","Mus musculus","10x chromium","Cortex, hippocampus and subventricular zone","TTCTACACACCATGTA",2336,4977,59,0.0118545308418726,"Unknown"
"TTCTACACACTTCTGC","SRA526435","SRS1915196","Mus musculus","10x chromium","Cortex, hippocampus and subventricular zone","TTCTACACACTTCTGC",2389,4966,47,0.0094643576318969,"Unknown"
"TTCTACACAGCTATTG","SRA526435","SRS1915196","Mus musculus","10x chromium","Cortex, hippocampus and subventricular zone","TTCTACACAGCTATTG",833,1108,13,0.0117328519855596,"Unknown"
"TTCTACACATGCATGT","SRA526435","SRS1915196","Mus musculus","10x chromium","Cortex, hippocampus and subventricular zone","TTCTACACATGCATGT",1885,3631,48,0.013219498760672,"Unknown"
"TTCTACAGTAAGAGAG","SRA526435","SRS1915196","Mus musculus","10x chromium","Cortex, hippocampus and subventricular zone","TTCTACAGTAAGAGAG",3204,8637,110,0.0127359036702559,"Unknown"
"TTCTACAGTATAAACG","SRA526435","SRS1915196","Mus musculus","10x chromium","Cortex, hippocampus and subventricular zone","TTCTACAGTATAAACG",1927,3852,49,0.0127206645898235,"Unknown"
"TTCTACAGTATGAATG","SRA526435","SRS1915196","Mus musculus","10x chromium","Cortex, hippocampus and subventricular zone","TTCTACAGTATGAATG",3940,14046,381,0.0271251601879539,"Unknown"
"TTCTACAGTCAGAATA","SRA526435","SRS1915196","Mus musculus","10x chromium","Cortex, hippocampus and subventricular zone","TTCTACAGTCAGAATA",2166,4563,57,0.012491781722551,"Unknown"
"TTCTACAGTCTCAACA","SRA526435","SRS1915196","Mus musculus","10x chromium","Cortex, hippocampus and subventricular zone","TTCTACAGTCTCAACA",3257,8957,69,0.0077034721446913,"Endothelial cells"
"TTCTACAGTGAGGGAG","SRA526435","SRS1915196","Mus musculus","10x chromium","Cortex, hippocampus and subventricular zone","TTCTACAGTGAGGGAG",2317,5270,58,0.0110056925996205,"Unknown"
"TTCTACAGTGATGTCT","SRA526435","SRS1915196","Mus musculus","10x chromium","Cortex, hippocampus and subventricular zone","TTCTACAGTGATGTCT",2522,5697,70,0.012287168685273,"Unknown"
"TTCTACAGTGGCTCCA","SRA526435","SRS1915196","Mus musculus","10x chromium","Cortex, hippocampus and subventricular zone","TTCTACAGTGGCTCCA",2270,4828,75,0.0155343827671914,"Unknown"
"TTCTACAGTTATCCGA","SRA526435","SRS1915196","Mus musculus","10x chromium","Cortex, hippocampus and subventricular zone","TTCTACAGTTATCCGA",2829,9454,202,0.0213666173048445,"Microglia"
"TTCTACAGTTCAGACT","SRA526435","SRS1915196","Mus musculus","10x chromium","Cortex, hippocampus and subventricular zone","TTCTACAGTTCAGACT",1519,2725,40,0.0146788990825688,"Unknown"
"TTCTACAGTTCAGGCC","SRA526435","SRS1915196","Mus musculus","10x chromium","Cortex, hippocampus and subventricular zone","TTCTACAGTTCAGGCC",2524,6418,37,0.00576503583670926,"Unknown"
"TTCTACATCAACGCTA","SRA526435","SRS1915196","Mus musculus","10x chromium","Cortex, hippocampus and subventricular zone","TTCTACATCAACGCTA",452,9491,7,0.000737540828152987,"Erythroid-like and erythroid precursor cells"
"TTCTACATCACTATTC","SRA526435","SRS1915196","Mus musculus","10x chromium","Cortex, hippocampus and subventricular zone","TTCTACATCACTATTC",2224,5076,56,0.0110323089046493,"Unknown"
"TTCTACATCAGCTCTC","SRA526435","SRS1915196","Mus musculus","10x chromium","Cortex, hippocampus and subventricular zone","TTCTACATCAGCTCTC",1315,1935,14,0.00723514211886305,"Unknown"
"TTCTACATCAGTCCCT","SRA526435","SRS1915196","Mus musculus","10x chromium","Cortex, hippocampus and subventricular zone","TTCTACATCAGTCCCT",1656,2785,24,0.00861759425493716,"Unknown"
"TTCTACATCCTGCAGG","SRA526435","SRS1915196","Mus musculus","10x chromium","Cortex, hippocampus and subventricular zone","TTCTACATCCTGCAGG",2201,4524,62,0.0137046861184792,"Endothelial cells"
"TTCTACATCGACGGAA","SRA526435","SRS1915196","Mus musculus","10x chromium","Cortex, hippocampus and subventricular zone","TTCTACATCGACGGAA",2071,4115,85,0.0206561360874848,"Unknown"
"TTCTCAAAGACCACGA","SRA526435","SRS1915196","Mus musculus","10x chromium","Cortex, hippocampus and subventricular zone","TTCTCAAAGACCACGA",1707,3179,55,0.0173010380622837,"Unknown"
"TTCTCAAAGGCATTGG","SRA526435","SRS1915196","Mus musculus","10x chromium","Cortex, hippocampus and subventricular zone","TTCTCAAAGGCATTGG",1297,2184,82,0.0375457875457875,"Unknown"
"TTCTCAAAGTACACCT","SRA526435","SRS1915196","Mus musculus","10x chromium","Cortex, hippocampus and subventricular zone","TTCTCAAAGTACACCT",2257,4397,68,0.0154650898339777,"Unknown"
"TTCTCAACAAGTTAAG","SRA526435","SRS1915196","Mus musculus","10x chromium","Cortex, hippocampus and subventricular zone","TTCTCAACAAGTTAAG",1791,3563,61,0.017120404153803,"Unknown"
"TTCTCAACACCAACCG","SRA526435","SRS1915196","Mus musculus","10x chromium","Cortex, hippocampus and subventricular zone","TTCTCAACACCAACCG",4014,11165,162,0.0145096283027318,"Unknown"
"TTCTCAACACGCCAGT","SRA526435","SRS1915196","Mus musculus","10x chromium","Cortex, hippocampus and subventricular zone","TTCTCAACACGCCAGT",1464,2392,33,0.0137959866220736,"Unknown"
"TTCTCAACACTAGTAC","SRA526435","SRS1915196","Mus musculus","10x chromium","Cortex, hippocampus and subventricular zone","TTCTCAACACTAGTAC",757,1062,8,0.00753295668549906,"Unknown"
"TTCTCAAGTCACAAGG","SRA526435","SRS1915196","Mus musculus","10x chromium","Cortex, hippocampus and subventricular zone","TTCTCAAGTCACAAGG",2326,4803,52,0.0108265667291276,"Unknown"
"TTCTCAAGTCATGCAT","SRA526435","SRS1915196","Mus musculus","10x chromium","Cortex, hippocampus and subventricular zone","TTCTCAAGTCATGCAT",3867,11777,96,0.0081514817016218,"Unknown"
"TTCTCAAGTCGAGATG","SRA526435","SRS1915196","Mus musculus","10x chromium","Cortex, hippocampus and subventricular zone","TTCTCAAGTCGAGATG",1823,3255,51,0.015668202764977,"Unknown"
"TTCTCAAGTCTACCTC","SRA526435","SRS1915196","Mus musculus","10x chromium","Cortex, hippocampus and subventricular zone","TTCTCAAGTCTACCTC",2913,6788,80,0.0117855038302887,"Unknown"
"TTCTCAAGTGGGTATG","SRA526435","SRS1915196","Mus musculus","10x chromium","Cortex, hippocampus and subventricular zone","TTCTCAAGTGGGTATG",1745,3404,13,0.00381903642773208,"Unknown"
"TTCTCAAGTTATCACG","SRA526435","SRS1915196","Mus musculus","10x chromium","Cortex, hippocampus and subventricular zone","TTCTCAAGTTATCACG",3122,8233,89,0.0108101542572574,"Unknown"
"TTCTCAAGTTCCTCCA","SRA526435","SRS1915196","Mus musculus","10x chromium","Cortex, hippocampus and subventricular zone","TTCTCAAGTTCCTCCA",1148,1716,28,0.0163170163170163,"Unknown"
"TTCTCAATCCAAAGTC","SRA526435","SRS1915196","Mus musculus","10x chromium","Cortex, hippocampus and subventricular zone","TTCTCAATCCAAAGTC",4416,12803,82,0.00640474888697961,"Unknown"
"TTCTCAATCGGTCTAA","SRA526435","SRS1915196","Mus musculus","10x chromium","Cortex, hippocampus and subventricular zone","TTCTCAATCGGTCTAA",2201,4481,41,0.00914974336085695,"Unknown"
"TTCTCAATCGTCCAGG","SRA526435","SRS1915196","Mus musculus","10x chromium","Cortex, hippocampus and subventricular zone","TTCTCAATCGTCCAGG",1208,2062,46,0.0223084384093113,"Unknown"
"TTCTCAATCTAACGGT","SRA526435","SRS1915196","Mus musculus","10x chromium","Cortex, hippocampus and subventricular zone","TTCTCAATCTAACGGT",1625,2807,35,0.0124688279301746,"Unknown"
"TTCTCAATCTTCATGT","SRA526435","SRS1915196","Mus musculus","10x chromium","Cortex, hippocampus and subventricular zone","TTCTCAATCTTCATGT",1955,3888,66,0.0169753086419753,"Unknown"
"TTCTCCTAGAAGGTGA","SRA526435","SRS1915196","Mus musculus","10x chromium","Cortex, hippocampus and subventricular zone","TTCTCCTAGAAGGTGA",2148,4143,68,0.016413227130099,"Unknown"
"TTCTCCTAGGATATAC","SRA526435","SRS1915196","Mus musculus","10x chromium","Cortex, hippocampus and subventricular zone","TTCTCCTAGGATATAC",2130,4412,50,0.0113327289211242,"Unknown"
"TTCTCCTAGTCCTCCT","SRA526435","SRS1915196","Mus musculus","10x chromium","Cortex, hippocampus and subventricular zone","TTCTCCTAGTCCTCCT",2008,3952,54,0.013663967611336,"Unknown"
"TTCTCCTAGTGATCGG","SRA526435","SRS1915196","Mus musculus","10x chromium","Cortex, hippocampus and subventricular zone","TTCTCCTAGTGATCGG",1948,3716,38,0.0102260495156082,"Unknown"
"TTCTCCTCAAAGCGGT","SRA526435","SRS1915196","Mus musculus","10x chromium","Cortex, hippocampus and subventricular zone","TTCTCCTCAAAGCGGT",1464,2715,39,0.0143646408839779,"Unknown"
"TTCTCCTCAAGGTTTC","SRA526435","SRS1915196","Mus musculus","10x chromium","Cortex, hippocampus and subventricular zone","TTCTCCTCAAGGTTTC",2218,4587,47,0.0102463483758448,"Unknown"
"TTCTCCTCACGGCGTT","SRA526435","SRS1915196","Mus musculus","10x chromium","Cortex, hippocampus and subventricular zone","TTCTCCTCACGGCGTT",1344,2351,29,0.0123351765206295,"Unknown"
"TTCTCCTCAGTATGCT","SRA526435","SRS1915196","Mus musculus","10x chromium","Cortex, hippocampus and subventricular zone","TTCTCCTCAGTATGCT",2747,6216,77,0.0123873873873874,"Unknown"
"TTCTCCTCATGGTCAT","SRA526435","SRS1915196","Mus musculus","10x chromium","Cortex, hippocampus and subventricular zone","TTCTCCTCATGGTCAT",882,1270,56,0.0440944881889764,"Unknown"
"TTCTCCTGTACCGGCT","SRA526435","SRS1915196","Mus musculus","10x chromium","Cortex, hippocampus and subventricular zone","TTCTCCTGTACCGGCT",1328,2201,29,0.0131758291685597,"Unknown"
"TTCTCCTGTAGCGATG","SRA526435","SRS1915196","Mus musculus","10x chromium","Cortex, hippocampus and subventricular zone","TTCTCCTGTAGCGATG",2145,4281,39,0.00911002102312544,"Unknown"
"TTCTCCTGTAGGGACT","SRA526435","SRS1915196","Mus musculus","10x chromium","Cortex, hippocampus and subventricular zone","TTCTCCTGTAGGGACT",2588,5918,48,0.00811084825954714,"Unknown"
"TTCTCCTGTCACTGGC","SRA526435","SRS1915196","Mus musculus","10x chromium","Cortex, hippocampus and subventricular zone","TTCTCCTGTCACTGGC",104,1539,12,0.00779727095516569,"Erythroid-like and erythroid precursor cells"
"TTCTCCTGTCGAGTTT","SRA526435","SRS1915196","Mus musculus","10x chromium","Cortex, hippocampus and subventricular zone","TTCTCCTGTCGAGTTT",2156,4259,51,0.0119746419347265,"Unknown"
"TTCTCCTGTGATGATA","SRA526435","SRS1915196","Mus musculus","10x chromium","Cortex, hippocampus and subventricular zone","TTCTCCTGTGATGATA",1866,3789,55,0.0145157033518079,"Unknown"
"TTCTCCTGTGTTAAGA","SRA526435","SRS1915196","Mus musculus","10x chromium","Cortex, hippocampus and subventricular zone","TTCTCCTGTGTTAAGA",2264,4647,84,0.0180761781794706,"Unknown"
"TTCTCCTTCAACGGCC","SRA526435","SRS1915196","Mus musculus","10x chromium","Cortex, hippocampus and subventricular zone","TTCTCCTTCAACGGCC",1220,2016,44,0.0218253968253968,"Unknown"
"TTCTCCTTCAATACCG","SRA526435","SRS1915196","Mus musculus","10x chromium","Cortex, hippocampus and subventricular zone","TTCTCCTTCAATACCG",2399,5490,80,0.0145719489981785,"Unknown"
"TTCTCCTTCCCAAGTA","SRA526435","SRS1915196","Mus musculus","10x chromium","Cortex, hippocampus and subventricular zone","TTCTCCTTCCCAAGTA",2382,4990,48,0.00961923847695391,"Unknown"
"TTCTCCTTCCCAGGTG","SRA526435","SRS1915196","Mus musculus","10x chromium","Cortex, hippocampus and subventricular zone","TTCTCCTTCCCAGGTG",1779,3767,68,0.0180514998672684,"Unknown"
"TTCTCCTTCCGCGTTT","SRA526435","SRS1915196","Mus musculus","10x chromium","Cortex, hippocampus and subventricular zone","TTCTCCTTCCGCGTTT",2210,4240,69,0.0162735849056604,"Unknown"
"TTCTCCTTCGCCTGAG","SRA526435","SRS1915196","Mus musculus","10x chromium","Cortex, hippocampus and subventricular zone","TTCTCCTTCGCCTGAG",1753,3190,55,0.0172413793103448,"Unknown"
"TTCTCCTTCTTTCCTC","SRA526435","SRS1915196","Mus musculus","10x chromium","Cortex, hippocampus and subventricular zone","TTCTCCTTCTTTCCTC",2075,4269,28,0.0065589130944015,"Unknown"
"TTCTTAGAGATGGCGT","SRA526435","SRS1915196","Mus musculus","10x chromium","Cortex, hippocampus and subventricular zone","TTCTTAGAGATGGCGT",3013,7441,93,0.0124983201182637,"Unknown"
"TTCTTAGAGATGTAAC","SRA526435","SRS1915196","Mus musculus","10x chromium","Cortex, hippocampus and subventricular zone","TTCTTAGAGATGTAAC",2298,4821,43,0.00891931134619374,"Unknown"
"TTCTTAGAGCATCATC","SRA526435","SRS1915196","Mus musculus","10x chromium","Cortex, hippocampus and subventricular zone","TTCTTAGAGCATCATC",906,1362,31,0.0227606461086637,"Unknown"
"TTCTTAGAGGAACTGC","SRA526435","SRS1915196","Mus musculus","10x chromium","Cortex, hippocampus and subventricular zone","TTCTTAGAGGAACTGC",1085,1602,4,0.00249687890137328,"Unknown"
"TTCTTAGAGGTGTGGT","SRA526435","SRS1915196","Mus musculus","10x chromium","Cortex, hippocampus and subventricular zone","TTCTTAGAGGTGTGGT",2230,4553,53,0.0116406764770481,"Unknown"
"TTCTTAGAGTTTAGGA","SRA526435","SRS1915196","Mus musculus","10x chromium","Cortex, hippocampus and subventricular zone","TTCTTAGAGTTTAGGA",1967,3845,37,0.00962288686605982,"Unknown"
"TTCTTAGCAACGATGG","SRA526435","SRS1915196","Mus musculus","10x chromium","Cortex, hippocampus and subventricular zone","TTCTTAGCAACGATGG",1882,3695,36,0.00974289580514208,"Unknown"
"TTCTTAGCAATAACGA","SRA526435","SRS1915196","Mus musculus","10x chromium","Cortex, hippocampus and subventricular zone","TTCTTAGCAATAACGA",1233,1976,20,0.0101214574898785,"Unknown"
"TTCTTAGCAATAGAGT","SRA526435","SRS1915196","Mus musculus","10x chromium","Cortex, hippocampus and subventricular zone","TTCTTAGCAATAGAGT",1614,3016,38,0.0125994694960212,"Unknown"
"TTCTTAGCACCCATGG","SRA526435","SRS1915196","Mus musculus","10x chromium","Cortex, hippocampus and subventricular zone","TTCTTAGCACCCATGG",1278,2227,50,0.0224517287831163,"Unknown"
"TTCTTAGCACGTGAGA","SRA526435","SRS1915196","Mus musculus","10x chromium","Cortex, hippocampus and subventricular zone","TTCTTAGCACGTGAGA",1403,2243,15,0.00668747213553277,"Unknown"
"TTCTTAGCAGCGATCC","SRA526435","SRS1915196","Mus musculus","10x chromium","Cortex, hippocampus and subventricular zone","TTCTTAGCAGCGATCC",1900,3564,54,0.0151515151515152,"Unknown"
"TTCTTAGCAGCTCCGA","SRA526435","SRS1915196","Mus musculus","10x chromium","Cortex, hippocampus and subventricular zone","TTCTTAGCAGCTCCGA",1729,3557,56,0.0157436041608097,"Unknown"
"TTCTTAGCAGGGTACA","SRA526435","SRS1915196","Mus musculus","10x chromium","Cortex, hippocampus and subventricular zone","TTCTTAGCAGGGTACA",2546,6125,86,0.0140408163265306,"Unknown"
"TTCTTAGCATCTGGTA","SRA526435","SRS1915196","Mus musculus","10x chromium","Cortex, hippocampus and subventricular zone","TTCTTAGCATCTGGTA",2096,4597,66,0.0143571894713944,"Unknown"
"TTCTTAGGTATAGGGC","SRA526435","SRS1915196","Mus musculus","10x chromium","Cortex, hippocampus and subventricular zone","TTCTTAGGTATAGGGC",1375,2494,58,0.0232558139534884,"Unknown"
"TTCTTAGGTATATCCG","SRA526435","SRS1915196","Mus musculus","10x chromium","Cortex, hippocampus and subventricular zone","TTCTTAGGTATATCCG",2585,6333,83,0.0131059529448918,"Unknown"
"TTCTTAGGTCTCATCC","SRA526435","SRS1915196","Mus musculus","10x chromium","Cortex, hippocampus and subventricular zone","TTCTTAGGTCTCATCC",1175,1728,12,0.00694444444444444,"Unknown"
"TTCTTAGGTGAAGGCT","SRA526435","SRS1915196","Mus musculus","10x chromium","Cortex, hippocampus and subventricular zone","TTCTTAGGTGAAGGCT",2817,5859,104,0.0177504693633726,"Unknown"
"TTCTTAGGTGGTTTCA","SRA526435","SRS1915196","Mus musculus","10x chromium","Cortex, hippocampus and subventricular zone","TTCTTAGGTGGTTTCA",2087,4305,50,0.0116144018583043,"Unknown"
"TTCTTAGTCAGCTCTC","SRA526435","SRS1915196","Mus musculus","10x chromium","Cortex, hippocampus and subventricular zone","TTCTTAGTCAGCTCTC",868,1213,13,0.010717230008244,"Unknown"
"TTCTTAGTCCACGAAT","SRA526435","SRS1915196","Mus musculus","10x chromium","Cortex, hippocampus and subventricular zone","TTCTTAGTCCACGAAT",2798,6961,74,0.0106306565148686,"Unknown"
"TTCTTAGTCCATTCTA","SRA526435","SRS1915196","Mus musculus","10x chromium","Cortex, hippocampus and subventricular zone","TTCTTAGTCCATTCTA",1624,3011,64,0.0212553968781136,"Unknown"
"TTCTTAGTCCTTGGTC","SRA526435","SRS1915196","Mus musculus","10x chromium","Cortex, hippocampus and subventricular zone","TTCTTAGTCCTTGGTC",2541,5731,41,0.00715407433257721,"Unknown"
"TTCTTAGTCGCAAGCC","SRA526435","SRS1915196","Mus musculus","10x chromium","Cortex, hippocampus and subventricular zone","TTCTTAGTCGCAAGCC",2128,5151,41,0.0079596194913609,"Unknown"
"TTCTTAGTCGGCTTGG","SRA526435","SRS1915196","Mus musculus","10x chromium","Cortex, hippocampus and subventricular zone","TTCTTAGTCGGCTTGG",2173,4654,54,0.0116029222174474,"Unknown"
"TTCTTAGTCTTAGCCC","SRA526435","SRS1915196","Mus musculus","10x chromium","Cortex, hippocampus and subventricular zone","TTCTTAGTCTTAGCCC",2343,4918,44,0.00894672631150874,"Unknown"
"TTGAACGAGGATATAC","SRA526435","SRS1915196","Mus musculus","10x chromium","Cortex, hippocampus and subventricular zone","TTGAACGAGGATATAC",3714,11495,54,0.00469769464984776,"Unknown"
"TTGAACGAGGGAGTAA","SRA526435","SRS1915196","Mus musculus","10x chromium","Cortex, hippocampus and subventricular zone","TTGAACGAGGGAGTAA",2950,6789,38,0.00559728973339225,"Unknown"
"TTGAACGAGTGACATA","SRA526435","SRS1915196","Mus musculus","10x chromium","Cortex, hippocampus and subventricular zone","TTGAACGAGTGACATA",1659,3206,51,0.0159076731129133,"Unknown"
"TTGAACGAGTGATCGG","SRA526435","SRS1915196","Mus musculus","10x chromium","Cortex, hippocampus and subventricular zone","TTGAACGAGTGATCGG",3607,10921,217,0.0198699752769893,"Cajal-Retzius cells"
"TTGAACGCACACGCTG","SRA526435","SRS1915196","Mus musculus","10x chromium","Cortex, hippocampus and subventricular zone","TTGAACGCACACGCTG",2185,4413,81,0.0183548606390211,"Unknown"
"TTGAACGCACTGTTAG","SRA526435","SRS1915196","Mus musculus","10x chromium","Cortex, hippocampus and subventricular zone","TTGAACGCACTGTTAG",3631,9970,64,0.00641925777331996,"Unknown"
"TTGAACGCAGTATAAG","SRA526435","SRS1915196","Mus musculus","10x chromium","Cortex, hippocampus and subventricular zone","TTGAACGCAGTATAAG",1315,2069,107,0.0517158047365877,"Unknown"
"TTGAACGCATATACGC","SRA526435","SRS1915196","Mus musculus","10x chromium","Cortex, hippocampus and subventricular zone","TTGAACGCATATACGC",2997,7471,76,0.0101726676482399,"Unknown"
"TTGAACGCATCCAACA","SRA526435","SRS1915196","Mus musculus","10x chromium","Cortex, hippocampus and subventricular zone","TTGAACGCATCCAACA",846,1222,36,0.0294599018003273,"Unknown"
"TTGAACGCATCGATTG","SRA526435","SRS1915196","Mus musculus","10x chromium","Cortex, hippocampus and subventricular zone","TTGAACGCATCGATTG",2166,4394,61,0.013882567137005,"Unknown"
"TTGAACGCATCTATGG","SRA526435","SRS1915196","Mus musculus","10x chromium","Cortex, hippocampus and subventricular zone","TTGAACGCATCTATGG",2954,8087,46,0.00568814146160504,"Unknown"
"TTGAACGCATGTAGTC","SRA526435","SRS1915196","Mus musculus","10x chromium","Cortex, hippocampus and subventricular zone","TTGAACGCATGTAGTC",2911,7096,85,0.011978579481398,"Unknown"
"TTGAACGCATTTGCTT","SRA526435","SRS1915196","Mus musculus","10x chromium","Cortex, hippocampus and subventricular zone","TTGAACGCATTTGCTT",2565,5617,54,0.00961367277906356,"Unknown"
"TTGAACGGTACTCTCC","SRA526435","SRS1915196","Mus musculus","10x chromium","Cortex, hippocampus and subventricular zone","TTGAACGGTACTCTCC",818,1447,91,0.0628887353144437,"Unknown"
"TTGAACGGTGGGTCAA","SRA526435","SRS1915196","Mus musculus","10x chromium","Cortex, hippocampus and subventricular zone","TTGAACGGTGGGTCAA",1765,3200,49,0.0153125,"Unknown"
"TTGAACGGTTACCGAT","SRA526435","SRS1915196","Mus musculus","10x chromium","Cortex, hippocampus and subventricular zone","TTGAACGGTTACCGAT",2147,4283,59,0.013775391081018,"Unknown"
"TTGAACGGTTTACTCT","SRA526435","SRS1915196","Mus musculus","10x chromium","Cortex, hippocampus and subventricular zone","TTGAACGGTTTACTCT",1684,3184,52,0.0163316582914573,"Unknown"
"TTGAACGTCAAGGCTT","SRA526435","SRS1915196","Mus musculus","10x chromium","Cortex, hippocampus and subventricular zone","TTGAACGTCAAGGCTT",1587,2907,50,0.0171998624011008,"Unknown"
"TTGAACGTCATCGCTC","SRA526435","SRS1915196","Mus musculus","10x chromium","Cortex, hippocampus and subventricular zone","TTGAACGTCATCGCTC",2298,5034,49,0.00973381009137863,"Unknown"
"TTGAACGTCCGTTGTC","SRA526435","SRS1915196","Mus musculus","10x chromium","Cortex, hippocampus and subventricular zone","TTGAACGTCCGTTGTC",2319,5049,44,0.00871459694989107,"Unknown"
"TTGAACGTCCTTTACA","SRA526435","SRS1915196","Mus musculus","10x chromium","Cortex, hippocampus and subventricular zone","TTGAACGTCCTTTACA",2236,4836,61,0.0126137303556658,"Unknown"
"TTGAACGTCGGAGCAA","SRA526435","SRS1915196","Mus musculus","10x chromium","Cortex, hippocampus and subventricular zone","TTGAACGTCGGAGCAA",1233,2057,34,0.0165289256198347,"Unknown"
"TTGACTTAGACCTAGG","SRA526435","SRS1915196","Mus musculus","10x chromium","Cortex, hippocampus and subventricular zone","TTGACTTAGACCTAGG",2275,4345,135,0.0310701956271577,"Cajal-Retzius cells"
"TTGACTTAGGCCGAAT","SRA526435","SRS1915196","Mus musculus","10x chromium","Cortex, hippocampus and subventricular zone","TTGACTTAGGCCGAAT",1743,2957,108,0.0365235035508962,"Unknown"
"TTGACTTAGGCTATCT","SRA526435","SRS1915196","Mus musculus","10x chromium","Cortex, hippocampus and subventricular zone","TTGACTTAGGCTATCT",745,1158,14,0.0120898100172712,"Unknown"
"TTGACTTAGGGATCTG","SRA526435","SRS1915196","Mus musculus","10x chromium","Cortex, hippocampus and subventricular zone","TTGACTTAGGGATCTG",1054,1839,39,0.0212071778140294,"Unknown"
"TTGACTTAGGTTCCTA","SRA526435","SRS1915196","Mus musculus","10x chromium","Cortex, hippocampus and subventricular zone","TTGACTTAGGTTCCTA",1732,3064,27,0.00881201044386423,"Unknown"
"TTGACTTAGTACGTAA","SRA526435","SRS1915196","Mus musculus","10x chromium","Cortex, hippocampus and subventricular zone","TTGACTTAGTACGTAA",1293,2536,80,0.0315457413249211,"Unknown"
"TTGACTTAGTGGTCCC","SRA526435","SRS1915196","Mus musculus","10x chromium","Cortex, hippocampus and subventricular zone","TTGACTTAGTGGTCCC",2095,4592,41,0.00892857142857143,"Unknown"
"TTGACTTCAGTCTTCC","SRA526435","SRS1915196","Mus musculus","10x chromium","Cortex, hippocampus and subventricular zone","TTGACTTCAGTCTTCC",1536,2690,15,0.00557620817843866,"Unknown"
"TTGACTTCATCTACGA","SRA526435","SRS1915196","Mus musculus","10x chromium","Cortex, hippocampus and subventricular zone","TTGACTTCATCTACGA",120,4350,2,0.000459770114942529,"Erythroid-like and erythroid precursor cells"
"TTGACTTCATGACATC","SRA526435","SRS1915196","Mus musculus","10x chromium","Cortex, hippocampus and subventricular zone","TTGACTTCATGACATC",301,12527,19,0.00151672387642692,"Erythroid-like and erythroid precursor cells"
"TTGACTTCATGCCTTC","SRA526435","SRS1915196","Mus musculus","10x chromium","Cortex, hippocampus and subventricular zone","TTGACTTCATGCCTTC",927,1321,38,0.0287660862982589,"Unknown"
"TTGACTTCATTCCTCG","SRA526435","SRS1915196","Mus musculus","10x chromium","Cortex, hippocampus and subventricular zone","TTGACTTCATTCCTCG",1869,4428,96,0.021680216802168,"Cajal-Retzius cells"
"TTGACTTGTAAACACA","SRA526435","SRS1915196","Mus musculus","10x chromium","Cortex, hippocampus and subventricular zone","TTGACTTGTAAACACA",88,2074,1,0.000482160077145612,"Erythroid-like and erythroid precursor cells"
"TTGACTTGTCACACGC","SRA526435","SRS1915196","Mus musculus","10x chromium","Cortex, hippocampus and subventricular zone","TTGACTTGTCACACGC",2638,5611,76,0.0135448226697558,"Unknown"
"TTGACTTGTCAGATAA","SRA526435","SRS1915196","Mus musculus","10x chromium","Cortex, hippocampus and subventricular zone","TTGACTTGTCAGATAA",2558,6222,70,0.0112504018000643,"Unknown"
"TTGACTTGTCATGCAT","SRA526435","SRS1915196","Mus musculus","10x chromium","Cortex, hippocampus and subventricular zone","TTGACTTGTCATGCAT",1056,1821,40,0.0219659527732015,"Unknown"
"TTGACTTGTCCGACGT","SRA526435","SRS1915196","Mus musculus","10x chromium","Cortex, hippocampus and subventricular zone","TTGACTTGTCCGACGT",1242,2267,41,0.0180855756506396,"Unknown"
"TTGACTTGTCGCCATG","SRA526435","SRS1915196","Mus musculus","10x chromium","Cortex, hippocampus and subventricular zone","TTGACTTGTCGCCATG",2765,6492,79,0.0121688231669747,"Unknown"
"TTGACTTGTCTCAACA","SRA526435","SRS1915196","Mus musculus","10x chromium","Cortex, hippocampus and subventricular zone","TTGACTTGTCTCAACA",1661,3249,34,0.0104647583871961,"Unknown"
"TTGACTTGTGGTACAG","SRA526435","SRS1915196","Mus musculus","10x chromium","Cortex, hippocampus and subventricular zone","TTGACTTGTGGTACAG",1179,1860,32,0.0172043010752688,"Unknown"
"TTGACTTGTTCGCGAC","SRA526435","SRS1915196","Mus musculus","10x chromium","Cortex, hippocampus and subventricular zone","TTGACTTGTTCGCGAC",1441,2775,35,0.0126126126126126,"Unknown"
"TTGACTTTCAGATAAG","SRA526435","SRS1915196","Mus musculus","10x chromium","Cortex, hippocampus and subventricular zone","TTGACTTTCAGATAAG",1419,2480,33,0.0133064516129032,"Unknown"
"TTGACTTTCAGGCAAG","SRA526435","SRS1915196","Mus musculus","10x chromium","Cortex, hippocampus and subventricular zone","TTGACTTTCAGGCAAG",2788,6515,86,0.0132003069838833,"Unknown"
"TTGACTTTCATGCAAC","SRA526435","SRS1915196","Mus musculus","10x chromium","Cortex, hippocampus and subventricular zone","TTGACTTTCATGCAAC",1809,3382,31,0.00916617386162034,"Unknown"
"TTGACTTTCATGTGGT","SRA526435","SRS1915196","Mus musculus","10x chromium","Cortex, hippocampus and subventricular zone","TTGACTTTCATGTGGT",2295,4917,59,0.0119991864958308,"Unknown"
"TTGACTTTCCGCGTTT","SRA526435","SRS1915196","Mus musculus","10x chromium","Cortex, hippocampus and subventricular zone","TTGACTTTCCGCGTTT",1404,2301,31,0.0134724033029118,"Unknown"
"TTGACTTTCCGTCAAA","SRA526435","SRS1915196","Mus musculus","10x chromium","Cortex, hippocampus and subventricular zone","TTGACTTTCCGTCAAA",2094,4518,85,0.018813634351483,"Unknown"
"TTGACTTTCGATAGAA","SRA526435","SRS1915196","Mus musculus","10x chromium","Cortex, hippocampus and subventricular zone","TTGACTTTCGATAGAA",655,1063,9,0.00846660395108184,"Unknown"
"TTGACTTTCTGCCCTA","SRA526435","SRS1915196","Mus musculus","10x chromium","Cortex, hippocampus and subventricular zone","TTGACTTTCTGCCCTA",3214,7616,100,0.0131302521008403,"Unknown"
"TTGCCGTAGACCTAGG","SRA526435","SRS1915196","Mus musculus","10x chromium","Cortex, hippocampus and subventricular zone","TTGCCGTAGACCTAGG",2093,4502,35,0.00777432252332297,"Unknown"
"TTGCCGTAGATGTCGG","SRA526435","SRS1915196","Mus musculus","10x chromium","Cortex, hippocampus and subventricular zone","TTGCCGTAGATGTCGG",3106,8952,91,0.0101653261840929,"Unknown"
"TTGCCGTAGGCACATG","SRA526435","SRS1915196","Mus musculus","10x chromium","Cortex, hippocampus and subventricular zone","TTGCCGTAGGCACATG",2472,5357,47,0.00877356729512787,"Unknown"
"TTGCCGTAGGGCACTA","SRA526435","SRS1915196","Mus musculus","10x chromium","Cortex, hippocampus and subventricular zone","TTGCCGTAGGGCACTA",881,1159,23,0.0198446937014668,"Unknown"
"TTGCCGTAGGGTGTGT","SRA526435","SRS1915196","Mus musculus","10x chromium","Cortex, hippocampus and subventricular zone","TTGCCGTAGGGTGTGT",2254,4942,56,0.0113314447592068,"Unknown"
"TTGCCGTAGTAGCGGT","SRA526435","SRS1915196","Mus musculus","10x chromium","Cortex, hippocampus and subventricular zone","TTGCCGTAGTAGCGGT",671,1106,7,0.00632911392405063,"Unknown"
"TTGCCGTAGTCCCACG","SRA526435","SRS1915196","Mus musculus","10x chromium","Cortex, hippocampus and subventricular zone","TTGCCGTAGTCCCACG",1333,2079,13,0.00625300625300625,"Unknown"
"TTGCCGTCAAAGGCGT","SRA526435","SRS1915196","Mus musculus","10x chromium","Cortex, hippocampus and subventricular zone","TTGCCGTCAAAGGCGT",4054,11510,55,0.00477845351867941,"Unknown"
"TTGCCGTCAGACGCAA","SRA526435","SRS1915196","Mus musculus","10x chromium","Cortex, hippocampus and subventricular zone","TTGCCGTCAGACGCAA",2121,4133,67,0.0162109847568352,"Unknown"
"TTGCCGTCAGCATACT","SRA526435","SRS1915196","Mus musculus","10x chromium","Cortex, hippocampus and subventricular zone","TTGCCGTCAGCATACT",2455,5076,136,0.0267927501970055,"Unknown"
"TTGCCGTCAGGGATTG","SRA526435","SRS1915196","Mus musculus","10x chromium","Cortex, hippocampus and subventricular zone","TTGCCGTCAGGGATTG",133,2963,7,0.00236247046911914,"Erythroid-like and erythroid precursor cells"
"TTGCCGTGTAAGGGCT","SRA526435","SRS1915196","Mus musculus","10x chromium","Cortex, hippocampus and subventricular zone","TTGCCGTGTAAGGGCT",1288,2131,38,0.0178320037541061,"Unknown"
"TTGCCGTTCACGCGGT","SRA526435","SRS1915196","Mus musculus","10x chromium","Cortex, hippocampus and subventricular zone","TTGCCGTTCACGCGGT",2020,3870,130,0.0335917312661499,"Unknown"
"TTGCCGTTCACTATTC","SRA526435","SRS1915196","Mus musculus","10x chromium","Cortex, hippocampus and subventricular zone","TTGCCGTTCACTATTC",3606,8773,98,0.0111706371822638,"Unknown"
"TTGCCGTTCATTTGGG","SRA526435","SRS1915196","Mus musculus","10x chromium","Cortex, hippocampus and subventricular zone","TTGCCGTTCATTTGGG",1814,3529,55,0.0155851516010201,"Unknown"
"TTGCCGTTCGAGAGCA","SRA526435","SRS1915196","Mus musculus","10x chromium","Cortex, hippocampus and subventricular zone","TTGCCGTTCGAGAGCA",2885,7150,82,0.0114685314685315,"Unknown"
"TTGCCGTTCGTGACAT","SRA526435","SRS1915196","Mus musculus","10x chromium","Cortex, hippocampus and subventricular zone","TTGCCGTTCGTGACAT",2607,6417,122,0.0190119993766558,"Unknown"
"TTGCCGTTCGTTGACA","SRA526435","SRS1915196","Mus musculus","10x chromium","Cortex, hippocampus and subventricular zone","TTGCCGTTCGTTGACA",84,1291,3,0.00232378001549187,"Erythroid-like and erythroid precursor cells"
"TTGCCGTTCTTTAGTC","SRA526435","SRS1915196","Mus musculus","10x chromium","Cortex, hippocampus and subventricular zone","TTGCCGTTCTTTAGTC",682,1181,2,0.00169348010160881,"Unknown"
"TTGCGTCAGATAGCAT","SRA526435","SRS1915196","Mus musculus","10x chromium","Cortex, hippocampus and subventricular zone","TTGCGTCAGATAGCAT",4340,12960,154,0.0118827160493827,"Unknown"
"TTGCGTCAGATCGATA","SRA526435","SRS1915196","Mus musculus","10x chromium","Cortex, hippocampus and subventricular zone","TTGCGTCAGATCGATA",1865,3768,44,0.0116772823779193,"Unknown"
"TTGCGTCAGATGTAAC","SRA526435","SRS1915196","Mus musculus","10x chromium","Cortex, hippocampus and subventricular zone","TTGCGTCAGATGTAAC",1605,2635,177,0.0671726755218216,"Unknown"
"TTGCGTCAGCCCAACC","SRA526435","SRS1915196","Mus musculus","10x chromium","Cortex, hippocampus and subventricular zone","TTGCGTCAGCCCAACC",2063,3967,36,0.00907486765817998,"Unknown"
"TTGCGTCAGGTGCACA","SRA526435","SRS1915196","Mus musculus","10x chromium","Cortex, hippocampus and subventricular zone","TTGCGTCAGGTGCACA",2300,4409,29,0.00657745520526196,"Unknown"
"TTGCGTCAGTAGCGGT","SRA526435","SRS1915196","Mus musculus","10x chromium","Cortex, hippocampus and subventricular zone","TTGCGTCAGTAGCGGT",3008,7754,130,0.0167655403662626,"Unknown"
"TTGCGTCAGTGTTAGA","SRA526435","SRS1915196","Mus musculus","10x chromium","Cortex, hippocampus and subventricular zone","TTGCGTCAGTGTTAGA",2460,5501,75,0.0136338847482276,"Unknown"
"TTGCGTCCACTTCTGC","SRA526435","SRS1915196","Mus musculus","10x chromium","Cortex, hippocampus and subventricular zone","TTGCGTCCACTTCTGC",260,3474,5,0.00143926309729419,"Erythroid-like and erythroid precursor cells"
"TTGCGTCCAGATCCAT","SRA526435","SRS1915196","Mus musculus","10x chromium","Cortex, hippocampus and subventricular zone","TTGCGTCCAGATCCAT",2496,5340,29,0.00543071161048689,"Unknown"
"TTGCGTCCAGGAATCG","SRA526435","SRS1915196","Mus musculus","10x chromium","Cortex, hippocampus and subventricular zone","TTGCGTCCAGGAATCG",736,7747,14,0.00180715115528592,"Erythroid-like and erythroid precursor cells"
"TTGCGTCCAGGCAGTA","SRA526435","SRS1915196","Mus musculus","10x chromium","Cortex, hippocampus and subventricular zone","TTGCGTCCAGGCAGTA",913,1191,77,0.0646515533165407,"Unknown"
"TTGCGTCGTACGCTGC","SRA526435","SRS1915196","Mus musculus","10x chromium","Cortex, hippocampus and subventricular zone","TTGCGTCGTACGCTGC",1836,3466,69,0.0199076745527986,"Unknown"
"TTGCGTCGTCGCTTCT","SRA526435","SRS1915196","Mus musculus","10x chromium","Cortex, hippocampus and subventricular zone","TTGCGTCGTCGCTTCT",961,1870,16,0.00855614973262032,"Unknown"
"TTGCGTCGTTAAGGGC","SRA526435","SRS1915196","Mus musculus","10x chromium","Cortex, hippocampus and subventricular zone","TTGCGTCGTTAAGGGC",2321,4889,65,0.0132951523829004,"Unknown"
"TTGCGTCTCAAAGACA","SRA526435","SRS1915196","Mus musculus","10x chromium","Cortex, hippocampus and subventricular zone","TTGCGTCTCAAAGACA",1795,3268,47,0.0143818849449204,"Unknown"
"TTGCGTCTCACTCTTA","SRA526435","SRS1915196","Mus musculus","10x chromium","Cortex, hippocampus and subventricular zone","TTGCGTCTCACTCTTA",2837,7044,93,0.0132027257240204,"Unknown"
"TTGCGTCTCAGTACGT","SRA526435","SRS1915196","Mus musculus","10x chromium","Cortex, hippocampus and subventricular zone","TTGCGTCTCAGTACGT",1636,2830,46,0.0162544169611307,"Unknown"
"TTGCGTCTCATCACCC","SRA526435","SRS1915196","Mus musculus","10x chromium","Cortex, hippocampus and subventricular zone","TTGCGTCTCATCACCC",2841,6540,88,0.0134556574923547,"Unknown"
"TTGCGTCTCGAGAACG","SRA526435","SRS1915196","Mus musculus","10x chromium","Cortex, hippocampus and subventricular zone","TTGCGTCTCGAGAACG",2659,6861,80,0.0116601078559977,"Unknown"
"TTGCGTCTCGATCCCT","SRA526435","SRS1915196","Mus musculus","10x chromium","Cortex, hippocampus and subventricular zone","TTGCGTCTCGATCCCT",2121,4073,69,0.0169408298551436,"Unknown"
"TTGCGTCTCTCTGTCG","SRA526435","SRS1915196","Mus musculus","10x chromium","Cortex, hippocampus and subventricular zone","TTGCGTCTCTCTGTCG",889,1352,76,0.0562130177514793,"Unknown"
"TTGGAACAGCCCTAAT","SRA526435","SRS1915196","Mus musculus","10x chromium","Cortex, hippocampus and subventricular zone","TTGGAACAGCCCTAAT",2553,5567,47,0.00844260822705227,"Unknown"
"TTGGAACAGCCGCCTA","SRA526435","SRS1915196","Mus musculus","10x chromium","Cortex, hippocampus and subventricular zone","TTGGAACAGCCGCCTA",2018,4077,55,0.0134903115035565,"Unknown"
"TTGGAACAGCTTTGGT","SRA526435","SRS1915196","Mus musculus","10x chromium","Cortex, hippocampus and subventricular zone","TTGGAACAGCTTTGGT",2037,4549,37,0.00813365574851616,"Unknown"
"TTGGAACAGGAGCGAG","SRA526435","SRS1915196","Mus musculus","10x chromium","Cortex, hippocampus and subventricular zone","TTGGAACAGGAGCGAG",1179,1644,12,0.0072992700729927,"Unknown"
"TTGGAACAGTTTCCTT","SRA526435","SRS1915196","Mus musculus","10x chromium","Cortex, hippocampus and subventricular zone","TTGGAACAGTTTCCTT",1363,2570,94,0.0365758754863813,"Unknown"
"TTGGAACCAAGCGAGT","SRA526435","SRS1915196","Mus musculus","10x chromium","Cortex, hippocampus and subventricular zone","TTGGAACCAAGCGAGT",2912,7522,90,0.0119649029513427,"Unknown"
"TTGGAACCACATTTCT","SRA526435","SRS1915196","Mus musculus","10x chromium","Cortex, hippocampus and subventricular zone","TTGGAACCACATTTCT",902,1315,75,0.0570342205323194,"Unknown"
"TTGGAACCACTAGTAC","SRA526435","SRS1915196","Mus musculus","10x chromium","Cortex, hippocampus and subventricular zone","TTGGAACCACTAGTAC",2119,3997,55,0.0137603202401801,"Unknown"
"TTGGAACCACTTCTGC","SRA526435","SRS1915196","Mus musculus","10x chromium","Cortex, hippocampus and subventricular zone","TTGGAACCACTTCTGC",2185,4474,54,0.0120697362539115,"Unknown"
"TTGGAACCACTTGGAT","SRA526435","SRS1915196","Mus musculus","10x chromium","Cortex, hippocampus and subventricular zone","TTGGAACCACTTGGAT",1555,2950,46,0.0155932203389831,"Unknown"
"TTGGAACCAGCCACCA","SRA526435","SRS1915196","Mus musculus","10x chromium","Cortex, hippocampus and subventricular zone","TTGGAACCAGCCACCA",805,1027,27,0.0262901655306719,"Unknown"
"TTGGAACCAGGACGTA","SRA526435","SRS1915196","Mus musculus","10x chromium","Cortex, hippocampus and subventricular zone","TTGGAACCAGGACGTA",2092,4197,59,0.0140576602335001,"Unknown"
"TTGGAACCATCTGGTA","SRA526435","SRS1915196","Mus musculus","10x chromium","Cortex, hippocampus and subventricular zone","TTGGAACCATCTGGTA",2868,6801,49,0.0072048228201735,"Unknown"
"TTGGAACGTAAGGATT","SRA526435","SRS1915196","Mus musculus","10x chromium","Cortex, hippocampus and subventricular zone","TTGGAACGTAAGGATT",2466,5309,46,0.00866453192691656,"Unknown"
"TTGGAACGTCAAAGAT","SRA526435","SRS1915196","Mus musculus","10x chromium","Cortex, hippocampus and subventricular zone","TTGGAACGTCAAAGAT",2165,4550,42,0.00923076923076923,"Unknown"
"TTGGAACGTCTACCTC","SRA526435","SRS1915196","Mus musculus","10x chromium","Cortex, hippocampus and subventricular zone","TTGGAACGTCTACCTC",1593,2843,8,0.00281392894829406,"Unknown"
"TTGGAACGTGGCGAAT","SRA526435","SRS1915196","Mus musculus","10x chromium","Cortex, hippocampus and subventricular zone","TTGGAACGTGGCGAAT",3389,8414,65,0.0077252198716425,"Unknown"
"TTGGAACTCAGTTCGA","SRA526435","SRS1915196","Mus musculus","10x chromium","Cortex, hippocampus and subventricular zone","TTGGAACTCAGTTCGA",1675,3283,31,0.00944258300335059,"Unknown"
"TTGGAACTCCATTCTA","SRA526435","SRS1915196","Mus musculus","10x chromium","Cortex, hippocampus and subventricular zone","TTGGAACTCCATTCTA",2415,5515,56,0.0101541251133273,"Unknown"
"TTGGAACTCCGGGTGT","SRA526435","SRS1915196","Mus musculus","10x chromium","Cortex, hippocampus and subventricular zone","TTGGAACTCCGGGTGT",1800,3381,37,0.0109435078379178,"Unknown"
"TTGGCAAAGACAAGCC","SRA526435","SRS1915196","Mus musculus","10x chromium","Cortex, hippocampus and subventricular zone","TTGGCAAAGACAAGCC",2421,5005,42,0.00839160839160839,"Unknown"
"TTGGCAAAGATGGCGT","SRA526435","SRS1915196","Mus musculus","10x chromium","Cortex, hippocampus and subventricular zone","TTGGCAAAGATGGCGT",2288,5602,59,0.0105319528739736,"Unknown"
"TTGGCAAAGGAATGGA","SRA526435","SRS1915196","Mus musculus","10x chromium","Cortex, hippocampus and subventricular zone","TTGGCAAAGGAATGGA",1586,3070,64,0.0208469055374593,"Unknown"
"TTGGCAAAGTCCTCCT","SRA526435","SRS1915196","Mus musculus","10x chromium","Cortex, hippocampus and subventricular zone","TTGGCAAAGTCCTCCT",2239,5156,114,0.0221101629169899,"Unknown"
"TTGGCAAAGTGTACGG","SRA526435","SRS1915196","Mus musculus","10x chromium","Cortex, hippocampus and subventricular zone","TTGGCAAAGTGTACGG",2354,4719,30,0.00635727908455181,"Unknown"
"TTGGCAACAAGTTAAG","SRA526435","SRS1915196","Mus musculus","10x chromium","Cortex, hippocampus and subventricular zone","TTGGCAACAAGTTAAG",1136,1636,12,0.00733496332518337,"Unknown"
"TTGGCAACACCAGGCT","SRA526435","SRS1915196","Mus musculus","10x chromium","Cortex, hippocampus and subventricular zone","TTGGCAACACCAGGCT",2719,6373,75,0.011768397928762,"Unknown"
"TTGGCAACACTATCTT","SRA526435","SRS1915196","Mus musculus","10x chromium","Cortex, hippocampus and subventricular zone","TTGGCAACACTATCTT",3141,7792,80,0.0102669404517454,"Unknown"
"TTGGCAACACTGAAGG","SRA526435","SRS1915196","Mus musculus","10x chromium","Cortex, hippocampus and subventricular zone","TTGGCAACACTGAAGG",3767,10093,61,0.00604379272763301,"Unknown"
"TTGGCAACATCCCATC","SRA526435","SRS1915196","Mus musculus","10x chromium","Cortex, hippocampus and subventricular zone","TTGGCAACATCCCATC",1682,3140,44,0.0140127388535032,"Unknown"
"TTGGCAACATGCCCGA","SRA526435","SRS1915196","Mus musculus","10x chromium","Cortex, hippocampus and subventricular zone","TTGGCAACATGCCCGA",2950,7199,75,0.0104181136268926,"Unknown"
"TTGGCAAGTAAAGTCA","SRA526435","SRS1915196","Mus musculus","10x chromium","Cortex, hippocampus and subventricular zone","TTGGCAAGTAAAGTCA",2557,5684,76,0.0133708655876144,"Unknown"
"TTGGCAAGTCATATCG","SRA526435","SRS1915196","Mus musculus","10x chromium","Cortex, hippocampus and subventricular zone","TTGGCAAGTCATATCG",2495,5474,73,0.0133357690902448,"Unknown"
"TTGGCAAGTCTGGTCG","SRA526435","SRS1915196","Mus musculus","10x chromium","Cortex, hippocampus and subventricular zone","TTGGCAAGTCTGGTCG",1167,1829,44,0.0240568616730454,"Unknown"
"TTGGCAAGTGGTCTCG","SRA526435","SRS1915196","Mus musculus","10x chromium","Cortex, hippocampus and subventricular zone","TTGGCAAGTGGTCTCG",1673,3152,63,0.0199873096446701,"Unknown"
"TTGGCAAGTGGTTTCA","SRA526435","SRS1915196","Mus musculus","10x chromium","Cortex, hippocampus and subventricular zone","TTGGCAAGTGGTTTCA",2958,7472,18,0.00240899357601713,"Unknown"
"TTGGCAAGTTAAAGAC","SRA526435","SRS1915196","Mus musculus","10x chromium","Cortex, hippocampus and subventricular zone","TTGGCAAGTTAAAGAC",2136,4435,49,0.0110484780157835,"Unknown"
"TTGGCAAGTTATGTGC","SRA526435","SRS1915196","Mus musculus","10x chromium","Cortex, hippocampus and subventricular zone","TTGGCAAGTTATGTGC",2094,3904,62,0.0158811475409836,"Unknown"
"TTGGCAAGTTGCGTTA","SRA526435","SRS1915196","Mus musculus","10x chromium","Cortex, hippocampus and subventricular zone","TTGGCAAGTTGCGTTA",2121,4184,68,0.0162523900573614,"Unknown"
"TTGGCAATCCCTTGTG","SRA526435","SRS1915196","Mus musculus","10x chromium","Cortex, hippocampus and subventricular zone","TTGGCAATCCCTTGTG",2475,5663,62,0.0109482606392372,"Unknown"
"TTGGCAATCGGTGTCG","SRA526435","SRS1915196","Mus musculus","10x chromium","Cortex, hippocampus and subventricular zone","TTGGCAATCGGTGTCG",2885,6042,41,0.00678583250579278,"Unknown"
"TTGGCAATCTACTTAC","SRA526435","SRS1915196","Mus musculus","10x chromium","Cortex, hippocampus and subventricular zone","TTGGCAATCTACTTAC",111,4058,5,0.00123213405618531,"Erythroid-like and erythroid precursor cells"
"TTGGCAATCTGGTTCC","SRA526435","SRS1915196","Mus musculus","10x chromium","Cortex, hippocampus and subventricular zone","TTGGCAATCTGGTTCC",2527,5371,65,0.0121020294172407,"Unknown"
"TTGTAGGAGACCACGA","SRA526435","SRS1915196","Mus musculus","10x chromium","Cortex, hippocampus and subventricular zone","TTGTAGGAGACCACGA",1627,3119,63,0.0201987816607887,"Unknown"
"TTGTAGGAGAGGTAGA","SRA526435","SRS1915196","Mus musculus","10x chromium","Cortex, hippocampus and subventricular zone","TTGTAGGAGAGGTAGA",1753,3656,39,0.0106673960612691,"Unknown"
"TTGTAGGAGCCAACAG","SRA526435","SRS1915196","Mus musculus","10x chromium","Cortex, hippocampus and subventricular zone","TTGTAGGAGCCAACAG",2235,4862,79,0.016248457424928,"Unknown"
"TTGTAGGAGCTGCCCA","SRA526435","SRS1915196","Mus musculus","10x chromium","Cortex, hippocampus and subventricular zone","TTGTAGGAGCTGCCCA",1708,3204,53,0.016541822721598,"Unknown"
"TTGTAGGAGGGAACGG","SRA526435","SRS1915196","Mus musculus","10x chromium","Cortex, hippocampus and subventricular zone","TTGTAGGAGGGAACGG",2390,5158,47,0.0091120589375727,"Unknown"
"TTGTAGGAGTACGCCC","SRA526435","SRS1915196","Mus musculus","10x chromium","Cortex, hippocampus and subventricular zone","TTGTAGGAGTACGCCC",3760,10677,179,0.0167650088976304,"Unknown"
"TTGTAGGAGTAGGTGC","SRA526435","SRS1915196","Mus musculus","10x chromium","Cortex, hippocampus and subventricular zone","TTGTAGGAGTAGGTGC",2110,4212,42,0.00997150997150997,"Unknown"
"TTGTAGGAGTCGTTTG","SRA526435","SRS1915196","Mus musculus","10x chromium","Cortex, hippocampus and subventricular zone","TTGTAGGAGTCGTTTG",996,1426,6,0.00420757363253857,"Unknown"
"TTGTAGGAGTTAAGTG","SRA526435","SRS1915196","Mus musculus","10x chromium","Cortex, hippocampus and subventricular zone","TTGTAGGAGTTAAGTG",2500,6170,58,0.00940032414910859,"Unknown"
"TTGTAGGAGTTTAGGA","SRA526435","SRS1915196","Mus musculus","10x chromium","Cortex, hippocampus and subventricular zone","TTGTAGGAGTTTAGGA",2321,5400,65,0.012037037037037,"Unknown"
"TTGTAGGCAAGGTGTG","SRA526435","SRS1915196","Mus musculus","10x chromium","Cortex, hippocampus and subventricular zone","TTGTAGGCAAGGTGTG",2375,5102,60,0.0117600940807526,"Unknown"
"TTGTAGGCAAGGTTTC","SRA526435","SRS1915196","Mus musculus","10x chromium","Cortex, hippocampus and subventricular zone","TTGTAGGCAAGGTTTC",1832,3576,47,0.0131431767337808,"Unknown"
"TTGTAGGCACCAGGCT","SRA526435","SRS1915196","Mus musculus","10x chromium","Cortex, hippocampus and subventricular zone","TTGTAGGCACCAGGCT",1912,3398,39,0.0114773396115362,"Unknown"
"TTGTAGGCACCTTGTC","SRA526435","SRS1915196","Mus musculus","10x chromium","Cortex, hippocampus and subventricular zone","TTGTAGGCACCTTGTC",1714,3302,65,0.0196850393700787,"Unknown"
"TTGTAGGCAGATGAGC","SRA526435","SRS1915196","Mus musculus","10x chromium","Cortex, hippocampus and subventricular zone","TTGTAGGCAGATGAGC",1957,3828,53,0.0138453500522466,"Unknown"
"TTGTAGGCAGCTGGCT","SRA526435","SRS1915196","Mus musculus","10x chromium","Cortex, hippocampus and subventricular zone","TTGTAGGCAGCTGGCT",2579,6056,101,0.0166776750330251,"Unknown"
"TTGTAGGCAGGAACGT","SRA526435","SRS1915196","Mus musculus","10x chromium","Cortex, hippocampus and subventricular zone","TTGTAGGCAGGAACGT",3850,9768,57,0.00583538083538084,"Unknown"
"TTGTAGGCAGGGAGAG","SRA526435","SRS1915196","Mus musculus","10x chromium","Cortex, hippocampus and subventricular zone","TTGTAGGCAGGGAGAG",963,1502,70,0.0466045272969374,"Unknown"
"TTGTAGGCATGTTGAC","SRA526435","SRS1915196","Mus musculus","10x chromium","Cortex, hippocampus and subventricular zone","TTGTAGGCATGTTGAC",1998,3809,78,0.0204778156996587,"Unknown"
"TTGTAGGGTAGGGACT","SRA526435","SRS1915196","Mus musculus","10x chromium","Cortex, hippocampus and subventricular zone","TTGTAGGGTAGGGACT",2407,5657,31,0.00547993636202934,"Unknown"
"TTGTAGGGTATATCCG","SRA526435","SRS1915196","Mus musculus","10x chromium","Cortex, hippocampus and subventricular zone","TTGTAGGGTATATCCG",2252,4777,57,0.0119321750052334,"Unknown"
"TTGTAGGGTCGGATCC","SRA526435","SRS1915196","Mus musculus","10x chromium","Cortex, hippocampus and subventricular zone","TTGTAGGGTCGGATCC",2733,5870,39,0.00664395229982964,"Unknown"
"TTGTAGGGTCTCTTTA","SRA526435","SRS1915196","Mus musculus","10x chromium","Cortex, hippocampus and subventricular zone","TTGTAGGGTCTCTTTA",1208,1967,44,0.0223690899847483,"Unknown"
"TTGTAGGTCAAACGGG","SRA526435","SRS1915196","Mus musculus","10x chromium","Cortex, hippocampus and subventricular zone","TTGTAGGTCAAACGGG",1643,3115,58,0.0186195826645265,"Unknown"
"TTGTAGGTCAAGAAGT","SRA526435","SRS1915196","Mus musculus","10x chromium","Cortex, hippocampus and subventricular zone","TTGTAGGTCAAGAAGT",2683,6693,69,0.0103092783505155,"Unknown"
"TTGTAGGTCCCATTAT","SRA526435","SRS1915196","Mus musculus","10x chromium","Cortex, hippocampus and subventricular zone","TTGTAGGTCCCATTAT",2177,4651,43,0.00924532358632552,"Unknown"
"TTGTAGGTCCGCGTTT","SRA526435","SRS1915196","Mus musculus","10x chromium","Cortex, hippocampus and subventricular zone","TTGTAGGTCCGCGTTT",2839,7776,92,0.0118312757201646,"Unknown"
"TTGTAGGTCTAACCGA","SRA526435","SRS1915196","Mus musculus","10x chromium","Cortex, hippocampus and subventricular zone","TTGTAGGTCTAACCGA",1690,2916,68,0.0233196159122085,"Unknown"
"TTTACTGAGAAACGCC","SRA526435","SRS1915196","Mus musculus","10x chromium","Cortex, hippocampus and subventricular zone","TTTACTGAGAAACGCC",1160,2140,28,0.0130841121495327,"Unknown"
"TTTACTGAGATCCTGT","SRA526435","SRS1915196","Mus musculus","10x chromium","Cortex, hippocampus and subventricular zone","TTTACTGAGATCCTGT",1551,2811,38,0.0135183208822483,"Unknown"
"TTTACTGAGATCGATA","SRA526435","SRS1915196","Mus musculus","10x chromium","Cortex, hippocampus and subventricular zone","TTTACTGAGATCGATA",2615,6409,80,0.0124824465595257,"Unknown"
"TTTACTGAGATCTGCT","SRA526435","SRS1915196","Mus musculus","10x chromium","Cortex, hippocampus and subventricular zone","TTTACTGAGATCTGCT",1257,1986,48,0.0241691842900302,"Unknown"
"TTTACTGAGATGTCGG","SRA526435","SRS1915196","Mus musculus","10x chromium","Cortex, hippocampus and subventricular zone","TTTACTGAGATGTCGG",2011,4184,66,0.015774378585086,"Unknown"
"TTTACTGAGCAATATG","SRA526435","SRS1915196","Mus musculus","10x chromium","Cortex, hippocampus and subventricular zone","TTTACTGAGCAATATG",2333,4987,49,0.0098255464206938,"Unknown"
"TTTACTGAGCTGTTCA","SRA526435","SRS1915196","Mus musculus","10x chromium","Cortex, hippocampus and subventricular zone","TTTACTGAGCTGTTCA",2923,7184,77,0.0107182628062361,"Unknown"
"TTTACTGAGTAGGCCA","SRA526435","SRS1915196","Mus musculus","10x chromium","Cortex, hippocampus and subventricular zone","TTTACTGAGTAGGCCA",1955,4113,37,0.00899586676391928,"Unknown"
"TTTACTGAGTAGTGCG","SRA526435","SRS1915196","Mus musculus","10x chromium","Cortex, hippocampus and subventricular zone","TTTACTGAGTAGTGCG",2499,6221,106,0.017039061244173,"Unknown"
"TTTACTGAGTCCAGGA","SRA526435","SRS1915196","Mus musculus","10x chromium","Cortex, hippocampus and subventricular zone","TTTACTGAGTCCAGGA",2167,4588,89,0.0193984306887533,"Unknown"
"TTTACTGCAAACGCGA","SRA526435","SRS1915196","Mus musculus","10x chromium","Cortex, hippocampus and subventricular zone","TTTACTGCAAACGCGA",2197,4645,66,0.0142088266953714,"Unknown"
"TTTACTGCACAAGCCC","SRA526435","SRS1915196","Mus musculus","10x chromium","Cortex, hippocampus and subventricular zone","TTTACTGCACAAGCCC",1846,3398,49,0.0144202472042378,"Unknown"
"TTTACTGCACAGACTT","SRA526435","SRS1915196","Mus musculus","10x chromium","Cortex, hippocampus and subventricular zone","TTTACTGCACAGACTT",2567,5844,71,0.0121492128678987,"Unknown"
"TTTACTGCACGCGAAA","SRA526435","SRS1915196","Mus musculus","10x chromium","Cortex, hippocampus and subventricular zone","TTTACTGCACGCGAAA",1435,2264,24,0.0106007067137809,"Unknown"
"TTTACTGCACGGTAGA","SRA526435","SRS1915196","Mus musculus","10x chromium","Cortex, hippocampus and subventricular zone","TTTACTGCACGGTAGA",3775,9407,39,0.00414584883597321,"Unknown"
"TTTACTGCACTTGGAT","SRA526435","SRS1915196","Mus musculus","10x chromium","Cortex, hippocampus and subventricular zone","TTTACTGCACTTGGAT",2143,4261,69,0.0161933818352499,"Unknown"
"TTTACTGCAGATGGCA","SRA526435","SRS1915196","Mus musculus","10x chromium","Cortex, hippocampus and subventricular zone","TTTACTGCAGATGGCA",1837,3604,49,0.0135960044395117,"Unknown"
"TTTACTGCAGGTGCCT","SRA526435","SRS1915196","Mus musculus","10x chromium","Cortex, hippocampus and subventricular zone","TTTACTGCAGGTGCCT",1572,2657,33,0.0124200225818592,"Unknown"
"TTTACTGCATGTCCTC","SRA526435","SRS1915196","Mus musculus","10x chromium","Cortex, hippocampus and subventricular zone","TTTACTGCATGTCCTC",1460,2482,38,0.0153102336825141,"Unknown"
"TTTACTGCATTTCAGG","SRA526435","SRS1915196","Mus musculus","10x chromium","Cortex, hippocampus and subventricular zone","TTTACTGCATTTCAGG",2009,3918,43,0.0109749872383869,"Unknown"
"TTTACTGGTCGCTTCT","SRA526435","SRS1915196","Mus musculus","10x chromium","Cortex, hippocampus and subventricular zone","TTTACTGGTCGCTTCT",740,1073,68,0.0633737185461323,"Unknown"
"TTTACTGGTCTCTCTG","SRA526435","SRS1915196","Mus musculus","10x chromium","Cortex, hippocampus and subventricular zone","TTTACTGGTCTCTCTG",2309,5269,101,0.0191687227177833,"Unknown"
"TTTACTGGTGAGCGAT","SRA526435","SRS1915196","Mus musculus","10x chromium","Cortex, hippocampus and subventricular zone","TTTACTGGTGAGCGAT",1904,3692,22,0.00595882990249187,"Unknown"
"TTTACTGGTTAAGACA","SRA526435","SRS1915196","Mus musculus","10x chromium","Cortex, hippocampus and subventricular zone","TTTACTGGTTAAGACA",3646,10195,25,0.00245218244237371,"Unknown"
"TTTACTGGTTGCTCCT","SRA526435","SRS1915196","Mus musculus","10x chromium","Cortex, hippocampus and subventricular zone","TTTACTGGTTGCTCCT",1133,1627,9,0.00553165334972342,"Unknown"
"TTTACTGTCACGAAGG","SRA526435","SRS1915196","Mus musculus","10x chromium","Cortex, hippocampus and subventricular zone","TTTACTGTCACGAAGG",2638,5619,56,0.00996618615411995,"Unknown"
"TTTACTGTCAGTTCGA","SRA526435","SRS1915196","Mus musculus","10x chromium","Cortex, hippocampus and subventricular zone","TTTACTGTCAGTTCGA",1713,3205,41,0.012792511700468,"Unknown"
"TTTACTGTCCAAGCCG","SRA526435","SRS1915196","Mus musculus","10x chromium","Cortex, hippocampus and subventricular zone","TTTACTGTCCAAGCCG",1340,2219,61,0.0274898602974313,"Unknown"
"TTTACTGTCTACTTAC","SRA526435","SRS1915196","Mus musculus","10x chromium","Cortex, hippocampus and subventricular zone","TTTACTGTCTACTTAC",1455,2549,23,0.00902314633189486,"Unknown"
"TTTACTGTCTGTCTAT","SRA526435","SRS1915196","Mus musculus","10x chromium","Cortex, hippocampus and subventricular zone","TTTACTGTCTGTCTAT",2807,6855,66,0.00962800875273523,"Unknown"
"TTTATGCAGATCTGCT","SRA526435","SRS1915196","Mus musculus","10x chromium","Cortex, hippocampus and subventricular zone","TTTATGCAGATCTGCT",3310,8407,59,0.00701796122279053,"Unknown"
"TTTATGCAGCAGGTCA","SRA526435","SRS1915196","Mus musculus","10x chromium","Cortex, hippocampus and subventricular zone","TTTATGCAGCAGGTCA",3549,9727,102,0.0104862753161304,"Unknown"
"TTTATGCAGTTAGGTA","SRA526435","SRS1915196","Mus musculus","10x chromium","Cortex, hippocampus and subventricular zone","TTTATGCAGTTAGGTA",757,1325,66,0.049811320754717,"Unknown"
"TTTATGCCAATCTGCA","SRA526435","SRS1915196","Mus musculus","10x chromium","Cortex, hippocampus and subventricular zone","TTTATGCCAATCTGCA",2949,7184,83,0.0115534521158129,"Unknown"
"TTTATGCCAATGTTGC","SRA526435","SRS1915196","Mus musculus","10x chromium","Cortex, hippocampus and subventricular zone","TTTATGCCAATGTTGC",2361,5004,48,0.00959232613908873,"Unknown"
"TTTATGCCACAAGTAA","SRA526435","SRS1915196","Mus musculus","10x chromium","Cortex, hippocampus and subventricular zone","TTTATGCCACAAGTAA",6126,26183,254,0.00970095099873964,"Endothelial cells"
"TTTATGCCACGCATCG","SRA526435","SRS1915196","Mus musculus","10x chromium","Cortex, hippocampus and subventricular zone","TTTATGCCACGCATCG",1888,3580,37,0.0103351955307263,"Unknown"
"TTTATGCCAGCGTTCG","SRA526435","SRS1915196","Mus musculus","10x chromium","Cortex, hippocampus and subventricular zone","TTTATGCCAGCGTTCG",2458,5198,43,0.0082724124663332,"Unknown"
"TTTATGCCATTCCTCG","SRA526435","SRS1915196","Mus musculus","10x chromium","Cortex, hippocampus and subventricular zone","TTTATGCCATTCCTCG",2216,4992,58,0.0116185897435897,"Unknown"
"TTTATGCGTATCTGCA","SRA526435","SRS1915196","Mus musculus","10x chromium","Cortex, hippocampus and subventricular zone","TTTATGCGTATCTGCA",1808,3528,67,0.0189909297052154,"Unknown"
"TTTATGCGTCTGATCA","SRA526435","SRS1915196","Mus musculus","10x chromium","Cortex, hippocampus and subventricular zone","TTTATGCGTCTGATCA",1661,3332,29,0.00870348139255702,"Unknown"
"TTTATGCGTCTTGTCC","SRA526435","SRS1915196","Mus musculus","10x chromium","Cortex, hippocampus and subventricular zone","TTTATGCGTCTTGTCC",2892,6508,35,0.0053779963122311,"Unknown"
"TTTATGCGTTCAGTAC","SRA526435","SRS1915196","Mus musculus","10x chromium","Cortex, hippocampus and subventricular zone","TTTATGCGTTCAGTAC",2333,4997,63,0.0126075645387232,"Unknown"
"TTTATGCGTTTACTCT","SRA526435","SRS1915196","Mus musculus","10x chromium","Cortex, hippocampus and subventricular zone","TTTATGCGTTTACTCT",4434,14189,123,0.00866868701106491,"Unknown"
"TTTATGCTCACAGTAC","SRA526435","SRS1915196","Mus musculus","10x chromium","Cortex, hippocampus and subventricular zone","TTTATGCTCACAGTAC",1544,2599,56,0.021546748749519,"Unknown"
"TTTATGCTCACTCCTG","SRA526435","SRS1915196","Mus musculus","10x chromium","Cortex, hippocampus and subventricular zone","TTTATGCTCACTCCTG",990,1647,28,0.0170006071645416,"Unknown"
"TTTATGCTCATGTAGC","SRA526435","SRS1915196","Mus musculus","10x chromium","Cortex, hippocampus and subventricular zone","TTTATGCTCATGTAGC",2039,4454,44,0.00987876066457117,"Unknown"
"TTTATGCTCCCATTAT","SRA526435","SRS1915196","Mus musculus","10x chromium","Cortex, hippocampus and subventricular zone","TTTATGCTCCCATTAT",1525,2981,39,0.0130828581013083,"Unknown"
"TTTATGCTCCTCCTAG","SRA526435","SRS1915196","Mus musculus","10x chromium","Cortex, hippocampus and subventricular zone","TTTATGCTCCTCCTAG",1807,3284,42,0.01278928136419,"Unknown"
"TTTATGCTCGTATCAG","SRA526435","SRS1915196","Mus musculus","10x chromium","Cortex, hippocampus and subventricular zone","TTTATGCTCGTATCAG",2096,4168,49,0.0117562380038388,"Unknown"
"TTTATGCTCGTCTGCT","SRA526435","SRS1915196","Mus musculus","10x chromium","Cortex, hippocampus and subventricular zone","TTTATGCTCGTCTGCT",72,1045,0,0,"Erythroid-like and erythroid precursor cells"
"TTTCCTCAGCACCGTC","SRA526435","SRS1915196","Mus musculus","10x chromium","Cortex, hippocampus and subventricular zone","TTTCCTCAGCACCGTC",1048,1664,67,0.0402644230769231,"Cajal-Retzius cells"
"TTTCCTCAGCCATCGC","SRA526435","SRS1915196","Mus musculus","10x chromium","Cortex, hippocampus and subventricular zone","TTTCCTCAGCCATCGC",2210,4538,46,0.0101366240634641,"Unknown"
"TTTCCTCAGTACGCCC","SRA526435","SRS1915196","Mus musculus","10x chromium","Cortex, hippocampus and subventricular zone","TTTCCTCAGTACGCCC",1129,1809,14,0.00773908236594804,"Unknown"
"TTTCCTCAGTGTGAAT","SRA526435","SRS1915196","Mus musculus","10x chromium","Cortex, hippocampus and subventricular zone","TTTCCTCAGTGTGAAT",1755,3393,52,0.0153256704980843,"Unknown"
"TTTCCTCAGTTGCAGG","SRA526435","SRS1915196","Mus musculus","10x chromium","Cortex, hippocampus and subventricular zone","TTTCCTCAGTTGCAGG",2594,5802,44,0.00758359186487418,"Unknown"
"TTTCCTCCACATAACC","SRA526435","SRS1915196","Mus musculus","10x chromium","Cortex, hippocampus and subventricular zone","TTTCCTCCACATAACC",1867,3459,46,0.0132986412257878,"Unknown"
"TTTCCTCCACTTGGAT","SRA526435","SRS1915196","Mus musculus","10x chromium","Cortex, hippocampus and subventricular zone","TTTCCTCCACTTGGAT",2116,4379,46,0.0105046814341174,"Unknown"
"TTTCCTCCAGCGTCCA","SRA526435","SRS1915196","Mus musculus","10x chromium","Cortex, hippocampus and subventricular zone","TTTCCTCCAGCGTCCA",2175,4288,46,0.0107276119402985,"Unknown"
"TTTCCTCCAGCTGCTG","SRA526435","SRS1915196","Mus musculus","10x chromium","Cortex, hippocampus and subventricular zone","TTTCCTCCAGCTGCTG",2383,4745,57,0.0120126448893572,"Unknown"
"TTTCCTCCATCGGGTC","SRA526435","SRS1915196","Mus musculus","10x chromium","Cortex, hippocampus and subventricular zone","TTTCCTCCATCGGGTC",2474,5212,59,0.0113200306983883,"Unknown"
"TTTCCTCGTAAACGCG","SRA526435","SRS1915196","Mus musculus","10x chromium","Cortex, hippocampus and subventricular zone","TTTCCTCGTAAACGCG",2487,5296,41,0.0077416918429003,"Unknown"
"TTTCCTCGTAAGTAGT","SRA526435","SRS1915196","Mus musculus","10x chromium","Cortex, hippocampus and subventricular zone","TTTCCTCGTAAGTAGT",2614,5852,24,0.00410116199589884,"Unknown"
"TTTCCTCGTTACGCGC","SRA526435","SRS1915196","Mus musculus","10x chromium","Cortex, hippocampus and subventricular zone","TTTCCTCGTTACGCGC",2343,5028,44,0.00875099443118536,"Unknown"
"TTTCCTCTCGCTAGCG","SRA526435","SRS1915196","Mus musculus","10x chromium","Cortex, hippocampus and subventricular zone","TTTCCTCTCGCTAGCG",1419,2454,40,0.0162999185004075,"Unknown"
"TTTCCTCTCGGACAAG","SRA526435","SRS1915196","Mus musculus","10x chromium","Cortex, hippocampus and subventricular zone","TTTCCTCTCGGACAAG",2722,6532,94,0.0143906919779547,"Unknown"
"TTTCCTCTCGTCCAGG","SRA526435","SRS1915196","Mus musculus","10x chromium","Cortex, hippocampus and subventricular zone","TTTCCTCTCGTCCAGG",2401,5002,44,0.00879648140743703,"Unknown"
"TTTCCTCTCTCGTTTA","SRA526435","SRS1915196","Mus musculus","10x chromium","Cortex, hippocampus and subventricular zone","TTTCCTCTCTCGTTTA",2181,4593,30,0.00653167864141084,"Unknown"
"TTTCCTCTCTTTCCTC","SRA526435","SRS1915196","Mus musculus","10x chromium","Cortex, hippocampus and subventricular zone","TTTCCTCTCTTTCCTC",789,1119,13,0.0116175156389634,"Unknown"
"TTTGCGCAGCTGCAAG","SRA526435","SRS1915196","Mus musculus","10x chromium","Cortex, hippocampus and subventricular zone","TTTGCGCAGCTGCAAG",1758,3529,57,0.0161518843865118,"Unknown"
"TTTGCGCAGGATATAC","SRA526435","SRS1915196","Mus musculus","10x chromium","Cortex, hippocampus and subventricular zone","TTTGCGCAGGATATAC",2353,5038,42,0.00833664152441445,"Unknown"
"TTTGCGCAGTTAGCGG","SRA526435","SRS1915196","Mus musculus","10x chromium","Cortex, hippocampus and subventricular zone","TTTGCGCAGTTAGCGG",2103,4248,42,0.00988700564971751,"Unknown"
"TTTGCGCAGTTCGCGC","SRA526435","SRS1915196","Mus musculus","10x chromium","Cortex, hippocampus and subventricular zone","TTTGCGCAGTTCGCGC",1714,3406,53,0.0155607751027598,"Unknown"
"TTTGCGCCAGAGCCAA","SRA526435","SRS1915196","Mus musculus","10x chromium","Cortex, hippocampus and subventricular zone","TTTGCGCCAGAGCCAA",844,1567,19,0.0121250797702616,"Unknown"
"TTTGCGCGTAGCGCTC","SRA526435","SRS1915196","Mus musculus","10x chromium","Cortex, hippocampus and subventricular zone","TTTGCGCGTAGCGCTC",2319,4629,58,0.0125297040397494,"Unknown"
"TTTGCGCGTCAGAATA","SRA526435","SRS1915196","Mus musculus","10x chromium","Cortex, hippocampus and subventricular zone","TTTGCGCGTCAGAATA",1338,2131,36,0.016893477240732,"Pericytes"
"TTTGCGCGTCTCCATC","SRA526435","SRS1915196","Mus musculus","10x chromium","Cortex, hippocampus and subventricular zone","TTTGCGCGTCTCCATC",864,1332,5,0.00375375375375375,"Unknown"
"TTTGCGCGTCTTCGTC","SRA526435","SRS1915196","Mus musculus","10x chromium","Cortex, hippocampus and subventricular zone","TTTGCGCGTCTTCGTC",1504,2806,37,0.0131860299358517,"Unknown"
"TTTGCGCGTTGATTGC","SRA526435","SRS1915196","Mus musculus","10x chromium","Cortex, hippocampus and subventricular zone","TTTGCGCGTTGATTGC",2804,6058,27,0.00445691647408386,"Unknown"
"TTTGCGCTCCAGTAGT","SRA526435","SRS1915196","Mus musculus","10x chromium","Cortex, hippocampus and subventricular zone","TTTGCGCTCCAGTAGT",2511,5488,46,0.00838192419825073,"Unknown"
"TTTGCGCTCTTGGGTA","SRA526435","SRS1915196","Mus musculus","10x chromium","Cortex, hippocampus and subventricular zone","TTTGCGCTCTTGGGTA",1672,3113,75,0.024092515258593,"Unknown"
"TTTGGTTAGAACTCGG","SRA526435","SRS1915196","Mus musculus","10x chromium","Cortex, hippocampus and subventricular zone","TTTGGTTAGAACTCGG",2628,5411,51,0.00942524487155794,"Unknown"
"TTTGGTTAGAAGATTC","SRA526435","SRS1915196","Mus musculus","10x chromium","Cortex, hippocampus and subventricular zone","TTTGGTTAGAAGATTC",1914,3708,44,0.011866235167206,"Unknown"
"TTTGGTTAGACTGGGT","SRA526435","SRS1915196","Mus musculus","10x chromium","Cortex, hippocampus and subventricular zone","TTTGGTTAGACTGGGT",2816,7102,115,0.016192621796677,"Unknown"
"TTTGGTTAGCAATATG","SRA526435","SRS1915196","Mus musculus","10x chromium","Cortex, hippocampus and subventricular zone","TTTGGTTAGCAATATG",1164,1926,49,0.0254413291796469,"Unknown"
"TTTGGTTAGCGTCTAT","SRA526435","SRS1915196","Mus musculus","10x chromium","Cortex, hippocampus and subventricular zone","TTTGGTTAGCGTCTAT",814,1205,32,0.0265560165975104,"Unknown"
"TTTGGTTAGCTAGGCA","SRA526435","SRS1915196","Mus musculus","10x chromium","Cortex, hippocampus and subventricular zone","TTTGGTTAGCTAGGCA",1327,2329,38,0.0163160154572778,"Unknown"
"TTTGGTTAGGCTATCT","SRA526435","SRS1915196","Mus musculus","10x chromium","Cortex, hippocampus and subventricular zone","TTTGGTTAGGCTATCT",996,1477,28,0.018957345971564,"Unknown"
"TTTGGTTCAAGTAATG","SRA526435","SRS1915196","Mus musculus","10x chromium","Cortex, hippocampus and subventricular zone","TTTGGTTCAAGTAATG",3738,9702,200,0.020614306328592,"Endothelial cells"
"TTTGGTTCACCCAGTG","SRA526435","SRS1915196","Mus musculus","10x chromium","Cortex, hippocampus and subventricular zone","TTTGGTTCACCCAGTG",1037,1560,77,0.0493589743589744,"Unknown"
"TTTGGTTCATAGGATA","SRA526435","SRS1915196","Mus musculus","10x chromium","Cortex, hippocampus and subventricular zone","TTTGGTTCATAGGATA",3053,7973,116,0.0145491032233789,"Unknown"
"TTTGGTTCATGCGCAC","SRA526435","SRS1915196","Mus musculus","10x chromium","Cortex, hippocampus and subventricular zone","TTTGGTTCATGCGCAC",1107,1697,26,0.0153211549793754,"Unknown"
"TTTGGTTGTAGCGCTC","SRA526435","SRS1915196","Mus musculus","10x chromium","Cortex, hippocampus and subventricular zone","TTTGGTTGTAGCGCTC",2424,4942,56,0.0113314447592068,"Unknown"
"TTTGGTTGTAGCGTGA","SRA526435","SRS1915196","Mus musculus","10x chromium","Cortex, hippocampus and subventricular zone","TTTGGTTGTAGCGTGA",2197,4545,70,0.0154015401540154,"Unknown"
"TTTGGTTGTCACTGGC","SRA526435","SRS1915196","Mus musculus","10x chromium","Cortex, hippocampus and subventricular zone","TTTGGTTGTCACTGGC",1651,2877,65,0.0225929787973584,"Unknown"
"TTTGGTTGTTAGAACA","SRA526435","SRS1915196","Mus musculus","10x chromium","Cortex, hippocampus and subventricular zone","TTTGGTTGTTAGAACA",1860,3468,75,0.0216262975778547,"Pericytes"
"TTTGGTTGTTCGTGAT","SRA526435","SRS1915196","Mus musculus","10x chromium","Cortex, hippocampus and subventricular zone","TTTGGTTGTTCGTGAT",1952,3271,39,0.0119229593396515,"Unknown"
"TTTGGTTTCACGACTA","SRA526435","SRS1915196","Mus musculus","10x chromium","Cortex, hippocampus and subventricular zone","TTTGGTTTCACGACTA",2163,4535,51,0.0112458654906284,"Unknown"
"TTTGGTTTCCTAGAAC","SRA526435","SRS1915196","Mus musculus","10x chromium","Cortex, hippocampus and subventricular zone","TTTGGTTTCCTAGAAC",2036,4048,45,0.0111166007905138,"Unknown"
"TTTGGTTTCGCAGGCT","SRA526435","SRS1915196","Mus musculus","10x chromium","Cortex, hippocampus and subventricular zone","TTTGGTTTCGCAGGCT",1808,3766,40,0.0106213489113117,"Unknown"
"TTTGGTTTCGTAGATC","SRA526435","SRS1915196","Mus musculus","10x chromium","Cortex, hippocampus and subventricular zone","TTTGGTTTCGTAGATC",2338,4842,61,0.0125980999586948,"Unknown"
"TTTGGTTTCGTGGGAA","SRA526435","SRS1915196","Mus musculus","10x chromium","Cortex, hippocampus and subventricular zone","TTTGGTTTCGTGGGAA",1600,2800,35,0.0125,"Unknown"
"TTTGGTTTCTCTGTCG","SRA526435","SRS1915196","Mus musculus","10x chromium","Cortex, hippocampus and subventricular zone","TTTGGTTTCTCTGTCG",3391,8503,61,0.00717393860990239,"Unknown"
"TTTGGTTTCTGCGACG","SRA526435","SRS1915196","Mus musculus","10x chromium","Cortex, hippocampus and subventricular zone","TTTGGTTTCTGCGACG",2849,6867,90,0.0131061598951507,"Unknown"
"TTTGGTTTCTGCTGTC","SRA526435","SRS1915196","Mus musculus","10x chromium","Cortex, hippocampus and subventricular zone","TTTGGTTTCTGCTGTC",154,1911,10,0.00523286237571952,"Erythroid-like and erythroid precursor cells"
"TTTGGTTTCTTAGCCC","SRA526435","SRS1915196","Mus musculus","10x chromium","Cortex, hippocampus and subventricular zone","TTTGGTTTCTTAGCCC",2607,5800,64,0.0110344827586207,"Unknown"
"TTTGTCAAGAACTGTA","SRA526435","SRS1915196","Mus musculus","10x chromium","Cortex, hippocampus and subventricular zone","TTTGTCAAGAACTGTA",3132,8028,66,0.00822122571001495,"Unknown"
"TTTGTCAAGAAGATTC","SRA526435","SRS1915196","Mus musculus","10x chromium","Cortex, hippocampus and subventricular zone","TTTGTCAAGAAGATTC",997,1563,64,0.0409468969929623,"Unknown"
"TTTGTCAAGATGCCTT","SRA526435","SRS1915196","Mus musculus","10x chromium","Cortex, hippocampus and subventricular zone","TTTGTCAAGATGCCTT",2254,4523,67,0.0148131770948486,"Unknown"
"TTTGTCAAGCGACGTA","SRA526435","SRS1915196","Mus musculus","10x chromium","Cortex, hippocampus and subventricular zone","TTTGTCAAGCGACGTA",1285,2012,36,0.0178926441351889,"Unknown"
"TTTGTCAAGGCTCTTA","SRA526435","SRS1915196","Mus musculus","10x chromium","Cortex, hippocampus and subventricular zone","TTTGTCAAGGCTCTTA",1893,3652,34,0.00930996714129244,"Unknown"
"TTTGTCAAGTGGGCTA","SRA526435","SRS1915196","Mus musculus","10x chromium","Cortex, hippocampus and subventricular zone","TTTGTCAAGTGGGCTA",2272,4656,28,0.00601374570446735,"Unknown"
"TTTGTCACAAAGTGCG","SRA526435","SRS1915196","Mus musculus","10x chromium","Cortex, hippocampus and subventricular zone","TTTGTCACAAAGTGCG",2069,4264,65,0.0152439024390244,"Unknown"
"TTTGTCACAATCGGTT","SRA526435","SRS1915196","Mus musculus","10x chromium","Cortex, hippocampus and subventricular zone","TTTGTCACAATCGGTT",2276,4465,41,0.00918253079507279,"Unknown"
"TTTGTCACACACCGAC","SRA526435","SRS1915196","Mus musculus","10x chromium","Cortex, hippocampus and subventricular zone","TTTGTCACACACCGAC",2028,3223,27,0.00837728824076947,"Oligodendrocyte progenitor cells"
"TTTGTCACACCAGGTC","SRA526435","SRS1915196","Mus musculus","10x chromium","Cortex, hippocampus and subventricular zone","TTTGTCACACCAGGTC",2638,6203,71,0.0114460744800903,"Unknown"
"TTTGTCACACCGAAAG","SRA526435","SRS1915196","Mus musculus","10x chromium","Cortex, hippocampus and subventricular zone","TTTGTCACACCGAAAG",2184,4309,23,0.0053376653515897,"Unknown"
"TTTGTCACACTCGACG","SRA526435","SRS1915196","Mus musculus","10x chromium","Cortex, hippocampus and subventricular zone","TTTGTCACACTCGACG",1807,3376,38,0.0112559241706161,"Unknown"
"TTTGTCAGTAGCGATG","SRA526435","SRS1915196","Mus musculus","10x chromium","Cortex, hippocampus and subventricular zone","TTTGTCAGTAGCGATG",2667,6021,65,0.0107955489121408,"Unknown"
"TTTGTCAGTAGGGTAC","SRA526435","SRS1915196","Mus musculus","10x chromium","Cortex, hippocampus and subventricular zone","TTTGTCAGTAGGGTAC",2646,6076,83,0.0136603028308097,"Unknown"
"TTTGTCAGTATATGAG","SRA526435","SRS1915196","Mus musculus","10x chromium","Cortex, hippocampus and subventricular zone","TTTGTCAGTATATGAG",1913,3722,50,0.0134336378291241,"Unknown"
"TTTGTCAGTCGAAAGC","SRA526435","SRS1915196","Mus musculus","10x chromium","Cortex, hippocampus and subventricular zone","TTTGTCAGTCGAAAGC",1845,3060,76,0.0248366013071895,"Unknown"
"TTTGTCAGTCTAGAGG","SRA526435","SRS1915196","Mus musculus","10x chromium","Cortex, hippocampus and subventricular zone","TTTGTCAGTCTAGAGG",2612,5995,80,0.0133444537114262,"Unknown"
"TTTGTCAGTGCCTTGG","SRA526435","SRS1915196","Mus musculus","10x chromium","Cortex, hippocampus and subventricular zone","TTTGTCAGTGCCTTGG",4237,11709,91,0.00777179947049278,"Unknown"
"TTTGTCAGTGGCTCCA","SRA526435","SRS1915196","Mus musculus","10x chromium","Cortex, hippocampus and subventricular zone","TTTGTCAGTGGCTCCA",1416,2789,104,0.0372893510218716,"Unknown"
"TTTGTCAGTTCCTCCA","SRA526435","SRS1915196","Mus musculus","10x chromium","Cortex, hippocampus and subventricular zone","TTTGTCAGTTCCTCCA",2816,5764,43,0.00746009715475364,"Unknown"
"TTTGTCATCCAAAGTC","SRA526435","SRS1915196","Mus musculus","10x chromium","Cortex, hippocampus and subventricular zone","TTTGTCATCCAAAGTC",3081,7696,145,0.0188409563409563,"Unknown"
"TTTGTCATCGACAGCC","SRA526435","SRS1915196","Mus musculus","10x chromium","Cortex, hippocampus and subventricular zone","TTTGTCATCGACAGCC",499,1007,8,0.00794438927507448,"Unknown"
"TTTGTCATCTATCCCG","SRA526435","SRS1915196","Mus musculus","10x chromium","Cortex, hippocampus and subventricular zone","TTTGTCATCTATCCCG",3622,10314,117,0.0113438045375218,"Unknown"
"TTTGTCATCTTTAGTC","SRA526435","SRS1915196","Mus musculus","10x chromium","Cortex, hippocampus and subventricular zone","TTTGTCATCTTTAGTC",2839,7394,126,0.0170408439275088,"Unknown"
